5 0.616839 0.657583 0.158309 0.241634 0.926567
5 0.562113 0.907471 0.21473 0.178662 0.885491
5 0.225752 0.311531 0.0728294 0.15379 0.85416
5 0.238188 0.213195 0.0625141 0.11672 0.75364
2 0.114536 0.0727897 0.0383076 0.0496277 0.659276
5 0.0532483 0.408828 0.106497 0.169091 0.359377
2 0.269207 0.572062 0.0344277 0.0830892 0.344801
0 0.061958 0.516586 0.013916 0.04832 0.327172
0 0.932119 0.933927 0.0130884 0.0795078 0.316605
0 0.0957894 0.509107 0.0113015 0.0588723 0.312969
0 0.114092 0.518605 0.012788 0.0481181 0.30316
0 0.0937863 0.89379 0.0227813 0.0559798 0.272503
0 0.0186029 0.567665 0.0150132 0.0697682 0.270948
0 0.117235 0.446056 0.0112379 0.0503348 0.256617
