2 0.326081 0.336475 0.0536477 0.0885134 0.823861
2 0.196341 0.271221 0.0404333 0.0589558 0.800516
2 0.126728 0.0536779 0.0376905 0.0535327 0.70864
2 0.498391 0.546348 0.0520817 0.0747767 0.67103
62 0.492538 0.131891 0.11824 0.138354 0.606356
2 0.114624 0.220248 0.0410599 0.0655243 0.565066
2 0.814262 0.411695 0.0586185 0.0708905 0.54801
9 0.287857 0.797912 0.031856 0.0536889 0.538597
9 0.15575 0.915657 0.00935435 0.040331 0.439752
2 0.283059 0.986295 0.0384871 0.0263207 0.3918
9 0.143312 0.269863 0.0122483 0.0197227 0.343716
5 0.762196 0.267268 0.104358 0.12761 0.269704
5 0.461649 0.941454 0.151733 0.114585 0.253884
