5 0.147917 0.0932777 0.0733571 0.118265 0.832853
5 0.21668 0.184969 0.0831548 0.12732 0.801144
2 0.225498 0.464322 0.0490708 0.0682159 0.794903
2 0.268375 0.26121 0.0441157 0.0676997 0.777756
2 0.311759 0.249064 0.0429205 0.0639935 0.773929
0 0.961211 0.617341 0.0161892 0.0554153 0.659744
0 0.792416 0.664545 0.0130902 0.0584652 0.581693
0 0.749264 0.716234 0.0133067 0.0637332 0.52565
0 0.787445 0.737477 0.0146404 0.0719442 0.469463
0 0.947053 0.879775 0.0150608 0.069685 0.452917
0 0.11944 0.498475 0.0161635 0.0584032 0.445926
9 0.0349471 0.201611 0.0139915 0.032777 0.380887
0 0.365045 0.94189 0.0338639 0.0934686 0.324243
0 0.0979736 0.523041 0.0101668 0.0470126 0.253836
