5 0.217573 0.185562 0.083018 0.126452 0.834258
2 0.26782 0.261704 0.0395398 0.0664848 0.772915
0 0.155593 0.502618 0.0135482 0.0562855 0.662036
2 0.801717 0.368457 0.057645 0.0840785 0.613546
0 0.820222 0.695153 0.0182632 0.0766495 0.612081
0 0.734001 0.69431 0.0165136 0.0533023 0.598513
0 0.234119 0.664857 0.0158609 0.0518526 0.575562
0 0.962333 0.631018 0.0168432 0.0610777 0.533022
0 0.0928339 0.501958 0.0137714 0.0469499 0.525894
0 0.881474 0.650788 0.0165371 0.0617425 0.524329
0 0.814767 0.609723 0.0132854 0.0561573 0.492088
0 0.39004 0.580351 0.014546 0.0541339 0.373419
0 0.90577 0.591319 0.0175648 0.0561251 0.351438
0 0.593314 0.732114 0.0176666 0.0657871 0.351399
0 0.310253 0.511511 0.015304 0.0513273 0.34424
2 0.827686 0.400664 0.0207108 0.0540458 0.334713
0 0.00752691 0.488629 0.0147149 0.0727365 0.326335
9 0.0347764 0.201766 0.013841 0.0317792 0.313451
0 0.571616 0.599546 0.0128891 0.0549838 0.292871
0 0.712371 0.825208 0.0159061 0.0622087 0.265718
0 0.507362 0.770067 0.0161224 0.0648751 0.253063
