2 0.258276 0.246469 0.0437328 0.0656632 0.785571
2 0.134242 0.890805 0.0980541 0.104833 0.718578
2 0.291774 0.215967 0.0435308 0.0598295 0.659929
2 0.198715 0.112824 0.0400808 0.0491476 0.609251
2 0.233316 0.341686 0.0415647 0.0602667 0.511976
62 0.492587 0.137104 0.120083 0.142462 0.471838
9 0.287178 0.79783 0.0331579 0.0532138 0.432581
2 0.809242 0.372471 0.0484079 0.0771807 0.413423
2 0.148762 0.180361 0.0372177 0.0396888 0.412082
5 0.771284 0.263428 0.119878 0.136223 0.346822
9 0.148322 0.180357 0.0371564 0.0395088 0.332878
9 0.142277 0.270975 0.0115843 0.0198855 0.266629
