5 0.682727 0.923573 0.270581 0.15091 0.904473
2 0.204508 0.185805 0.0395992 0.0540073 0.804381
2 0.807652 0.373891 0.0555876 0.0627063 0.625503
5 0.767852 0.264189 0.120287 0.133935 0.57337
62 0.492402 0.134061 0.113884 0.116732 0.56242
2 0.934711 0.976437 0.0660103 0.0452908 0.493821
2 0.105919 0.214548 0.0332821 0.0534565 0.472805
9 0.298446 0.808915 0.0152972 0.0334118 0.346048
2 0.205404 0.104032 0.0392604 0.054319 0.340874
9 0.867919 0.432145 0.0106476 0.0271357 0.271561
0 0.319796 0.669354 0.013677 0.0692598 0.251772
