2 0.760875 0.778024 0.084074 0.116726 0.79589
2 0.0338115 0.597272 0.0676188 0.0799744 0.735011
9 0.155975 0.912499 0.00986888 0.0432868 0.480222
9 0.141266 0.251163 0.011481 0.0520027 0.46279
2 0.240192 0.353145 0.0387436 0.0663612 0.457777
9 0.1173 0.268152 0.0147824 0.0325183 0.417199
2 0.272774 0.830456 0.0629485 0.122328 0.402113
9 0.73521 0.611271 0.0150329 0.0432319 0.378723
9 0.625269 0.249273 0.0243414 0.0803362 0.363827
9 0.993216 0.377958 0.0128746 0.10734 0.352657
9 0.58341 0.287939 0.0150961 0.0364644 0.261634
