2 0.820303 0.397629 0.0411913 0.0643089 0.550141
2 0.803551 0.364112 0.0544086 0.0740628 0.523872
0 0.926821 0.644583 0.0149078 0.06009 0.509489
9 0.0349207 0.200619 0.0146718 0.0378431 0.486932
0 0.492274 0.742779 0.0149017 0.0587375 0.486332
0 0.588428 0.664056 0.0149204 0.061861 0.462812
0 0.707965 0.847516 0.0200112 0.0673386 0.455202
0 0.360413 0.941919 0.0407265 0.100779 0.428495
0 0.0302623 0.519026 0.0108269 0.0458564 0.421001
0 0.805716 0.6737 0.0137854 0.0548423 0.415324
0 0.158351 0.449918 0.0117623 0.0517216 0.39591
62 0.491729 0.127503 0.117921 0.138858 0.36518
0 0.869408 0.606829 0.0131859 0.0576448 0.350893
0 0.728184 0.722503 0.0225053 0.0645708 0.345417
0 0.902843 0.595878 0.0127422 0.058269 0.33932
0 0.737423 0.668272 0.0140957 0.0548644 0.320243
0 0.839369 0.638906 0.0156036 0.07828 0.296568
0 0.963014 0.63378 0.0147409 0.051149 0.27274
0 0.172084 0.4436 0.013613 0.0586085 0.265161
0 0.52929 0.503853 0.0120425 0.0501677 0.263995
0 0.752421 0.646392 0.014176 0.0539266 0.263748
0 0.167948 0.487659 0.0144194 0.0448508 0.254693
0 0.296469 0.530963 0.0164407 0.0569516 0.25418
