5 0.290219 0.202806 0.0884801 0.129049 0.884382
2 0.0771756 0.626226 0.0994107 0.0834819 0.88422
2 0.145549 0.658274 0.0815924 0.0797841 0.872616
2 0.613624 0.462194 0.0802366 0.0949406 0.868807
2 0.337091 0.605286 0.0853035 0.0855001 0.858254
5 0.161644 0.113762 0.0775621 0.116243 0.833642
2 0.209719 0.190176 0.0412263 0.0722376 0.81066
2 0.086346 0.771643 0.0562012 0.0978634 0.806561
2 0.782409 0.390487 0.062731 0.0651762 0.80337
5 0.222393 0.126249 0.0753377 0.12073 0.797492
5 0.524825 0.287148 0.106077 0.0768415 0.689018
2 0.0902478 0.0321628 0.0377482 0.0615925 0.38386
0 0.69293 0.599782 0.015476 0.0539468 0.289978
