2 0.229102 0.619585 0.111392 0.0888262 0.887865
2 0.791014 0.911023 0.0893749 0.136471 0.845832
2 0.0777446 0.632232 0.0919582 0.0786865 0.834383
2 0.4779 0.496873 0.0742838 0.0704622 0.816125
2 0.250285 0.23789 0.0407997 0.0648032 0.814178
5 0.191185 0.14075 0.0707767 0.146104 0.801146
2 0.680486 0.402383 0.0658449 0.0607252 0.726635
2 0.239556 0.366052 0.0303463 0.0661963 0.701726
62 0.492484 0.12886 0.118432 0.132928 0.658046
2 0.142321 0.112403 0.0335406 0.0472182 0.631164
2 0.770686 0.399143 0.0577109 0.0634069 0.613063
5 0.146875 0.0455893 0.0610017 0.0911787 0.597152
2 0.0811169 0.74628 0.0445931 0.0917013 0.587847
0 0.704629 0.877514 0.01551 0.0640622 0.557083
2 0.429073 0.57537 0.0798964 0.0766201 0.54732
2 0.108211 0.223367 0.0339917 0.0575012 0.506678
2 0.794145 0.328549 0.0601002 0.0546499 0.333317
9 0.712013 0.480302 0.0109539 0.050318 0.322416
3 0.454578 0.386631 0.0143984 0.0437764 0.298873
2 0.103551 0.0570597 0.0348071 0.061895 0.285852
5 0.523056 0.297505 0.105272 0.100735 0.258687
0 0.022367 0.577191 0.0188304 0.0550902 0.254895
2 0.957214 0.846681 0.0764397 0.109037 0.250655
