5 0.361089 0.516735 0.203019 0.183282 0.935652
2 0.197648 0.50064 0.0712855 0.07891 0.780601
5 0.209173 0.172299 0.0789802 0.12714 0.754365
2 0.533257 0.542131 0.0741964 0.0839922 0.751195
2 0.191264 0.238928 0.0415919 0.0663143 0.722098
2 0.436065 0.552681 0.0727429 0.0852206 0.694219
2 0.0217133 0.631473 0.0433018 0.0491859 0.659422
2 0.175334 0.694474 0.106644 0.116719 0.564641
9 0.138369 0.188946 0.0461045 0.0546654 0.544007
2 0.814742 0.405148 0.0660124 0.0770652 0.528236
2 0.279514 0.204798 0.0272253 0.0328305 0.504326
62 0.492248 0.13262 0.117381 0.145638 0.477661
0 0.705087 0.885428 0.0136557 0.0605021 0.45092
2 0.739852 0.33262 0.0605979 0.0480944 0.438873
2 0.155985 0.118927 0.0350835 0.0498613 0.432403
2 0.261616 0.256518 0.0472616 0.0671929 0.395005
0 0.131646 0.972158 0.0149294 0.0521834 0.387274
9 0.288903 0.795009 0.0359768 0.0539703 0.375183
0 0.107401 0.975648 0.015339 0.0479691 0.353146
2 0.71336 0.429054 0.0610326 0.0568593 0.338
9 0.155809 0.915814 0.00925145 0.0411014 0.302994
9 0.736304 0.616344 0.0138195 0.044057 0.282166
