2 0.30523 0.246576 0.0499943 0.0605016 0.695142
0 0.203471 0.554494 0.012904 0.0577058 0.646081
2 0.752049 0.394213 0.0713564 0.0722917 0.598841
7 0.111324 0.0497513 0.0511817 0.0946028 0.587825
0 0.535006 0.615609 0.0172766 0.0608227 0.492893
9 0.289621 0.793975 0.0407493 0.0539113 0.477639
62 0.492454 0.126283 0.117578 0.138412 0.445159
9 0.156004 0.911755 0.00948038 0.0419708 0.411259
0 0.11915 0.523557 0.017444 0.0620328 0.373346
0 0.365195 0.942872 0.0331446 0.0929489 0.345408
9 0.738613 0.610093 0.0199908 0.0407291 0.319019
5 0.771228 0.265117 0.106082 0.114741 0.313049
0 0.605741 0.605614 0.0123781 0.0519112 0.308881
0 0.89372 0.681237 0.0138302 0.0584941 0.303714
0 0.867485 0.664376 0.0126585 0.0490918 0.301885
0 0.948702 0.676765 0.0161125 0.0580329 0.25591
0 0.294186 0.540132 0.015238 0.0550006 0.251795
2 0.30523 0.246576 0.0499943 0.0605016 0.695142
0 0.203471 0.554494 0.012904 0.0577058 0.646081
2 0.752049 0.394213 0.0713564 0.0722917 0.598841
7 0.111324 0.0497513 0.0511817 0.0946028 0.587825
0 0.535006 0.615609 0.0172766 0.0608227 0.492893
9 0.289621 0.793975 0.0407493 0.0539113 0.477639
62 0.492454 0.126283 0.117578 0.138412 0.445159
9 0.156004 0.911755 0.00948038 0.0419708 0.411259
0 0.11915 0.523557 0.017444 0.0620328 0.373346
0 0.365195 0.942872 0.0331446 0.0929489 0.345408
9 0.738613 0.610093 0.0199908 0.0407291 0.319019
5 0.771228 0.265117 0.106082 0.114741 0.313049
0 0.605741 0.605614 0.0123781 0.0519112 0.308881
0 0.89372 0.681237 0.0138302 0.0584941 0.303714
0 0.867485 0.664376 0.0126585 0.0490918 0.301885
0 0.948702 0.676765 0.0161125 0.0580329 0.25591
0 0.294186 0.540132 0.015238 0.0550006 0.251795
