5 0.244713 0.213643 0.0863547 0.145422 0.860132
5 0.773286 0.927101 0.274599 0.141566 0.834356
2 0.206219 0.276006 0.039491 0.0597903 0.809759
5 0.144981 0.177124 0.064401 0.0959691 0.794242
2 0.0364785 0.633383 0.0725885 0.0579975 0.793647
2 0.246474 0.35377 0.0408958 0.0708557 0.778199
5 0.516602 0.919588 0.139975 0.156614 0.713101
5 0.767998 0.259658 0.109958 0.132629 0.666307
2 0.180974 0.152566 0.0364385 0.0566389 0.604034
2 0.117775 0.0766233 0.033482 0.0453693 0.492506
2 0.150437 0.111932 0.0343362 0.0540403 0.469686
62 0.490693 0.138648 0.120424 0.141638 0.337183
5 0.522868 0.292023 0.105474 0.0880529 0.33246
9 0.155454 0.915911 0.00791838 0.0392217 0.329351
5 0.440611 0.951818 0.112425 0.094812 0.322314
2 0.183468 0.332537 0.0352433 0.058916 0.307468
9 0.288361 0.796905 0.0331259 0.0492354 0.290615
0 0.109388 0.500429 0.0177535 0.0933415 0.268232
