5 0.614778 0.655296 0.159621 0.238658 0.932174
5 0.110606 0.053347 0.0684764 0.104922 0.89204
5 0.825826 0.905792 0.147296 0.182826 0.869054
2 0.237533 0.409343 0.0509363 0.0765439 0.765386
5 0.758884 0.264259 0.0942341 0.12729 0.755845
5 0.248284 0.220398 0.0893246 0.142081 0.731547
5 0.0234303 0.121956 0.045925 0.237883 0.545769
62 0.492189 0.140514 0.119393 0.147711 0.512291
2 0.162805 0.13325 0.0400119 0.0528586 0.459646
0 0.706767 0.87962 0.0167696 0.062324 0.435363
2 0.19244 0.178053 0.0216496 0.0507078 0.369546
9 0.288945 0.796676 0.0353103 0.0504844 0.357386
9 0.155682 0.914517 0.00833719 0.0416224 0.349249
0 0.242618 0.333319 0.0178568 0.0632376 0.286782
0 0.0122083 0.55041 0.0203414 0.102462 0.268976
2 0.299315 0.247309 0.027672 0.0575766 0.26378
3 0.214759 0.279676 0.01953 0.0410804 0.261851
9 0.737095 0.615998 0.0130254 0.0450107 0.255809
