2 0.487414 0.527383 0.0827868 0.0772764 0.867153
5 0.272568 0.186969 0.0881266 0.12983 0.866696
2 0.213514 0.203152 0.0390874 0.0539133 0.809867
2 0.766375 0.462904 0.0693575 0.0635301 0.772095
2 0.109775 0.659773 0.0859239 0.0587365 0.766356
5 0.101693 0.0453939 0.0652662 0.090222 0.719311
2 0.253769 0.246382 0.0482445 0.0802584 0.711613
2 0.643274 0.452393 0.069168 0.0706466 0.684976
2 0.103745 0.712158 0.0708433 0.103592 0.684322
2 0.62711 0.513233 0.0756199 0.0703642 0.663915
2 0.172348 0.144423 0.0372276 0.0570595 0.650917
5 0.520454 0.305844 0.113429 0.117955 0.600803
0 0.132886 0.815064 0.0167687 0.0570362 0.523588
0 0.118572 0.813791 0.0123383 0.062823 0.462035
2 0.138313 0.0965544 0.0344541 0.0561978 0.430877
3 0.250936 0.680124 0.0373925 0.0590301 0.356008
9 0.12026 0.381078 0.0131783 0.037184 0.315488
62 0.4941 0.129896 0.114133 0.135862 0.308015
0 0.498839 0.721416 0.0195343 0.0611169 0.296455
0 0.122574 0.5758 0.0118479 0.0565284 0.293976
0 0.170129 0.513064 0.0161093 0.0531186 0.265114
