5 0.197413 0.583578 0.209572 0.204005 0.836558
2 0.224083 0.675919 0.0988311 0.0876885 0.833793
2 0.834005 0.945426 0.0919181 0.107043 0.77526
2 0.71599 0.423191 0.0658279 0.0694914 0.657855
0 0.854999 0.742737 0.0135548 0.0647702 0.529259
0 0.75667 0.723817 0.0139879 0.0662642 0.527244
0 0.678527 0.866037 0.0148012 0.0648471 0.520151
0 0.810172 0.61882 0.0169582 0.0594401 0.403743
0 0.365807 0.943656 0.0343082 0.0987501 0.390841
9 0.0349768 0.201504 0.0143284 0.033911 0.312816
0 0.853919 0.629412 0.00985603 0.04822 0.301625
