2 0.248728 0.173344 0.0344878 0.054899 0.713802
2 0.78362 0.386729 0.0596144 0.0695075 0.707197
2 0.712316 0.335248 0.0776232 0.0550146 0.686317
2 0.107513 0.11717 0.0299963 0.04192 0.591929
2 0.822689 0.400831 0.0630083 0.0753744 0.506039
5 0.535839 0.29208 0.12936 0.0868669 0.498284
0 0.0173396 0.54894 0.0280556 0.123089 0.408171
5 0.765468 0.260115 0.11147 0.128494 0.372622
2 0.744503 0.46192 0.0666956 0.0706813 0.301033
0 0.918757 0.911867 0.0161171 0.0770838 0.296991
0 0.558363 0.533217 0.0113201 0.0473377 0.293387
0 0.364899 0.945713 0.0332405 0.0977688 0.27773
