5 0.155731 0.106525 0.0741001 0.117657 0.875888
2 0.206741 0.593079 0.0856068 0.0772118 0.865224
2 0.343176 0.595624 0.0825131 0.0898234 0.819757
2 0.247877 0.243625 0.0461071 0.0739754 0.787612
2 0.112634 0.573516 0.0797157 0.079803 0.748711
2 0.219983 0.19755 0.0367837 0.0569628 0.63259
2 0.306344 0.2462 0.0439522 0.0629029 0.604121
3 0.126963 0.698711 0.0417042 0.06535 0.537474
62 0.492193 0.133374 0.11781 0.140713 0.498534
9 0.288902 0.795687 0.0389292 0.0537698 0.492207
2 0.613372 0.617606 0.0454933 0.0951389 0.462612
9 0.155037 0.206893 0.037436 0.0573591 0.461563
2 0.142949 0.267019 0.0349976 0.0598701 0.459898
9 0.155865 0.915596 0.0101988 0.0428484 0.388553
0 0.672695 0.87554 0.0129105 0.0555784 0.303902
2 0.108939 0.064022 0.0252074 0.0533161 0.292365
9 0.121692 0.375392 0.011868 0.0360587 0.274427
