2 0.197651 0.171318 0.0392022 0.0624934 0.815347
2 0.282576 0.280136 0.0432598 0.0657595 0.741917
2 0.235288 0.218597 0.0411056 0.0671402 0.7201
2 0.145215 0.105282 0.0372176 0.0546589 0.669648
0 0.768885 0.677274 0.0129273 0.0682304 0.657654
0 0.465193 0.777474 0.0112242 0.0617513 0.625032
0 0.218976 0.919544 0.0168473 0.0767676 0.526301
0 0.451756 0.772322 0.0122139 0.0669378 0.521431
9 0.735257 0.609272 0.0138233 0.039424 0.475816
0 0.493572 0.808718 0.0137766 0.0575131 0.425277
9 0.291539 0.802005 0.0347629 0.0380208 0.401079
0 0.317185 0.315165 0.0124642 0.0485121 0.355031
9 0.155445 0.912969 0.00903821 0.042662 0.345046
9 0.142233 0.249613 0.0131271 0.050893 0.325706
0 0.33782 0.295895 0.00840006 0.0437231 0.320237
0 0.504979 0.811178 0.0133814 0.0592573 0.310926
62 0.492179 0.125778 0.117735 0.139692 0.310702
2 0.807189 0.367002 0.0627548 0.0812898 0.288719
0 0.214794 0.421364 0.0167626 0.0597744 0.278907
9 0.290361 0.797339 0.0408987 0.0485124 0.255093
