5 0.238121 0.147557 0.0755134 0.122333 0.888872
2 0.142211 0.586052 0.0892858 0.0806191 0.884708
2 0.197501 0.309109 0.0444075 0.0581224 0.781808
2 0.209135 0.465248 0.0635493 0.0988715 0.75892
2 0.251584 0.241232 0.041548 0.0648905 0.753956
2 0.112107 0.190912 0.0349978 0.0501884 0.727821
2 0.296798 0.22896 0.0424563 0.0617455 0.721691
2 0.246816 0.39598 0.0296806 0.0595223 0.656949
2 0.107171 0.11765 0.0331149 0.040742 0.562988
0 0.365019 0.944607 0.0329552 0.0944467 0.462169
2 0.269625 0.981212 0.0707383 0.0364309 0.420584
