5 0.358999 0.348371 0.107387 0.165119 0.877
2 0.498483 0.556393 0.0622716 0.0904059 0.84149
2 0.868816 0.927047 0.0929091 0.132702 0.821975
2 0.275511 0.616038 0.0420927 0.0764458 0.814989
2 0.793548 0.387528 0.0692343 0.0645728 0.788848
2 0.249795 0.324286 0.0409826 0.0592932 0.764798
2 0.706477 0.813463 0.0792612 0.124125 0.748441
2 0.192 0.29991 0.0380793 0.0647767 0.732464
5 0.151929 0.159532 0.0725257 0.127729 0.700326
2 0.245688 0.38909 0.0495789 0.0783052 0.666247
2 0.720601 0.343045 0.0633486 0.0599757 0.555917
0 0.124593 0.969513 0.0174375 0.0609019 0.497686
2 0.206865 0.125177 0.0371241 0.0552884 0.459096
5 0.0579561 0.40016 0.115705 0.156399 0.447979
7 0.273033 0.886316 0.0588923 0.211899 0.382238
0 0.144998 0.9732 0.0185909 0.0535638 0.351689
5 0.0965298 0.0784209 0.0528852 0.105366 0.328846
5 0.540684 0.289055 0.123485 0.0791193 0.325491
5 0.27296 0.886884 0.0585148 0.214082 0.300389
0 0.672397 0.872694 0.0156004 0.0617021 0.27167
