2 0.196933 0.348585 0.0401032 0.0634497 0.776194
2 0.27916 0.457321 0.0344486 0.0695709 0.725874
0 0.758069 0.712937 0.0122787 0.064486 0.579379
9 0.03478 0.201679 0.0150245 0.039315 0.569525
9 0.73547 0.608425 0.00786934 0.0298123 0.557668
0 0.939511 0.721094 0.0136488 0.0640086 0.557408
7 0.826874 0.863396 0.111833 0.175114 0.548814
5 0.810515 0.279367 0.0456058 0.0790685 0.520563
2 0.211503 0.932065 0.0810918 0.11537 0.518209
0 0.739024 0.687409 0.0117725 0.0716507 0.501107
0 0.721994 0.679911 0.01149 0.0550253 0.448734
0 0.140036 0.47492 0.0143156 0.0488727 0.412026
9 0.78562 0.503959 0.0117306 0.0523409 0.387698
62 0.491896 0.12634 0.116851 0.134647 0.364754
0 0.709521 0.672687 0.0129597 0.0665496 0.338839
0 0.942734 0.48147 0.012006 0.0521074 0.338145
0 0.102621 0.511136 0.0107387 0.0540465 0.316205
0 0.556238 0.365653 0.0106155 0.0489218 0.31161
9 0.571542 0.229092 0.0127228 0.040618 0.302547
0 0.115882 0.482859 0.0184119 0.0639892 0.30129
9 0.1556 0.912075 0.00862384 0.0422258 0.296726
0 0.0264392 0.58684 0.0123422 0.0559703 0.293706
0 0.739679 0.675702 0.0110334 0.0546448 0.283473
0 0.778168 0.745845 0.0163742 0.0797007 0.282085
9 0.287981 0.794707 0.0328112 0.0516856 0.280862
0 0.853944 0.788379 0.014171 0.0776104 0.274112
0 0.617491 0.342929 0.010771 0.0477211 0.259382
2 0.221844 0.939573 0.0591078 0.0923743 0.256014
2 0.942085 0.39765 0.0268974 0.04652 0.252445
