2 0.156621 0.800837 0.0863839 0.095713 0.795313
2 0.2594 0.246949 0.0448946 0.0657338 0.663303
2 0.133298 0.0552653 0.037269 0.0577477 0.662853
2 0.102695 0.840136 0.0748131 0.0910931 0.62162
0 0.621247 0.588906 0.0117868 0.0535416 0.5478
0 0.221789 0.482817 0.0155329 0.0557518 0.547113
2 0.259968 0.177317 0.0377288 0.0605574 0.539208
9 0.290516 0.803325 0.0336749 0.0336256 0.528021
62 0.492234 0.131335 0.117443 0.149752 0.463487
0 0.316399 0.935971 0.019581 0.0720649 0.436359
0 0.372445 0.857893 0.0169004 0.0602166 0.424003
0 0.220855 0.925353 0.0158763 0.0729411 0.409993
0 0.330876 0.521243 0.0170443 0.0663652 0.367433
2 0.316613 0.250948 0.0296203 0.0475856 0.326586
0 0.8471 0.678755 0.0159384 0.0635868 0.323641
0 0.369886 0.551387 0.015155 0.0558463 0.318498
0 0.477674 0.802452 0.0176568 0.0722195 0.299088
0 0.832983 0.676839 0.0154427 0.0603234 0.275309
2 0.156621 0.800837 0.0863839 0.095713 0.795313
2 0.2594 0.246949 0.0448946 0.0657338 0.663303
2 0.133298 0.0552653 0.037269 0.0577477 0.662853
2 0.102695 0.840136 0.0748131 0.0910931 0.62162
0 0.621247 0.588906 0.0117868 0.0535416 0.5478
0 0.221789 0.482817 0.0155329 0.0557518 0.547113
2 0.259968 0.177317 0.0377288 0.0605574 0.539208
9 0.290516 0.803325 0.0336749 0.0336256 0.528021
62 0.492234 0.131335 0.117443 0.149752 0.463487
0 0.316399 0.935971 0.019581 0.0720649 0.436359
0 0.372445 0.857893 0.0169004 0.0602166 0.424003
0 0.220855 0.925353 0.0158763 0.0729411 0.409993
0 0.330876 0.521243 0.0170443 0.0663652 0.367433
2 0.316613 0.250948 0.0296203 0.0475856 0.326586
0 0.8471 0.678755 0.0159384 0.0635868 0.323641
0 0.369886 0.551387 0.015155 0.0558463 0.318498
0 0.477674 0.802452 0.0176568 0.0722195 0.299088
0 0.832983 0.676839 0.0154427 0.0603234 0.275309
