2 0.295431 0.430607 0.0385493 0.0672502 0.84002
2 0.787436 0.439904 0.0548269 0.0773464 0.810415
2 0.221577 0.314593 0.0346359 0.0634202 0.801077
2 0.265815 0.265955 0.0506031 0.0689635 0.754748
2 0.185051 0.159363 0.0361488 0.0540951 0.747585
2 0.303768 0.24976 0.0452938 0.0692085 0.745881
2 0.14383 0.110926 0.0349238 0.0477032 0.69512
2 0.25671 0.182056 0.0469204 0.0725412 0.668492
2 0.201864 0.267625 0.036015 0.0578067 0.667094
2 0.248534 0.398432 0.0349887 0.0694795 0.663813
2 0.165196 0.219571 0.0389121 0.0544799 0.634467
2 0.213295 0.206569 0.0383968 0.0520913 0.626389
2 0.813426 0.290882 0.0465906 0.0631527 0.560469
5 0.523791 0.288839 0.106294 0.0805902 0.558443
62 0.492748 0.129312 0.116424 0.135839 0.537615
2 0.842072 0.429679 0.0359587 0.0599792 0.412785
5 0.0209215 0.119587 0.0411942 0.237429 0.396365
2 0.103948 0.0566478 0.0333497 0.0536719 0.280721
9 0.155261 0.914924 0.00808573 0.0385037 0.26531
