5 0.54751 0.904906 0.229163 0.186149 0.876013
5 0.163519 0.186382 0.0808156 0.128308 0.847252
5 0.257908 0.17175 0.0818529 0.141046 0.838525
2 0.821977 0.945468 0.0951307 0.106485 0.83162
2 0.266564 0.264451 0.0490553 0.0671652 0.779716
2 0.168658 0.0911079 0.0375078 0.0543898 0.701993
2 0.109274 0.132565 0.0349516 0.0481798 0.689355
2 0.802283 0.377567 0.0513115 0.0562184 0.657872
62 0.490033 0.131521 0.122938 0.142741 0.560185
2 0.224963 0.213966 0.0427846 0.0646359 0.5235
5 0.022814 0.12357 0.0451661 0.245138 0.507916
2 0.813425 0.293786 0.046429 0.0542487 0.4795
2 0.700824 0.809202 0.0868821 0.125816 0.474594
2 0.81729 0.402713 0.0386248 0.0641777 0.40108
2 0.0866635 0.0310047 0.0324165 0.0539584 0.396762
0 0.742381 0.76894 0.0113991 0.0639143 0.311725
0 0.365908 0.946488 0.0348398 0.10112 0.295846
