2 0.399768 0.418583 0.056224 0.0834334 0.836231
2 0.6915 0.78324 0.0862099 0.142069 0.782082
2 0.527987 0.394474 0.0737568 0.0681639 0.770674
2 0.798347 0.843582 0.0873091 0.126462 0.745507
2 0.033934 0.597208 0.0676459 0.0706026 0.707009
2 0.314726 0.314992 0.0455976 0.0744659 0.662458
2 0.207706 0.147467 0.0476125 0.0596471 0.648944
2 0.65 0.959602 0.122718 0.0807966 0.538958
0 0.146802 0.363809 0.0156281 0.0664586 0.490311
9 0.155884 0.910716 0.00987747 0.0426247 0.457777
9 0.287445 0.796838 0.032678 0.0550819 0.430723
3 0.262067 0.571137 0.0405617 0.066008 0.428182
2 0.18127 0.0832242 0.0369204 0.0470785 0.414073
62 0.492268 0.125977 0.11797 0.14024 0.411521
2 0.147028 0.272253 0.0454035 0.0627132 0.346461
9 0.583205 0.286606 0.0134551 0.0354715 0.308309
0 0.769855 0.602052 0.0141214 0.0569422 0.305775
0 0.735242 0.626959 0.0141949 0.0760327 0.289596
0 0.69452 0.621744 0.00993052 0.0585058 0.26746
