2 0.259674 0.255439 0.044922 0.0661738 0.82749
2 0.298915 0.236965 0.0488603 0.0765143 0.814906
7 0.219251 0.182633 0.0420593 0.0977808 0.641102
0 0.795899 0.761029 0.0132869 0.055937 0.464888
0 0.88053 0.588647 0.0137657 0.0537139 0.46291
0 0.141135 0.413319 0.0113694 0.0447912 0.420353
0 0.140388 0.491399 0.0128687 0.0638565 0.407608
0 0.0193948 0.526968 0.0120222 0.0553296 0.385139
0 0.868899 0.666737 0.0199917 0.0607685 0.371596
9 0.0351382 0.199399 0.0155865 0.0380185 0.363909
0 0.871832 0.668372 0.0164249 0.0615539 0.35789
0 0.559876 0.355443 0.00832691 0.0402978 0.352345
0 0.128703 0.471684 0.0123411 0.0475913 0.32991
0 0.152977 0.456305 0.00986032 0.0502728 0.328306
9 0.571079 0.227038 0.0124762 0.0436564 0.318912
0 0.864347 0.665829 0.0139797 0.0573461 0.315697
0 0.789972 0.528821 0.0111862 0.0529874 0.310753
0 0.111601 0.511107 0.0198562 0.0514017 0.302363
0 0.69517 0.597851 0.0130484 0.0762863 0.302346
0 0.966208 0.553165 0.0132671 0.054418 0.292637
0 0.0528974 0.529653 0.0165618 0.0561409 0.28251
0 0.89639 0.811515 0.0180166 0.0690364 0.260626
