2 0.777149 0.400192 0.0619194 0.0657582 0.767653
2 0.253734 0.248422 0.0419877 0.0611797 0.729437
2 0.211177 0.182097 0.038023 0.0594157 0.722701
2 0.835622 0.893769 0.0880251 0.13659 0.684431
2 0.18998 0.120776 0.0413411 0.0579973 0.636791
9 0.290486 0.797854 0.037444 0.0459585 0.596438
9 0.155408 0.911675 0.00908113 0.0445618 0.528644
2 0.305408 0.249292 0.0429275 0.0660216 0.464033
0 0.114378 0.489361 0.0133912 0.0587801 0.458818
0 0.138395 0.382509 0.0149795 0.0416021 0.430846
62 0.492103 0.126006 0.117682 0.136805 0.398243
0 0.955773 0.569252 0.0129368 0.0550087 0.394568
9 0.157366 0.276237 0.0419596 0.0650942 0.355274
9 0.624966 0.249886 0.0200383 0.0719634 0.348149
9 0.734833 0.609205 0.0129253 0.0401493 0.342421
5 0.0226939 0.120073 0.0445988 0.23569 0.285248
9 0.582942 0.287914 0.0146864 0.0350728 0.27376
0 0.381522 0.313316 0.0110458 0.0462398 0.273654
9 0.945933 0.392438 0.0143459 0.0285958 0.258566
