2 0.577018 0.637132 0.0746424 0.102317 0.849493
2 0.120565 0.151891 0.0376289 0.0436277 0.762853
2 0.452837 0.490955 0.0586618 0.0852626 0.725049
2 0.1928 0.244469 0.0373761 0.0658347 0.715311
2 0.252992 0.640088 0.0396968 0.0829653 0.507031
2 0.242707 0.435891 0.0350369 0.0713368 0.465999
5 0.769267 0.265228 0.108878 0.120067 0.453896
0 0.863384 0.656317 0.0110397 0.0550034 0.443005
0 0.0707784 0.520512 0.0120936 0.0609435 0.392698
0 0.0839892 0.507147 0.0123396 0.0580536 0.371732
2 0.263655 0.865483 0.0462048 0.114534 0.343824
62 0.491808 0.128838 0.117997 0.141361 0.324246
9 0.387377 0.227064 0.0138372 0.049138 0.297222
9 0.155559 0.913946 0.00924625 0.0424781 0.288715
0 0.993338 0.587583 0.0123772 0.0487278 0.282873
0 0.156272 0.400285 0.00961618 0.0472254 0.259098
9 0.582615 0.280005 0.0180019 0.0538758 0.258355
2 0.577018 0.637132 0.0746424 0.102317 0.849493
2 0.120565 0.151891 0.0376289 0.0436277 0.762853
2 0.452837 0.490955 0.0586618 0.0852626 0.725049
2 0.1928 0.244469 0.0373761 0.0658347 0.715311
2 0.252992 0.640088 0.0396968 0.0829653 0.507031
2 0.242707 0.435891 0.0350369 0.0713368 0.465999
5 0.769267 0.265228 0.108878 0.120067 0.453896
0 0.863384 0.656317 0.0110397 0.0550034 0.443005
0 0.0707784 0.520512 0.0120936 0.0609435 0.392698
0 0.0839892 0.507147 0.0123396 0.0580536 0.371732
2 0.263655 0.865483 0.0462048 0.114534 0.343824
62 0.491808 0.128838 0.117997 0.141361 0.324246
9 0.387377 0.227064 0.0138372 0.049138 0.297222
9 0.155559 0.913946 0.00924625 0.0424781 0.288715
0 0.993338 0.587583 0.0123772 0.0487278 0.282873
0 0.156272 0.400285 0.00961618 0.0472254 0.259098
9 0.582615 0.280005 0.0180019 0.0538758 0.258355
