0 0.0792935 0.537578 0.0146038 0.0537237 0.598245
9 0.155665 0.911678 0.00977917 0.0418667 0.548159
9 0.734103 0.613566 0.0158525 0.055014 0.486221
9 0.142994 0.250434 0.0137209 0.0527873 0.481164
9 0.117149 0.266782 0.0148546 0.0355147 0.437353
0 0.776212 0.702592 0.0132977 0.0649004 0.41545
0 0.577475 0.358837 0.010437 0.0463691 0.379979
2 0.696918 0.370002 0.0698249 0.0559226 0.368266
0 0.104341 0.509294 0.0186825 0.0589008 0.349081
0 0.108369 0.509251 0.0114906 0.0577823 0.293936
9 0.623846 0.244777 0.0184981 0.0669663 0.278878
2 0.0317716 0.597441 0.0635432 0.0741369 0.276256
0 0.365158 0.943812 0.0340749 0.0977466 0.274953
9 0.583879 0.284446 0.0147888 0.0344499 0.261348
