2 0.101529 0.765664 0.0851182 0.107351 0.868717
5 0.200491 0.158194 0.0778686 0.129897 0.830297
2 0.255298 0.252349 0.0418794 0.0669528 0.825252
2 0.642527 0.544104 0.071257 0.0865187 0.810822
2 0.590215 0.471832 0.0798738 0.0938014 0.808592
2 0.712307 0.335456 0.0780249 0.0556242 0.757101
2 0.804571 0.419116 0.0571656 0.0631476 0.735543
2 0.149351 0.107027 0.0350191 0.0628775 0.703526
2 0.135979 0.0500131 0.035333 0.0501428 0.59462
5 0.535107 0.29033 0.122349 0.0807081 0.482744
0 0.363894 0.92874 0.0332535 0.130077 0.408429
0 0.2318 0.448155 0.0121242 0.052037 0.365701
62 0.492249 0.130152 0.117941 0.138079 0.301476
7 0.155554 0.261746 0.0632941 0.115048 0.272998
0 0.00695155 0.572585 0.0139031 0.0699777 0.26704
0 0.832244 0.577587 0.0105852 0.0525259 0.254991
