2 0.23408 0.481022 0.0569394 0.0804322 0.802156
2 0.41261 0.523709 0.0896668 0.0806909 0.770016
2 0.257684 0.262362 0.0427726 0.0604739 0.692548
2 0.21102 0.707224 0.0813114 0.103831 0.687744
2 0.256803 0.208336 0.0407884 0.0569564 0.666787
2 0.806435 0.374235 0.0525661 0.0602314 0.597675
3 0.146992 0.658268 0.0339502 0.0533697 0.574138
2 0.386888 0.582417 0.0796614 0.084613 0.54417
2 0.0327599 0.642076 0.0392883 0.0380766 0.54044
62 0.492022 0.132734 0.116912 0.137124 0.535618
3 0.386944 0.580934 0.079569 0.0885604 0.504236
2 0.301053 0.260646 0.0431088 0.0680281 0.501544
0 0.718118 0.832545 0.0124329 0.0662182 0.391704
9 0.288379 0.796404 0.0360586 0.0530765 0.363631
5 0.763593 0.257675 0.0990286 0.120241 0.351256
2 0.837418 0.437253 0.0778229 0.0656882 0.310696
2 0.8199 0.437085 0.0428555 0.0628648 0.28728
5 0.525667 0.292237 0.105225 0.0900818 0.287012
0 0.696466 0.751654 0.0124256 0.0648919 0.276894
9 0.735858 0.617945 0.0184901 0.0502342 0.265509
