7 0.190655 0.0730673 0.0518799 0.0927612 0.775031
2 0.306704 0.255113 0.042208 0.0650669 0.742627
9 0.155493 0.913083 0.00930414 0.0402303 0.615154
2 0.0866316 0.0205473 0.0322637 0.0410946 0.568223
0 0.518093 0.624717 0.0166605 0.0753507 0.559272
9 0.289727 0.799135 0.0345696 0.0542521 0.49003
0 0.365096 0.943371 0.0336606 0.0928331 0.484591
62 0.491867 0.128058 0.118038 0.138369 0.461061
9 0.117251 0.267595 0.0153935 0.0341261 0.377251
9 0.622985 0.250836 0.0219564 0.0817755 0.368097
9 0.735145 0.609012 0.0144613 0.0415802 0.33924
2 0.262189 0.202771 0.0394832 0.0550452 0.307341
9 0.143943 0.250461 0.0175628 0.0512737 0.285483
0 0.427177 0.337706 0.0104813 0.040474 0.285445
0 0.5096 0.54776 0.0149439 0.0542419 0.282659
0 0.704146 0.760208 0.016685 0.0675064 0.262418
9 0.583059 0.287164 0.014542 0.034497 0.261895
2 0.271061 0.272514 0.0281481 0.0351394 0.261695
