2 0.263369 0.259216 0.0429563 0.0702543 0.816005
2 0.0214307 0.597536 0.0425766 0.0615858 0.730176
0 0.221469 0.256266 0.0117382 0.0455621 0.685522
0 0.125282 0.488016 0.0154711 0.0616452 0.541722
9 0.155835 0.912083 0.00933859 0.0383358 0.479334
9 0.626212 0.248293 0.0250217 0.0856164 0.420943
9 0.290721 0.794042 0.0405837 0.0521576 0.416828
0 0.168046 0.371957 0.0121327 0.053312 0.394548
0 0.683659 0.577763 0.0168737 0.0684374 0.389233
9 0.735806 0.607596 0.0130314 0.0340086 0.385672
0 0.155441 0.364023 0.0143484 0.0634281 0.372733
62 0.492424 0.126213 0.118452 0.137845 0.361954
0 0.13338 0.391316 0.0114904 0.0532853 0.353647
0 0.746352 0.565423 0.00927935 0.0422526 0.302619
