2 0.781522 0.816344 0.0808803 0.120287 0.818236
2 0.262484 0.222706 0.0398608 0.0642331 0.781057
2 0.163874 0.874449 0.0940579 0.108364 0.74199
2 0.804214 0.37724 0.059608 0.0656857 0.732396
2 0.834823 0.408909 0.052602 0.0682666 0.701054
5 0.768197 0.258909 0.107277 0.13031 0.65742
0 0.112004 0.953244 0.0162201 0.0767324 0.566539
0 0.896069 0.745073 0.0167801 0.0588403 0.436062
0 0.851449 0.738291 0.0119518 0.0607563 0.41118
0 0.789344 0.755604 0.0142449 0.0429786 0.376308
9 0.0345539 0.202414 0.015537 0.0393068 0.373162
9 0.571745 0.228031 0.0123247 0.041252 0.339766
9 0.819056 0.798871 0.0143162 0.0549113 0.324112
0 0.986536 0.505642 0.0159678 0.0533165 0.31899
0 0.97559 0.599573 0.013036 0.055117 0.310936
0 0.554419 0.334648 0.0112324 0.0444402 0.295725
0 0.140856 0.968017 0.0201293 0.0602949 0.295075
5 0.021858 0.119926 0.0429518 0.235646 0.286332
0 0.872052 0.743759 0.0102703 0.0429386 0.269458
9 0.141842 0.251425 0.00992069 0.0510523 0.265612
0 0.00945069 0.564715 0.0184399 0.0720357 0.261502
