9 0.2896 0.803369 0.0338843 0.033108 0.561545
0 0.893327 0.820396 0.0155453 0.0611632 0.540856
9 0.155332 0.911862 0.00956259 0.0426195 0.534515
9 0.625092 0.251693 0.0218051 0.0788334 0.459458
9 0.735561 0.610712 0.0133596 0.0444333 0.449003
0 0.427963 0.869488 0.013905 0.0683814 0.43948
0 0.879823 0.623559 0.0118778 0.0654355 0.425436
0 0.892664 0.616075 0.0116901 0.0573096 0.370456
0 0.511204 0.824475 0.0124575 0.0521823 0.345782
9 0.571532 0.226836 0.014363 0.0445382 0.317296
9 0.583792 0.28525 0.0164213 0.0391477 0.31373
0 0.444978 0.58919 0.0116145 0.0553667 0.304724
0 0.319867 0.210527 0.0107307 0.0435712 0.283501
9 0.83172 0.368429 0.0126862 0.0432781 0.277456
2 0.808371 0.414614 0.0285492 0.0449822 0.275808
9 0.117258 0.267683 0.0139787 0.034035 0.274468
62 0.491871 0.126957 0.117714 0.139451 0.264535
