5 0.210903 0.262016 0.0915913 0.140001 0.850552
5 0.114351 0.0570512 0.0732981 0.114102 0.838877
2 0.393842 0.434704 0.0454694 0.0577549 0.792854
2 0.282536 0.197392 0.0390905 0.0503418 0.70848
2 0.264255 0.268075 0.0407192 0.060467 0.608287
2 0.203463 0.179999 0.0414612 0.0564564 0.582809
62 0.491746 0.137168 0.117985 0.14729 0.490085
2 0.282099 0.638579 0.0373978 0.0816108 0.459437
5 0.0228892 0.122146 0.0448738 0.239431 0.419587
2 0.115907 0.231295 0.0417852 0.0516496 0.394025
9 0.120502 0.378911 0.0114524 0.0390703 0.389146
3 0.587259 0.664124 0.0314577 0.063625 0.3771
9 0.28761 0.798838 0.0328475 0.0546302 0.374246
9 0.28278 0.488692 0.0416302 0.089057 0.358413
2 0.45466 0.381241 0.0786886 0.0850758 0.337844
2 0.713902 0.84333 0.0705345 0.0706485 0.33388
5 0.530615 0.29477 0.115065 0.0989579 0.319992
7 0.45483 0.381571 0.0790082 0.0847626 0.306309
0 0.1398 0.972611 0.0153515 0.0511637 0.298839
