2 0.289962 0.233708 0.0506512 0.0595769 0.833433
2 0.250812 0.669691 0.0391538 0.092401 0.778374
2 0.248515 0.432534 0.0351598 0.0715058 0.695307
2 0.61082 0.957922 0.106355 0.083373 0.538863
62 0.491924 0.131106 0.117732 0.151513 0.532307
0 0.958249 0.774788 0.0118153 0.0577423 0.490533
9 0.142531 0.250043 0.0129092 0.0522767 0.476777
0 0.795129 0.641651 0.0149127 0.0468253 0.461247
9 0.155498 0.913024 0.00806527 0.0388991 0.446972
9 0.287042 0.797026 0.0330572 0.0550134 0.440259
0 0.00414434 0.546264 0.00828869 0.0554257 0.413255
0 0.905825 0.632852 0.0123466 0.0667606 0.394046
2 0.706061 0.341891 0.0623241 0.0594538 0.369664
9 0.735427 0.610234 0.0153912 0.0394994 0.338
0 0.365025 0.946297 0.034576 0.0993669 0.325042
0 0.670973 0.547319 0.0186104 0.0543808 0.319819
0 0.738953 0.684229 0.0148355 0.0656002 0.301165
9 0.117689 0.267271 0.013423 0.0340898 0.299516
5 0.768769 0.264081 0.113361 0.114899 0.265949
2 0.289962 0.233708 0.0506512 0.0595769 0.833433
2 0.250812 0.669691 0.0391538 0.092401 0.778374
2 0.248515 0.432534 0.0351598 0.0715058 0.695307
2 0.61082 0.957922 0.106355 0.083373 0.538863
62 0.491924 0.131106 0.117732 0.151513 0.532307
0 0.958249 0.774788 0.0118153 0.0577423 0.490533
9 0.142531 0.250043 0.0129092 0.0522767 0.476777
0 0.795129 0.641651 0.0149127 0.0468253 0.461247
9 0.155498 0.913024 0.00806527 0.0388991 0.446972
9 0.287042 0.797026 0.0330572 0.0550134 0.440259
0 0.00414434 0.546264 0.00828869 0.0554257 0.413255
0 0.905825 0.632852 0.0123466 0.0667606 0.394046
2 0.706061 0.341891 0.0623241 0.0594538 0.369664
9 0.735427 0.610234 0.0153912 0.0394994 0.338
0 0.365025 0.946297 0.034576 0.0993669 0.325042
0 0.670973 0.547319 0.0186104 0.0543808 0.319819
0 0.738953 0.684229 0.0148355 0.0656002 0.301165
9 0.117689 0.267271 0.013423 0.0340898 0.299516
5 0.768769 0.264081 0.113361 0.114899 0.265949
