5 0.843546 0.894356 0.207217 0.205709 0.906929
2 0.799775 0.386333 0.066707 0.0629778 0.831224
2 0.466481 0.382697 0.0742716 0.0690989 0.829562
2 0.546934 0.606966 0.0693384 0.0967018 0.812491
2 0.371666 0.324401 0.0474705 0.0742447 0.811686
2 0.297334 0.23437 0.0432456 0.0665789 0.809473
2 0.580153 0.390542 0.0711771 0.0585485 0.793252
2 0.257075 0.435859 0.0323346 0.0617883 0.751567
2 0.261215 0.703603 0.047052 0.107387 0.668923
0 0.0316105 0.566763 0.0143378 0.0597376 0.340578
0 0.701722 0.876527 0.0196367 0.0627496 0.321184
62 0.491176 0.128414 0.1195 0.137882 0.31556
