2 0.190776 0.141447 0.0352385 0.0607132 0.756851
9 0.155744 0.913206 0.00994356 0.0402083 0.50659
2 0.232564 0.132688 0.03585 0.0496937 0.495435
2 0.515952 0.978878 0.0999269 0.0412745 0.444366
0 0.365962 0.946623 0.0352712 0.101757 0.427927
9 0.127567 0.180103 0.0368599 0.0530682 0.427214
9 0.288009 0.797944 0.03265 0.0554491 0.422417
0 0.918189 0.547909 0.0126873 0.0536523 0.409083
9 0.734578 0.607774 0.0158838 0.0375344 0.389921
9 0.583527 0.284603 0.0149831 0.042671 0.384922
9 0.142105 0.250049 0.0119859 0.0517278 0.383346
9 0.583175 0.282477 0.0167717 0.0554497 0.383338
62 0.492068 0.124868 0.118327 0.140334 0.362371
9 0.117664 0.265879 0.0148575 0.0354983 0.348163
0 0.181474 0.405593 0.0129827 0.0639932 0.291016
0 0.842625 0.768182 0.0149563 0.0634301 0.273468
9 0.623258 0.245966 0.0174871 0.0739215 0.273404
0 0.85612 0.777319 0.0139349 0.0662847 0.259207
9 0.260001 0.481621 0.042008 0.0824327 0.255474
