2 0.82336 0.878546 0.0904047 0.133222 0.832066
2 0.305719 0.243083 0.0431943 0.0692653 0.717769
9 0.288788 0.800682 0.0351487 0.0389438 0.604841
0 0.412081 0.352914 0.0112335 0.0422843 0.564738
9 0.156059 0.912595 0.00960791 0.0414931 0.562666
0 0.416804 0.876847 0.0188971 0.0661333 0.533476
5 0.770075 0.265399 0.111468 0.115579 0.528471
2 0.0970609 0.0224381 0.0363741 0.0448761 0.52741
62 0.491723 0.126812 0.117177 0.142352 0.524444
2 0.255449 0.188223 0.0412797 0.0618874 0.42886
0 0.956133 0.619705 0.0128265 0.0620002 0.421858
0 0.516308 0.81414 0.014188 0.0682102 0.395457
0 0.769607 0.650857 0.011677 0.0613041 0.368332
0 0.0884662 0.509328 0.0115172 0.0598423 0.331293
0 0.892365 0.686549 0.0147297 0.057195 0.330834
0 0.537393 0.764944 0.0120369 0.053736 0.31385
0 0.505935 0.724795 0.0136555 0.0540604 0.299698
0 0.27085 0.556874 0.0190305 0.0751517 0.295119
0 0.141704 0.41806 0.0115108 0.0527654 0.285739
0 0.488137 0.742992 0.01473 0.0637366 0.265331
2 0.82336 0.878546 0.0904047 0.133222 0.832066
2 0.305719 0.243083 0.0431943 0.0692653 0.717769
9 0.288788 0.800682 0.0351487 0.0389438 0.604841
0 0.412081 0.352914 0.0112335 0.0422843 0.564738
9 0.156059 0.912595 0.00960791 0.0414931 0.562666
0 0.416804 0.876847 0.0188971 0.0661333 0.533476
5 0.770075 0.265399 0.111468 0.115579 0.528471
2 0.0970609 0.0224381 0.0363741 0.0448761 0.52741
62 0.491723 0.126812 0.117177 0.142352 0.524444
2 0.255449 0.188223 0.0412797 0.0618874 0.42886
0 0.956133 0.619705 0.0128265 0.0620002 0.421858
0 0.516308 0.81414 0.014188 0.0682102 0.395457
0 0.769607 0.650857 0.011677 0.0613041 0.368332
0 0.0884662 0.509328 0.0115172 0.0598423 0.331293
0 0.892365 0.686549 0.0147297 0.057195 0.330834
0 0.537393 0.764944 0.0120369 0.053736 0.31385
0 0.505935 0.724795 0.0136555 0.0540604 0.299698
0 0.27085 0.556874 0.0190305 0.0751517 0.295119
0 0.141704 0.41806 0.0115108 0.0527654 0.285739
0 0.488137 0.742992 0.01473 0.0637366 0.265331
