2 0.120828 0.861817 0.0965827 0.104369 0.718653
2 0.189297 0.088977 0.038133 0.0459509 0.682826
2 0.258949 0.252728 0.0460299 0.0675395 0.600389
0 0.0602407 0.539297 0.0137489 0.0525318 0.540415
0 0.365029 0.941613 0.032943 0.0911248 0.504836
9 0.289349 0.794593 0.037281 0.0505778 0.494427
9 0.73491 0.613641 0.0154581 0.0515945 0.389951
2 0.668764 0.346898 0.0405341 0.0610772 0.368033
0 0.404898 0.282871 0.00942268 0.0474322 0.294466
62 0.491845 0.124426 0.118363 0.139479 0.269574
9 0.11749 0.267093 0.013687 0.0342534 0.267228
9 0.981624 0.328497 0.00946617 0.0213715 0.265234
9 0.573566 0.225668 0.019771 0.0486621 0.25882
