2 0.485965 0.384959 0.0775133 0.0757402 0.821313
2 0.367674 0.316177 0.0487366 0.0786223 0.745232
2 0.729362 0.954177 0.114668 0.0883674 0.713348
2 0.269035 0.630957 0.0376073 0.0831261 0.657188
2 0.79834 0.843008 0.0873642 0.123246 0.614533
0 0.729639 0.694228 0.0142577 0.0654675 0.602409
9 0.735817 0.610321 0.0142859 0.0430847 0.44948
2 0.790878 0.376181 0.0580908 0.0749922 0.403647
9 0.155951 0.911237 0.00983171 0.0423794 0.386421
0 0.107843 0.477245 0.0178167 0.0789059 0.383247
9 0.626131 0.250967 0.0243103 0.0794032 0.367906
2 0.818284 0.41145 0.0480526 0.0700245 0.36139
5 0.0222363 0.121906 0.0439833 0.238964 0.347682
0 0.771105 0.728905 0.0160398 0.0707977 0.341881
9 0.14271 0.250117 0.0133865 0.0498784 0.331779
9 0.287071 0.798592 0.0338799 0.0584476 0.322313
9 0.583427 0.285854 0.0131964 0.0355483 0.313926
9 0.712876 0.572591 0.0197779 0.0642441 0.307824
5 0.537651 0.913962 0.307554 0.159572 0.292027
9 0.571972 0.226254 0.0161016 0.0465639 0.291058
2 0.787342 0.83727 0.0657331 0.112569 0.284412
0 0.864306 0.585928 0.0159431 0.0607488 0.274833
2 0.799086 0.306089 0.057997 0.0615141 0.259279
0 0.839598 0.688104 0.0141552 0.0637374 0.251249
