2 0.317206 0.247095 0.0441075 0.0682871 0.815145
2 0.237252 0.168588 0.0525678 0.0618036 0.813437
2 0.796621 0.845653 0.0871864 0.119824 0.795927
2 0.706525 0.741679 0.0650938 0.121314 0.778191
2 0.0987857 0.0479893 0.0343716 0.0511016 0.730508
2 0.15394 0.118247 0.0356977 0.0576684 0.643685
2 0.198863 0.101859 0.0356992 0.056716 0.625904
2 0.770332 0.395522 0.0626989 0.0596219 0.563176
0 0.365027 0.942303 0.032506 0.0915298 0.485204
0 0.785696 0.6268 0.0145286 0.0602698 0.481748
9 0.117276 0.266507 0.0148202 0.0352568 0.437023
9 0.289519 0.794345 0.0355957 0.0505196 0.399659
2 0.143008 0.828632 0.1355 0.142566 0.395725
0 0.409678 0.302981 0.009869 0.0541945 0.39463
0 0.0305196 0.55947 0.0120538 0.0710261 0.374887
0 0.0980732 0.520761 0.0131754 0.0563883 0.370119
0 0.769946 0.544381 0.0154268 0.0558182 0.350356
0 0.181727 0.379021 0.014248 0.049066 0.349766
3 0.00814795 0.609168 0.0161769 0.0526304 0.331877
0 0.579741 0.582962 0.0135324 0.055112 0.299281
0 0.804728 0.59632 0.0149303 0.0612252 0.271339
9 0.143934 0.249872 0.0180063 0.0526504 0.263823
9 0.735006 0.615203 0.0152182 0.0512499 0.250075
