2 0.14016 0.733947 0.0978404 0.106562 0.869935
2 0.51768 0.453296 0.0742423 0.0610067 0.73128
62 0.491938 0.135606 0.117696 0.145636 0.729198
2 0.515424 0.518871 0.0868628 0.096976 0.642983
2 0.310729 0.248046 0.0363035 0.0631247 0.633571
2 0.750314 0.406241 0.0682155 0.0688591 0.615993
2 0.759211 0.348155 0.0680325 0.0660683 0.612135
2 0.218983 0.20106 0.0444317 0.0642688 0.611541
2 0.254442 0.251142 0.0449432 0.0721597 0.582472
5 0.0225028 0.121313 0.0445795 0.23497 0.570496
2 0.812556 0.280276 0.0456601 0.0650848 0.550916
2 0.116925 0.233795 0.0392498 0.0563688 0.549498
2 0.138231 0.098514 0.0342664 0.057605 0.46377
9 0.156228 0.914357 0.00980337 0.0414981 0.441511
9 0.288819 0.796198 0.0360285 0.0508906 0.432191
5 0.756084 0.262178 0.0855452 0.121282 0.303295
2 0.681929 0.341312 0.0316076 0.0399293 0.295649
9 0.736941 0.621292 0.0133937 0.052273 0.291782
