5 0.124287 0.0717758 0.0671967 0.105068 0.839353
2 0.18048 0.624253 0.0884749 0.0812114 0.836335
2 0.311974 0.605523 0.089594 0.108869 0.777339
2 0.218438 0.199091 0.0400007 0.0644702 0.755279
62 0.491382 0.139319 0.117502 0.134143 0.734945
2 0.753841 0.406659 0.0727262 0.0635878 0.699179
2 0.557312 0.504648 0.0742279 0.0785753 0.582767
2 0.253038 0.399457 0.035557 0.0574784 0.548584
5 0.771825 0.262998 0.119721 0.132807 0.523482
2 0.140061 0.180164 0.0395826 0.0510153 0.461051
2 0.652513 0.404325 0.0595665 0.0561383 0.394099
2 0.0804589 0.727956 0.0463356 0.0810669 0.333868
2 0.117926 0.230451 0.0383417 0.048684 0.327255
2 0.142703 0.26856 0.0365983 0.0467724 0.260668
