2 0.219349 0.70296 0.0975872 0.111398 0.841741
2 0.483013 0.550563 0.0926146 0.106627 0.794739
2 0.0333688 0.602747 0.0664306 0.0747559 0.79448
2 0.567357 0.478721 0.071858 0.0752436 0.768132
2 0.304397 0.245577 0.0429463 0.0667463 0.671779
2 0.257931 0.253903 0.0481587 0.0797283 0.667762
5 0.767661 0.262247 0.113338 0.126736 0.542091
2 0.253507 0.192269 0.0409204 0.0613149 0.539899
9 0.291834 0.794661 0.0414969 0.0535361 0.531212
9 0.155787 0.913888 0.00918255 0.042601 0.483893
0 0.990387 0.626129 0.0175434 0.0945736 0.469672
62 0.492485 0.134811 0.116291 0.117519 0.407828
9 0.735554 0.609849 0.0119701 0.0373725 0.362477
2 0.217078 0.14704 0.0387517 0.0583904 0.32236
0 0.844793 0.749594 0.0126066 0.0587704 0.318567
9 0.121456 0.375197 0.00958977 0.0322684 0.303122
0 0.362618 0.948634 0.0388402 0.10038 0.279984
0 0.770829 0.549082 0.013298 0.0531803 0.274431
0 0.756838 0.726739 0.0146225 0.071973 0.255099
