2 0.185583 0.684405 0.0927486 0.100379 0.892576
5 0.171425 0.12624 0.0767986 0.126713 0.884738
2 0.253744 0.253438 0.0428804 0.0661401 0.864005
2 0.190172 0.532235 0.0726059 0.0752974 0.812934
2 0.0289605 0.638633 0.0577678 0.0462468 0.812651
2 0.300203 0.242415 0.048191 0.0806922 0.77766
2 0.222854 0.208547 0.0370307 0.0636827 0.763268
2 0.828893 0.438159 0.0646196 0.0739568 0.729899
2 0.712339 0.335365 0.0779081 0.0555265 0.702942
2 0.710727 0.421727 0.0675065 0.0724496 0.686586
5 0.822136 0.260041 0.0739674 0.120013 0.685491
62 0.490757 0.128813 0.120103 0.133419 0.633725
2 0.639919 0.42248 0.0728272 0.0609191 0.620611
5 0.146283 0.192832 0.044114 0.0737594 0.391843
0 0.690927 0.860417 0.0165445 0.0648097 0.341408
0 0.0742749 0.516451 0.0182188 0.065333 0.339261
0 0.133951 0.476176 0.0115612 0.0458001 0.31046
0 0.694136 0.592846 0.0100084 0.0489958 0.308581
0 0.720883 0.677167 0.0153532 0.0632445 0.296287
7 0.146186 0.19256 0.0438794 0.0730793 0.295746
9 0.155466 0.915741 0.00863609 0.0416355 0.286298
0 0.365914 0.945329 0.0341695 0.0959796 0.271504
0 0.952733 0.706019 0.0173508 0.0766045 0.264625
