5 0.230748 0.167537 0.0861543 0.146459 0.875081
2 0.814248 0.375813 0.0457678 0.0501816 0.790533
2 0.308335 0.257121 0.0443358 0.068667 0.724766
2 0.73778 0.455684 0.0752525 0.0694748 0.586036
2 0.148993 0.125048 0.0369453 0.0468545 0.563888
62 0.491771 0.133181 0.115891 0.12382 0.522182
2 0.638853 0.452147 0.0685848 0.0717982 0.511289
0 0.11861 0.883864 0.0201425 0.0654656 0.464292
2 0.0976057 0.05293 0.0294557 0.0442393 0.386825
5 0.765497 0.26106 0.114972 0.128573 0.362609
0 0.314852 0.773932 0.0134017 0.0596003 0.359014
0 0.26489 0.84764 0.016121 0.0718696 0.290222
9 0.73521 0.615144 0.0152641 0.0443914 0.273963
2 0.263459 0.276112 0.040601 0.054377 0.265821
0 0.364362 0.947156 0.035216 0.0979618 0.259097
