2 0.790132 0.824703 0.0889852 0.128232 0.782084
2 0.304973 0.253798 0.0404347 0.0598559 0.759138
2 0.265616 0.249638 0.0435249 0.0666122 0.75599
0 0.0308873 0.553151 0.0150932 0.057756 0.637164
0 0.75386 0.56174 0.0134023 0.060174 0.561155
2 0.253208 0.181123 0.0404225 0.0587029 0.539238
0 0.807402 0.666899 0.0142992 0.0622781 0.536602
0 0.303639 0.757383 0.0142845 0.0632487 0.529998
0 0.135697 0.47864 0.0182779 0.0639421 0.514557
9 0.155361 0.912107 0.00932612 0.0423092 0.487475
0 0.324839 0.766641 0.0174452 0.0630544 0.330901
2 0.165268 0.0649145 0.0372381 0.048356 0.320979
9 0.735104 0.609648 0.0144026 0.0380215 0.304864
0 0.771886 0.664755 0.0134137 0.043142 0.304839
2 0.748638 0.42702 0.0320444 0.0411419 0.292871
62 0.491817 0.12685 0.117022 0.141919 0.290731
0 0.0687301 0.280622 0.00933566 0.0428038 0.273509
0 0.356254 0.350066 0.0101407 0.0393068 0.267657
0 0.080319 0.278496 0.0122457 0.0448535 0.252152
