2 0.254748 0.250303 0.0449003 0.0567727 0.83157
2 0.305902 0.240102 0.041031 0.0655707 0.824723
2 0.170562 0.140416 0.0369569 0.0629452 0.754886
2 0.798633 0.377107 0.0635627 0.0685109 0.74334
5 0.810651 0.279098 0.0454239 0.0780506 0.685514
7 0.827105 0.864114 0.111785 0.174151 0.64526
0 0.75344 0.765451 0.0136805 0.0599901 0.554043
0 0.312984 0.637727 0.0136646 0.051799 0.542335
0 0.6123 0.584868 0.0132558 0.0500342 0.390951
0 0.806869 0.636412 0.0126698 0.0602132 0.35661
0 0.876777 0.704284 0.0148323 0.053803 0.343233
0 0.468594 0.491057 0.0107592 0.0487472 0.328396
9 0.0341732 0.200943 0.0148491 0.0407847 0.326433
9 0.155364 0.914082 0.00870791 0.0396452 0.298173
9 0.288102 0.794403 0.0326141 0.0488525 0.29676
0 0.572189 0.807561 0.0179918 0.067129 0.294689
2 0.0953979 0.0172619 0.0354359 0.0345238 0.288243
0 0.716394 0.754659 0.0159784 0.058149 0.282563
0 0.413123 0.628424 0.0121353 0.0595054 0.282316
2 0.846374 0.435929 0.0483192 0.064303 0.278114
0 0.205492 0.938631 0.0149827 0.070537 0.276502
0 0.496752 0.765972 0.0202641 0.0678792 0.254575
0 0.593558 0.787499 0.0151243 0.061054 0.253748
0 0.0171358 0.529533 0.0125946 0.0534739 0.250361
