2 0.247671 0.401404 0.0390309 0.0707425 0.73495
2 0.815556 0.866322 0.0859798 0.130204 0.51515
9 0.155816 0.912282 0.00966248 0.0404263 0.495556
7 0.2445 0.588159 0.036862 0.0884876 0.443988
0 0.364479 0.947137 0.0322119 0.0994159 0.438621
62 0.492298 0.125019 0.117794 0.137325 0.419891
2 0.244373 0.588323 0.0371478 0.0890155 0.414451
0 0.451782 0.322369 0.0111685 0.0544307 0.366809
9 0.14217 0.249075 0.0119496 0.0501091 0.354686
7 0.266444 0.798393 0.0752327 0.107358 0.345266
9 0.624464 0.245982 0.0206017 0.0719026 0.336191
9 0.57164 0.22624 0.015897 0.0469883 0.321345
9 0.11761 0.26715 0.0144655 0.0337691 0.309015
0 0.0120511 0.556054 0.0224419 0.0573952 0.307061
2 0.266489 0.798508 0.0753665 0.107598 0.280588
0 0.0711591 0.51714 0.0162251 0.0724599 0.279534
0 0.147347 0.48191 0.0103035 0.0615307 0.270847
