5 0.611906 0.918448 0.171821 0.157951 0.88114
2 0.553721 0.614232 0.0781549 0.103686 0.847715
2 0.194337 0.169727 0.039173 0.0599813 0.785869
2 0.783918 0.920634 0.086922 0.132103 0.77374
2 0.273293 0.634334 0.036764 0.0754123 0.723117
2 0.300465 0.301394 0.0460134 0.0706006 0.701284
2 0.1083 0.0552576 0.0321229 0.0433591 0.612741
2 0.382579 0.408943 0.0579157 0.0922053 0.521851
2 0.813057 0.280093 0.0429321 0.0694738 0.485073
62 0.492075 0.135997 0.11741 0.141385 0.479172
9 0.155868 0.914713 0.00921504 0.0399935 0.437654
5 0.76647 0.261785 0.115638 0.132062 0.416402
2 0.147245 0.176898 0.0403052 0.0499443 0.339813
9 0.287833 0.798165 0.0326959 0.0542006 0.329302
9 0.735901 0.615291 0.0140583 0.0451555 0.32789
2 0.115593 0.229816 0.0373239 0.0531931 0.257387
