2 0.562338 0.624185 0.0718462 0.0949965 0.843842
5 0.796657 0.365567 0.0839409 0.110146 0.803394
2 0.185953 0.257192 0.0385753 0.0505203 0.796459
2 0.245783 0.377253 0.0391115 0.0690604 0.79139
2 0.0998453 0.2149 0.0414407 0.0485403 0.718821
6 0.904983 0.0461799 0.188503 0.0906975 0.650956
62 0.490901 0.130912 0.119829 0.135617 0.472215
5 0.536643 0.289375 0.123724 0.081646 0.383139
3 0.218357 0.769588 0.0165656 0.058056 0.33765
5 0.912625 0.941201 0.151895 0.116463 0.333758
5 0.509364 0.932687 0.11052 0.132785 0.325961
0 0.69678 0.874796 0.0141573 0.0632704 0.30054
2 0.718347 0.824954 0.0881866 0.116936 0.293112
7 0.912565 0.941205 0.151502 0.115556 0.270616
5 0.763735 0.263976 0.120358 0.136776 0.265839
0 0.112319 0.968782 0.0194709 0.0601813 0.253137
