2 0.802493 0.387702 0.0594975 0.0668219 0.709147
2 0.111315 0.230381 0.0393859 0.0499076 0.4655
5 0.022222 0.121916 0.043776 0.237145 0.443855
0 0.0825114 0.611637 0.021262 0.0648227 0.330662
0 0.812648 0.646978 0.011809 0.0531925 0.310547
0 0.834535 0.685479 0.0150507 0.0528333 0.302174
0 0.594392 0.448263 0.0142714 0.0487623 0.297923
0 0.745651 0.532474 0.0124525 0.0566953 0.294101
0 0.796175 0.725793 0.0164914 0.0585415 0.277867
0 0.618245 0.562899 0.0125109 0.0536543 0.274057
0 0.119104 0.527681 0.0169772 0.0735851 0.269054
0 0.468223 0.49073 0.0127129 0.0427529 0.268669
0 0.255479 0.500552 0.0121623 0.0791448 0.255388
0 0.334372 0.520937 0.0165844 0.0564174 0.251303
0 0.682791 0.770346 0.0141762 0.0646345 0.250079
