0 0.35257 0.603814 0.015058 0.065094 0.708502
2 0.801497 0.379561 0.0597603 0.0661299 0.698666
2 0.311968 0.262859 0.049058 0.06137 0.698421
0 0.0686312 0.50484 0.0164409 0.0579349 0.6031
0 0.708119 0.831768 0.0121169 0.0647024 0.589671
0 0.364863 0.944371 0.0319427 0.0983351 0.511592
0 0.154116 0.810518 0.0163081 0.0795573 0.50273
0 0.381685 0.373172 0.0122176 0.0556592 0.493388
0 0.765839 0.604699 0.0136253 0.0597497 0.47867
5 0.767053 0.259553 0.111374 0.131139 0.453643
0 0.886388 0.667781 0.0169956 0.0598055 0.402393
9 0.0347889 0.2002 0.0135023 0.0356185 0.395085
0 0.46855 0.565194 0.0112472 0.0451201 0.366672
0 0.367815 0.328201 0.0124405 0.0484727 0.36219
0 0.211144 0.809936 0.0185382 0.0586217 0.334619
0 0.84132 0.549721 0.0124344 0.0501282 0.305725
0 0.275623 0.930781 0.0196836 0.0668993 0.2861
0 0.615364 0.633546 0.0148619 0.0572839 0.284175
0 0.628208 0.77846 0.0202894 0.066984 0.280695
0 0.809038 0.690928 0.0155727 0.0585493 0.273458
0 0.830195 0.647124 0.0142948 0.0722373 0.265007
2 0.849901 0.427218 0.02285 0.0557646 0.25681
