5 0.233621 0.583135 0.204882 0.185555 0.941131
2 0.226794 0.477627 0.0566748 0.0730589 0.832279
5 0.854004 0.893768 0.197617 0.207422 0.831739
2 0.237717 0.361742 0.0388306 0.0733534 0.821952
2 0.209619 0.275092 0.0432013 0.0507347 0.807266
2 0.248872 0.253595 0.0427322 0.0559271 0.80349
2 0.278638 0.658555 0.0731151 0.0864051 0.785176
2 0.211884 0.201014 0.0424291 0.0510054 0.724081
5 0.273509 0.190201 0.0850651 0.149351 0.717181
2 0.106908 0.193594 0.0319259 0.0527392 0.662389
2 0.155339 0.180735 0.0432373 0.0573584 0.658158
5 0.0224732 0.125385 0.0444554 0.246583 0.56699
2 0.174868 0.148803 0.0310518 0.0552529 0.541863
5 0.538787 0.292982 0.133602 0.0878329 0.495809
2 0.142834 0.108274 0.0342301 0.0506695 0.416296
0 0.10547 0.516319 0.0127859 0.0557927 0.350044
0 0.0490502 0.542681 0.0145396 0.0759617 0.27483
0 0.0264944 0.549984 0.014675 0.0578661 0.26155
0 0.0794909 0.533707 0.0127318 0.0583407 0.250471
