5 0.225378 0.196045 0.0843697 0.136061 0.898818
5 0.57777 0.919295 0.211465 0.156862 0.893899
2 0.760114 0.886771 0.0904925 0.130919 0.861229
2 0.598787 0.680272 0.0680489 0.112293 0.848851
2 0.677863 0.791678 0.0771647 0.110041 0.826858
2 0.874441 0.961199 0.0828722 0.073568 0.776927
2 0.277183 0.286558 0.0415583 0.0592539 0.718274
5 0.314173 0.22743 0.078052 0.153382 0.705651
2 0.140577 0.109644 0.0350422 0.0471951 0.62276
2 0.79803 0.433837 0.0693632 0.0663859 0.604041
2 0.103586 0.0603997 0.032173 0.0477235 0.60387
2 0.175392 0.155386 0.0251995 0.0538106 0.51712
2 0.0729905 0.0220377 0.0341687 0.0425709 0.501252
5 0.0235967 0.124219 0.0463051 0.241498 0.423842
62 0.492534 0.135172 0.117357 0.130607 0.422266
9 0.287939 0.79833 0.0339376 0.0451216 0.302096
0 0.365532 0.946397 0.0338028 0.0986501 0.280632
0 0.942702 0.933486 0.0162874 0.0700504 0.273349
