2 0.364622 0.584954 0.0834114 0.09333 0.87675
2 0.209727 0.684496 0.0945074 0.0869871 0.824593
5 0.139188 0.083937 0.0739851 0.116787 0.82301
2 0.0755676 0.618398 0.0794693 0.0739963 0.813068
2 0.210913 0.62332 0.0887705 0.075513 0.788717
2 0.49023 0.483556 0.0700277 0.0689322 0.779812
2 0.186924 0.160559 0.0366056 0.0602625 0.779653
2 0.536872 0.505676 0.0733443 0.0819397 0.765968
5 0.162059 0.0476142 0.0728071 0.0952284 0.756672
2 0.271711 0.273732 0.0473565 0.0596063 0.743181
2 0.229936 0.213304 0.0432643 0.0592459 0.73772
2 0.78189 0.425644 0.0669178 0.0677982 0.671723
2 0.728943 0.375 0.0631073 0.0447895 0.569835
62 0.492575 0.129548 0.117523 0.133541 0.498936
0 0.290772 0.723494 0.0161513 0.0559333 0.38937
2 0.826582 0.312709 0.0229507 0.0439829 0.362712
2 0.0946891 0.0476112 0.0234203 0.0453534 0.32674
