2 0.542402 0.603945 0.060499 0.09217 0.814264
2 0.189161 0.0893892 0.0379895 0.0462607 0.74912
2 0.789744 0.825842 0.085869 0.128406 0.699898
2 0.621349 0.389341 0.0713726 0.0638847 0.645615
5 0.0646406 0.405358 0.129071 0.178318 0.510177
9 0.155553 0.912 0.0085989 0.0417613 0.495972
0 0.120768 0.956809 0.0161521 0.059157 0.495619
0 0.737177 0.51811 0.0143183 0.0542034 0.455825
9 0.736059 0.605893 0.0131366 0.0384309 0.377294
9 0.583329 0.285341 0.0132847 0.0349272 0.343682
9 0.572458 0.226063 0.0153111 0.0448726 0.323133
0 0.156928 0.439837 0.017856 0.0646347 0.308319
0 0.141014 0.444917 0.0140183 0.0607997 0.293023
9 0.267094 0.843894 0.0355185 0.0985833 0.2928
0 0.744083 0.676822 0.0125953 0.0644867 0.261407
9 0.776435 0.411051 0.0613035 0.0707713 0.260606
