2 0.412398 0.441559 0.0605491 0.0862732 0.820158
2 0.263553 0.687534 0.0453102 0.100912 0.715372
2 0.181889 0.325718 0.0315647 0.0646242 0.648294
2 0.657592 0.381336 0.0692938 0.0567446 0.630193
5 0.803142 0.359311 0.0647917 0.108016 0.603539
9 0.141563 0.250735 0.0128833 0.0521304 0.556764
9 0.15597 0.913017 0.00938811 0.0404985 0.524404
62 0.491861 0.129454 0.117692 0.134616 0.373344
9 0.116878 0.267508 0.0148572 0.0343534 0.33444
9 0.583649 0.287431 0.0145413 0.0336031 0.332676
0 0.577456 0.363483 0.0110653 0.0493891 0.329592
9 0.28641 0.797495 0.0331165 0.0545329 0.325773
9 0.7356 0.614863 0.0152166 0.0498403 0.303758
2 0.889108 0.944036 0.0826553 0.111836 0.252124
