2 0.184328 0.63721 0.0923763 0.0812242 0.884718
5 0.235949 0.201073 0.0954128 0.155709 0.849449
2 0.306582 0.246642 0.0416812 0.0624467 0.727055
0 0.0591263 0.482261 0.0119691 0.0538175 0.556634
2 0.102797 0.164142 0.0244975 0.0445832 0.454739
0 0.68551 0.868059 0.0177625 0.0666992 0.400693
0 0.10638 0.514222 0.0114154 0.050444 0.392203
0 0.15533 0.458022 0.0103074 0.0488341 0.382134
0 0.365036 0.943924 0.0334188 0.0983142 0.332187
0 0.0177902 0.555632 0.0110738 0.05554 0.320592
0 0.119646 0.479328 0.0222284 0.0532033 0.299691
0 0.0264001 0.562215 0.0135363 0.0525255 0.296338
0 0.873551 0.863816 0.0220224 0.0895016 0.275686
