2 0.320599 0.272696 0.0435884 0.064171 0.807272
2 0.110229 0.0523386 0.033879 0.0553658 0.700276
2 0.172877 0.13779 0.0378782 0.0597007 0.657029
2 0.803611 0.389774 0.0647116 0.0690529 0.609461
0 0.203466 0.47131 0.0130899 0.0458678 0.551675
9 0.0352973 0.199804 0.0146108 0.0366642 0.481701
0 0.506778 0.700621 0.0158916 0.0647736 0.465298
0 0.428399 0.741667 0.013233 0.0608381 0.416785
62 0.492525 0.125929 0.117819 0.136318 0.400899
2 0.738846 0.475469 0.0602413 0.0819982 0.370285
0 0.342331 0.694361 0.0209181 0.0655272 0.341283
9 0.156173 0.912064 0.00841961 0.0407925 0.316431
9 0.572064 0.227588 0.0135604 0.0423917 0.313811
0 0.558834 0.782881 0.0152855 0.0660641 0.278701
0 0.429269 0.809196 0.0133705 0.0620995 0.273039
0 0.46352 0.751121 0.0167685 0.0693125 0.272079
0 0.622655 0.735904 0.0179453 0.0724918 0.262746
5 0.765732 0.259674 0.112123 0.131463 0.252619
