5 0.776486 0.892375 0.172896 0.204321 0.911351
2 0.790591 0.383093 0.0614428 0.0716144 0.80394
2 0.299187 0.295469 0.0508644 0.0830752 0.788989
5 0.854516 0.964176 0.103176 0.069242 0.633888
2 0.835723 0.409169 0.0555595 0.0505525 0.606521
6 0.89941 0.0461141 0.200011 0.0911043 0.481937
0 0.0937854 0.563104 0.0144101 0.0572453 0.456095
0 0.897747 0.621678 0.0128475 0.0522805 0.435502
0 0.364321 0.941696 0.0325703 0.0936752 0.370475
0 0.683854 0.680477 0.0120983 0.0543596 0.331825
0 0.055133 0.573918 0.0140871 0.0529989 0.328862
0 0.186535 0.425415 0.0151991 0.0744841 0.326478
0 0.846022 0.616014 0.0154982 0.0581479 0.313104
5 0.76468 0.262326 0.118641 0.136766 0.283535
