2 0.786531 0.379818 0.0610851 0.0682483 0.753609
0 0.835643 0.720506 0.0147537 0.0680462 0.605553
0 0.831183 0.521336 0.0125481 0.0486235 0.563302
2 0.528681 0.550766 0.0766243 0.0873732 0.562726
0 0.758526 0.633226 0.0129162 0.0578881 0.562398
2 0.820809 0.401027 0.0412323 0.0714584 0.560612
0 0.737597 0.75113 0.0133258 0.0599243 0.534139
0 0.815845 0.688457 0.0156452 0.0598623 0.528447
0 0.192038 0.457952 0.0149985 0.0531022 0.474852
0 0.967918 0.502749 0.0162777 0.0569997 0.329171
0 0.0632521 0.518933 0.0132798 0.0695669 0.255503
