2 0.802747 0.289909 0.0661888 0.0679463 0.677672
0 0.728092 0.646882 0.0144421 0.0552558 0.670989
2 0.244654 0.417868 0.0378892 0.0672225 0.65711
0 0.772217 0.671742 0.0117934 0.0705399 0.638491
0 0.795857 0.75736 0.0160215 0.0687102 0.431924
0 0.862339 0.537578 0.0111547 0.0443585 0.423818
0 0.0694262 0.529342 0.0128629 0.0590114 0.354937
0 0.892212 0.731114 0.01642 0.040174 0.341743
5 0.0226337 0.120603 0.0445481 0.237499 0.33356
0 0.86848 0.585367 0.0109703 0.0476363 0.332721
0 0.50922 0.359311 0.00953236 0.0449933 0.310588
9 0.571801 0.226793 0.0136882 0.0452438 0.305924
2 0.688033 0.34372 0.0611621 0.064119 0.302999
0 0.897201 0.617583 0.0145615 0.0654605 0.28858
9 0.287583 0.796247 0.0324279 0.051727 0.276413
0 0.0896888 0.518179 0.0123708 0.0552885 0.275608
2 0.861877 0.426502 0.0316383 0.044021 0.273376
0 0.882626 0.577979 0.00930195 0.0458576 0.269863
