5 0.172417 0.131505 0.0745093 0.120115 0.85394
2 0.408054 0.616048 0.0850414 0.101354 0.840525
2 0.581562 0.517762 0.072971 0.0820296 0.838489
2 0.3847 0.569046 0.071801 0.0858263 0.802052
2 0.221177 0.50936 0.0529055 0.075209 0.789818
2 0.22062 0.213692 0.0396 0.0596383 0.77047
5 0.108548 0.051929 0.0680418 0.103456 0.762209
2 0.260981 0.259686 0.039009 0.0711093 0.754384
2 0.298679 0.250718 0.0399375 0.0573473 0.687229
2 0.670227 0.430518 0.0575155 0.0761609 0.687039
2 0.267162 0.201679 0.0379912 0.0567434 0.66737
0 0.364814 0.943886 0.0324761 0.0935747 0.439013
5 0.0226934 0.125737 0.0449301 0.246509 0.404115
5 0.799216 0.459026 0.0683191 0.0804408 0.380982
0 0.131492 0.501933 0.0137144 0.0588787 0.299329
0 0.693501 0.640741 0.0114782 0.0579419 0.292497
62 0.491225 0.128791 0.118506 0.136673 0.262743
0 0.918073 0.913767 0.0156437 0.0661469 0.250895
