2 0.617119 0.713966 0.0695987 0.108653 0.846952
2 0.516233 0.586929 0.0687023 0.0933269 0.839108
2 0.431202 0.362908 0.060902 0.0710188 0.831186
5 0.0215494 0.125589 0.0426679 0.247369 0.747538
2 0.224366 0.217423 0.0417266 0.0554741 0.737393
5 0.313953 0.299954 0.0991036 0.170522 0.687509
2 0.257541 0.189319 0.0397844 0.0596647 0.687215
2 0.708319 0.335623 0.0724278 0.0626775 0.669306
2 0.247246 0.302227 0.0465839 0.0711557 0.652799
5 0.147283 0.254975 0.0676474 0.115724 0.628706
5 0.287504 0.718859 0.0614077 0.266481 0.622304
2 0.213843 0.266904 0.0459803 0.0626099 0.53019
2 0.104961 0.111328 0.0258996 0.0519062 0.475006
2 0.275652 0.360837 0.0356823 0.0634271 0.436522
2 0.824375 0.403929 0.0325504 0.0466453 0.421155
0 0.0932299 0.534031 0.0161403 0.055505 0.396815
5 0.535006 0.294363 0.128587 0.0923259 0.293243
62 0.491839 0.139656 0.118376 0.157328 0.263439
