2 0.219855 0.704224 0.091993 0.105243 0.879493
2 0.125037 0.582051 0.0791462 0.0714884 0.879174
2 0.133081 0.693704 0.106464 0.123987 0.877893
2 0.232031 0.480912 0.0575562 0.0692517 0.835697
2 0.344499 0.552279 0.085776 0.0710337 0.80749
5 0.200338 0.156847 0.0820607 0.148504 0.761851
2 0.715202 0.417709 0.0697762 0.0748995 0.729051
2 0.115786 0.642656 0.0867136 0.0725301 0.719704
2 0.271687 0.220118 0.0378334 0.0470041 0.666626
2 0.462861 0.532096 0.0635802 0.0851582 0.613172
5 0.526056 0.290449 0.12288 0.087773 0.603569
2 0.146742 0.119327 0.0342745 0.0499382 0.528093
62 0.491996 0.132684 0.117425 0.135831 0.474576
2 0.0973985 0.218836 0.0449742 0.0484601 0.465214
2 0.821713 0.287319 0.027935 0.0476967 0.429356
0 0.634612 0.685646 0.0184312 0.063667 0.272602
9 0.572969 0.229989 0.0154263 0.0433084 0.261313
2 0.130425 0.0587611 0.0599812 0.0803674 0.257997
5 0.021535 0.122019 0.0425859 0.241392 0.255338
0 0.683704 0.873504 0.0126572 0.0575151 0.255071
