7 0.189225 0.0735507 0.0495925 0.0931666 0.827249
2 0.383631 0.346668 0.0622893 0.0713742 0.803924
2 0.292376 0.244385 0.0419679 0.0650656 0.750991
2 0.263793 0.579338 0.0462412 0.0907477 0.747569
0 0.143931 0.480549 0.0106837 0.0543683 0.616549
9 0.141961 0.251084 0.0124749 0.0528108 0.515849
0 0.397497 0.291851 0.0101955 0.0477052 0.509536
9 0.286952 0.798173 0.0321731 0.0562208 0.488441
9 0.734606 0.612665 0.0143252 0.0467494 0.472997
2 0.271379 0.976918 0.0414595 0.0461644 0.403851
0 0.493208 0.330041 0.0112628 0.0482475 0.389829
9 0.117201 0.268169 0.0155614 0.0332978 0.336197
9 0.583192 0.286857 0.0141573 0.034236 0.318286
0 0.419092 0.301329 0.0132673 0.045468 0.306083
0 0.490876 0.330432 0.0133026 0.0470309 0.276162
9 0.571637 0.22796 0.0136795 0.0460381 0.276008
0 0.364712 0.946569 0.0346124 0.0991597 0.268888
2 0.136607 0.897115 0.102989 0.101083 0.266034
2 0.135986 0.874365 0.0619319 0.0540785 0.251092
