5 0.822717 0.259377 0.0722551 0.114902 0.850774
2 0.29297 0.235699 0.0419935 0.0606518 0.781272
2 0.234293 0.226634 0.0406294 0.0622817 0.763685
2 0.221719 0.155018 0.0380351 0.049775 0.72792
2 0.712451 0.334816 0.0773718 0.054818 0.636253
2 0.154553 0.130795 0.0376212 0.0490495 0.593576
5 0.528504 0.288477 0.120479 0.0823263 0.57897
2 0.258501 0.192922 0.0376665 0.064665 0.532514
9 0.260951 0.269973 0.0179242 0.0498135 0.427709
2 0.808019 0.377674 0.0469122 0.0604827 0.336454
5 0.0219524 0.13002 0.0435052 0.250768 0.269006
