2 0.252818 0.244387 0.0409208 0.0661096 0.794736
2 0.794786 0.375671 0.0521563 0.0669518 0.718329
2 0.199715 0.176041 0.0381427 0.0608431 0.694808
2 0.827922 0.403779 0.0540989 0.0643617 0.642187
0 0.480307 0.837761 0.0111759 0.0547845 0.533035
0 0.754973 0.72493 0.0133398 0.0596 0.403043
0 0.717131 0.853821 0.0117466 0.0607695 0.329086
0 0.829693 0.692471 0.0160114 0.0643512 0.308134
0 0.950712 0.749116 0.0179115 0.0643992 0.307563
0 0.782586 0.640442 0.0137581 0.0590932 0.300946
62 0.492454 0.12648 0.116618 0.137481 0.296532
0 0.594529 0.682025 0.0140765 0.051844 0.271409
5 0.0653046 0.406266 0.130426 0.173463 0.26837
