5 0.290962 0.204636 0.0768737 0.152983 0.880274
2 0.212468 0.207249 0.0397231 0.0559532 0.833774
2 0.251971 0.242437 0.0455793 0.0779473 0.796617
2 0.128567 0.193459 0.0433084 0.0661375 0.753613
2 0.697498 0.364169 0.0674269 0.0716131 0.676761
2 0.111324 0.151655 0.0318632 0.0442335 0.636496
62 0.49142 0.131237 0.120073 0.139071 0.358788
0 0.364508 0.945856 0.0329744 0.0968157 0.322925
0 0.057639 0.551088 0.0114641 0.0519012 0.274755
0 0.0556656 0.552216 0.0116702 0.0541665 0.264021
0 0.905402 0.891515 0.0184216 0.0726186 0.251832
