2 0.308066 0.250894 0.0407291 0.0573167 0.814572
2 0.809852 0.374227 0.0454092 0.0589418 0.682804
2 0.136934 0.0890467 0.0384876 0.0533507 0.624281
2 0.267949 0.18853 0.0393909 0.0598704 0.597693
62 0.492023 0.130614 0.118698 0.141932 0.498935
5 0.533902 0.287964 0.130154 0.0799282 0.492895
2 0.842659 0.420932 0.0611385 0.0541383 0.358208
9 0.0343339 0.205244 0.0141214 0.0357837 0.349004
0 0.542637 0.479553 0.00931454 0.0474672 0.325122
5 0.0717222 0.020537 0.0360556 0.0410741 0.299491
2 0.157356 0.065684 0.0347776 0.0495619 0.267026
0 0.209717 0.726769 0.0179929 0.0697588 0.251221
