2 0.0965071 0.588961 0.0842681 0.0828842 0.880148
2 0.272007 0.631405 0.0943314 0.0833372 0.866512
2 0.599643 0.466768 0.0718163 0.0801261 0.859099
5 0.204275 0.169749 0.0794729 0.125622 0.825561
2 0.257211 0.253969 0.0396358 0.0632516 0.823177
2 0.791759 0.380799 0.0633427 0.0674886 0.774698
2 0.298817 0.234841 0.0418516 0.068065 0.771348
2 0.134288 0.110114 0.0325398 0.0491554 0.655506
2 0.256865 0.190782 0.0341769 0.0608526 0.525395
0 0.0982324 0.504457 0.0117019 0.0583077 0.436044
0 0.167797 0.428263 0.0145434 0.0513017 0.41852
9 0.155342 0.914254 0.00872889 0.0429555 0.319137
0 0.364303 0.945032 0.0317694 0.0957767 0.304759
0 0.945459 0.724678 0.0148813 0.0599382 0.295473
0 0.721191 0.671877 0.0113945 0.0561482 0.255081
