2 0.611644 0.671442 0.0751327 0.103827 0.861639
2 0.435029 0.367051 0.0605225 0.0736896 0.837324
2 0.185029 0.922423 0.0916518 0.104294 0.787487
2 0.33025 0.27639 0.0440784 0.0727724 0.726778
2 0.100382 0.846205 0.0731451 0.0974586 0.425537
0 0.364047 0.940343 0.0322842 0.0868822 0.418379
2 0.293627 0.826271 0.0392628 0.091925 0.417904
62 0.492052 0.129219 0.117916 0.14566 0.398933
9 0.144993 0.260078 0.0227544 0.0673871 0.397621
0 0.66817 0.603599 0.011463 0.0628769 0.375582
2 0.672004 0.378593 0.0690615 0.0584795 0.368683
0 0.0798648 0.507353 0.0143237 0.0570708 0.342078
0 0.107203 0.52663 0.012598 0.0639069 0.278613
0 0.956699 0.587991 0.0133987 0.0535036 0.260158
9 0.379319 0.144035 0.0152128 0.0589774 0.254461
2 0.611644 0.671442 0.0751327 0.103827 0.861639
2 0.435029 0.367051 0.0605225 0.0736896 0.837324
2 0.185029 0.922423 0.0916518 0.104294 0.787487
2 0.33025 0.27639 0.0440784 0.0727724 0.726778
2 0.100382 0.846205 0.0731451 0.0974586 0.425537
0 0.364047 0.940343 0.0322842 0.0868822 0.418379
2 0.293627 0.826271 0.0392628 0.091925 0.417904
62 0.492052 0.129219 0.117916 0.14566 0.398933
9 0.144993 0.260078 0.0227544 0.0673871 0.397621
0 0.66817 0.603599 0.011463 0.0628769 0.375582
2 0.672004 0.378593 0.0690615 0.0584795 0.368683
0 0.0798648 0.507353 0.0143237 0.0570708 0.342078
0 0.107203 0.52663 0.012598 0.0639069 0.278613
0 0.956699 0.587991 0.0133987 0.0535036 0.260158
9 0.379319 0.144035 0.0152128 0.0589774 0.254461
