2 0.256857 0.260906 0.0437197 0.069053 0.805837
9 0.155319 0.912364 0.00919528 0.0423448 0.546983
0 0.132048 0.417111 0.0123014 0.0528207 0.528104
2 0.799087 0.383863 0.0330796 0.0501336 0.478438
0 0.148069 0.404475 0.0112998 0.0464255 0.435667
2 0.832298 0.411049 0.0337467 0.0700555 0.433564
0 0.291303 0.429665 0.0143974 0.0537014 0.426234
0 0.141858 0.466808 0.0147864 0.0588228 0.40662
62 0.49221 0.125811 0.1181 0.13896 0.382742
0 0.194949 0.451965 0.0107189 0.0497406 0.358473
9 0.623749 0.252434 0.0198987 0.0766769 0.357562
9 0.281397 0.826221 0.050142 0.0845222 0.35325
5 0.0658852 0.403402 0.131614 0.180925 0.335406
0 0.4239 0.801755 0.0117503 0.05949 0.32045
9 0.117177 0.267783 0.0144641 0.0336834 0.306679
2 0.14638 0.0364274 0.0377571 0.047902 0.301348
0 0.873834 0.623029 0.0163433 0.0595107 0.299747
9 0.583201 0.28604 0.016071 0.0393326 0.293036
0 0.896121 0.608745 0.0107851 0.0566337 0.286236
9 0.583039 0.281877 0.0187685 0.0519792 0.285064
