2 0.240625 0.168729 0.0399612 0.0632618 0.747278
2 0.830886 0.438742 0.0702716 0.0603546 0.724863
2 0.312766 0.252987 0.0476425 0.0711914 0.708191
2 0.809852 0.387048 0.0562272 0.0667989 0.656991
0 0.0916091 0.752094 0.0244148 0.0572161 0.633186
0 0.507182 0.705473 0.0227596 0.0597986 0.629904
0 0.352848 0.8358 0.01884 0.0652035 0.422044
0 0.382789 0.758429 0.0127284 0.0624315 0.396831
0 0.556481 0.519373 0.012126 0.0576412 0.376977
0 0.7426 0.684043 0.0158266 0.06377 0.367421
0 0.732309 0.67681 0.0116335 0.0591159 0.366415
9 0.0349884 0.200973 0.0150113 0.03862 0.355073
0 0.82966 0.752657 0.0121986 0.0585926 0.342807
0 0.494314 0.849625 0.0197371 0.0890678 0.336611
0 0.295152 0.62798 0.016137 0.044555 0.325433
0 0.190418 0.756443 0.0157087 0.0543664 0.321485
0 0.546643 0.795075 0.0148346 0.0654622 0.299582
9 0.57159 0.227064 0.0148873 0.0455836 0.298149
0 0.792885 0.739373 0.0130678 0.0615936 0.274796
0 0.819536 0.526282 0.0124228 0.0556315 0.268133
0 0.782691 0.531688 0.0175968 0.0612442 0.266066
0 0.380303 0.849489 0.0187952 0.0749634 0.259923
0 0.320963 0.621964 0.0154387 0.0470122 0.25099
