2 0.208129 0.522532 0.0707528 0.074285 0.727
2 0.267248 0.264579 0.0432727 0.064161 0.69791
2 0.228275 0.211214 0.038413 0.0620415 0.671645
2 0.160944 0.204426 0.0376825 0.0583956 0.628789
0 0.793169 0.685873 0.0119997 0.0641693 0.583391
2 0.0308991 0.591924 0.0617981 0.079245 0.582829
5 0.767522 0.262257 0.111215 0.123068 0.534213
0 0.0931212 0.53022 0.0123475 0.0557532 0.531749
0 0.820663 0.73697 0.0195007 0.0732914 0.50534
62 0.492234 0.130421 0.11766 0.148822 0.496072
2 0.806703 0.847227 0.0853343 0.124485 0.47803
0 0.0321989 0.528197 0.013496 0.0582712 0.470251
2 0.268793 0.667198 0.0347174 0.0483007 0.466312
2 0.254673 0.378605 0.0360402 0.0725822 0.459414
9 0.735012 0.610417 0.0120256 0.0399717 0.446774
0 0.937957 0.562791 0.0140163 0.0583613 0.401332
5 0.524259 0.299416 0.111664 0.10923 0.401327
0 0.730472 0.66404 0.014342 0.052201 0.387311
2 0.783251 0.307386 0.0540424 0.0673434 0.372014
0 0.106379 0.51108 0.0131968 0.0727765 0.358822
2 0.795172 0.344284 0.0538989 0.055376 0.347522
9 0.2909 0.793665 0.0395079 0.0548496 0.327838
0 0.756093 0.688271 0.0147934 0.088364 0.324027
0 0.759993 0.534773 0.0139892 0.0564765 0.2591
0 0.705723 0.661391 0.0110753 0.0583952 0.251163
