2 0.255749 0.258847 0.0407129 0.0567192 0.831671
2 0.304234 0.245972 0.0436789 0.0680951 0.777684
2 0.258469 0.184611 0.0426251 0.0626498 0.765792
2 0.174782 0.303171 0.0336989 0.0646569 0.747813
2 0.188747 0.0895491 0.0386682 0.0472704 0.732217
2 0.214835 0.147679 0.0385342 0.060316 0.671219
2 0.11549 0.0437064 0.0354906 0.0509262 0.533852
9 0.289439 0.794835 0.0374507 0.0496367 0.477656
0 0.689385 0.605318 0.0126475 0.0605018 0.439297
0 0.933451 0.644301 0.0173206 0.0870212 0.419086
0 0.0758559 0.496533 0.0175114 0.0613922 0.403167
9 0.155865 0.912017 0.0077853 0.0404412 0.37499
0 0.781886 0.639824 0.0145874 0.0661914 0.366953
62 0.492221 0.128463 0.118302 0.137832 0.347088
0 0.580338 0.572739 0.00846691 0.0511781 0.320849
9 0.142152 0.250176 0.015275 0.0496774 0.318316
0 0.344279 0.630108 0.011898 0.0520294 0.311829
9 0.73506 0.618615 0.014254 0.0575146 0.307295
0 0.35205 0.618015 0.0121821 0.0555766 0.303803
9 0.118183 0.267235 0.0129407 0.0335253 0.30047
0 0.916474 0.619093 0.0158443 0.0571677 0.298234
9 0.571658 0.226256 0.0153744 0.0460632 0.297647
5 0.0644282 0.405201 0.128856 0.177163 0.284141
0 0.482253 0.350303 0.00985937 0.0527359 0.272215
2 0.758402 0.404667 0.0291821 0.042805 0.26818
0 0.450522 0.3352 0.0149679 0.066027 0.260963
