2 0.641436 0.716214 0.0774696 0.107986 0.783605
2 0.237063 0.941847 0.0641109 0.11324 0.732963
2 0.180923 0.321882 0.0430494 0.0605893 0.59644
0 0.764569 0.739582 0.0126966 0.0758382 0.514131
2 0.808442 0.334911 0.044792 0.0531292 0.490261
62 0.491885 0.12982 0.11745 0.142283 0.448284
9 0.28695 0.799138 0.0323373 0.0522786 0.422609
0 0.132174 0.490492 0.0148147 0.0593679 0.382454
2 0.0820026 0.852823 0.0493071 0.0856611 0.373168
9 0.155346 0.912415 0.00903511 0.042317 0.360537
9 0.73558 0.610749 0.0123585 0.037443 0.328549
2 0.109374 0.207581 0.0243873 0.0326386 0.284891
0 0.783002 0.715151 0.0115522 0.054264 0.276105
0 0.404976 0.302382 0.0110903 0.0513245 0.262484
2 0.641436 0.716214 0.0774696 0.107986 0.783605
2 0.237063 0.941847 0.0641109 0.11324 0.732963
2 0.180923 0.321882 0.0430494 0.0605893 0.59644
0 0.764569 0.739582 0.0126966 0.0758382 0.514131
2 0.808442 0.334911 0.044792 0.0531292 0.490261
62 0.491885 0.12982 0.11745 0.142283 0.448284
9 0.28695 0.799138 0.0323373 0.0522786 0.422609
0 0.132174 0.490492 0.0148147 0.0593679 0.382454
2 0.0820026 0.852823 0.0493071 0.0856611 0.373168
9 0.155346 0.912415 0.00903511 0.042317 0.360537
9 0.73558 0.610749 0.0123585 0.037443 0.328549
2 0.109374 0.207581 0.0243873 0.0326386 0.284891
0 0.783002 0.715151 0.0115522 0.054264 0.276105
0 0.404976 0.302382 0.0110903 0.0513245 0.262484
