5 0.156222 0.0499178 0.0800015 0.0989254 0.797608
2 0.256526 0.254747 0.0425482 0.0723006 0.762704
2 0.219967 0.206008 0.0395868 0.0566055 0.695757
2 0.29315 0.240556 0.044461 0.0545981 0.673146
2 0.750654 0.365006 0.0763062 0.057128 0.666914
2 0.194309 0.165475 0.0357192 0.0559404 0.598015
2 0.811175 0.332043 0.0486366 0.0535826 0.572772
2 0.225542 0.158417 0.0388265 0.0594259 0.547933
2 0.71545 0.338622 0.0811097 0.0535166 0.504739
2 0.270247 0.189662 0.0383281 0.0568834 0.415576
62 0.49264 0.130317 0.117644 0.143171 0.413308
2 0.617259 0.40187 0.0805052 0.0570463 0.395418
2 0.136677 0.0923032 0.0345829 0.047001 0.391486
2 0.157007 0.129395 0.0389849 0.0492435 0.332044
2 0.797767 0.377989 0.034748 0.0547465 0.323141
2 0.0882699 0.0355481 0.0326393 0.0434832 0.277555
