2 0.188262 0.905998 0.0872738 0.0972877 0.77792
2 0.128466 0.190409 0.0449122 0.0561833 0.748703
9 0.142624 0.24871 0.013256 0.0545764 0.618904
9 0.286511 0.798623 0.0333389 0.0563778 0.486452
9 0.623755 0.251039 0.0192873 0.0738777 0.469852
9 0.144599 0.249245 0.0182302 0.0580398 0.461111
0 0.13839 0.441863 0.0129119 0.0531584 0.393415
9 0.735892 0.614624 0.0135712 0.042342 0.387324
9 0.582704 0.285849 0.0154206 0.0395932 0.380801
0 0.182014 0.435653 0.010834 0.0627048 0.350182
0 0.836857 0.583106 0.0135063 0.0621598 0.307993
