2 0.0214448 0.597747 0.0426555 0.061545 0.769018
2 0.261035 0.259119 0.0458489 0.0671097 0.758771
9 0.155721 0.912144 0.00968378 0.0415005 0.612472
9 0.290294 0.794834 0.0371068 0.0509189 0.537872
2 0.82487 0.396436 0.0331652 0.0653297 0.517106
5 0.790189 0.372216 0.0785559 0.0905496 0.453607
9 0.736182 0.610319 0.0178099 0.0505157 0.423894
2 0.789477 0.372389 0.0769518 0.0896503 0.409436
62 0.492038 0.126716 0.118546 0.139982 0.369886
9 0.623821 0.249475 0.0189306 0.0743764 0.346228
0 0.935003 0.654176 0.0166378 0.0605775 0.321732
0 0.931926 0.654125 0.0163754 0.0590249 0.313419
0 0.0975107 0.47317 0.0142139 0.052252 0.29929
9 0.572461 0.226432 0.0174572 0.0449086 0.282443
