5 0.214914 0.593578 0.208199 0.177348 0.934558
2 0.525674 0.441436 0.0778812 0.070271 0.850017
2 0.106031 0.772123 0.0984531 0.109119 0.839793
2 0.693365 0.766514 0.0760304 0.122118 0.814902
2 0.626787 0.466642 0.0717707 0.0750316 0.804898
2 0.417659 0.582732 0.0798877 0.0847586 0.741693
5 0.169893 0.0900744 0.0473456 0.101541 0.673096
2 0.806236 0.392304 0.0609972 0.0661299 0.632297
2 0.0985993 0.0429668 0.0556667 0.0816774 0.505833
0 0.595455 0.574607 0.021681 0.0590376 0.450124
5 0.237631 0.208586 0.0853729 0.138705 0.438662
9 0.289147 0.796143 0.0367918 0.054304 0.401509
62 0.49202 0.131401 0.118174 0.142639 0.370946
0 0.680147 0.877789 0.0131191 0.0655513 0.351908
2 0.265096 0.175457 0.0414028 0.06572 0.331425
9 0.122335 0.377351 0.0115438 0.0384115 0.315277
5 0.760151 0.266389 0.0961452 0.130981 0.282432
