5 0.333916 0.341821 0.103072 0.160429 0.913493
5 0.187877 0.876579 0.15394 0.23923 0.862749
5 0.540455 0.569233 0.144889 0.247895 0.744966
5 0.76177 0.318733 0.128827 0.141557 0.635567
2 0.213558 0.195662 0.0379557 0.0560437 0.616362
2 0.161899 0.192286 0.0351995 0.055366 0.614148
2 0.40541 0.368607 0.0490933 0.0726108 0.58345
2 0.556172 0.393516 0.0540756 0.0655657 0.467843
62 0.492447 0.144306 0.117423 0.133496 0.456069
5 0.158197 0.109098 0.0413676 0.072291 0.406556
2 0.0953863 0.0515394 0.0358085 0.0469201 0.395265
2 0.158383 0.108828 0.0412307 0.0720093 0.378728
0 0.706974 0.88593 0.0136362 0.0607273 0.350592
9 0.14532 0.254718 0.0208755 0.0509278 0.339603
2 0.798683 0.402582 0.0753152 0.109559 0.309293
9 0.286717 0.798877 0.0333832 0.0555539 0.304239
9 0.992141 0.175871 0.015049 0.0469652 0.287364
9 0.120764 0.393473 0.0220307 0.067082 0.250661
