5 0.527946 0.524501 0.120339 0.145218 0.826746
2 0.349106 0.616605 0.0950157 0.0957464 0.818564
2 0.625463 0.459738 0.0693537 0.076976 0.787032
2 0.65725 0.528977 0.0697585 0.0888872 0.768885
2 0.367005 0.536835 0.0951299 0.0849613 0.714763
62 0.491596 0.137589 0.117954 0.138492 0.669968
2 0.289768 0.531786 0.069132 0.0637378 0.658095
2 0.221878 0.288156 0.0448388 0.0640729 0.646647
2 0.0402889 0.628685 0.0805777 0.0665308 0.63743
2 0.306542 0.25492 0.05011 0.0635585 0.531023
2 0.119066 0.0751083 0.0373646 0.0476054 0.529568
0 0.709836 0.834253 0.0154276 0.0638078 0.490262
2 0.218405 0.168155 0.0384855 0.0543088 0.486063
9 0.288274 0.79581 0.035963 0.0537323 0.343361
2 0.117461 0.231017 0.0396823 0.0543496 0.329806
2 0.255267 0.2549 0.0475297 0.0664573 0.287718
2 0.770737 0.35025 0.0647572 0.0555688 0.2823
9 0.15571 0.914135 0.00911169 0.0403436 0.280929
2 0.158849 0.13636 0.0435288 0.0629536 0.277793
9 0.58439 0.286868 0.00991726 0.0244315 0.265611
