2 0.363143 0.600215 0.0777613 0.0733229 0.851979
2 0.0977546 0.588116 0.0686971 0.0830581 0.820432
2 0.606177 0.424164 0.0705828 0.0576231 0.813613
2 0.254426 0.253014 0.0401958 0.0577958 0.795814
2 0.294281 0.230774 0.0421821 0.0659854 0.764046
2 0.221868 0.206441 0.040741 0.056087 0.73035
2 0.820126 0.37373 0.034795 0.0483812 0.706234
2 0.670431 0.445671 0.0662817 0.0820061 0.704252
2 0.119039 0.70639 0.106682 0.122251 0.676389
2 0.18129 0.157669 0.0372108 0.053422 0.635825
5 0.529127 0.28834 0.112881 0.0785033 0.45269
9 0.155516 0.914686 0.0082962 0.0415751 0.436764
2 0.685068 0.343201 0.0216152 0.0386826 0.434164
2 0.120488 0.0835233 0.0350746 0.0479026 0.408534
2 0.152346 0.120997 0.0372429 0.0552682 0.376782
5 0.0221368 0.12446 0.043633 0.245848 0.364275
3 0.557043 0.536034 0.0327938 0.0496396 0.344048
0 0.698293 0.872968 0.0140098 0.0654819 0.324186
