2 0.815971 0.408966 0.0614914 0.0798235 0.675744
0 0.0972659 0.528682 0.0128494 0.0520498 0.521584
0 0.842912 0.70901 0.0169605 0.0713228 0.480104
9 0.0346822 0.201057 0.0145305 0.0369385 0.456217
0 0.3651 0.944245 0.0336315 0.0986586 0.451009
0 0.804335 0.680101 0.0113466 0.0594011 0.399347
0 0.154707 0.36423 0.0126334 0.0567327 0.387751
0 0.738516 0.700787 0.0137465 0.0624715 0.360504
0 0.807492 0.567816 0.00966148 0.0529338 0.348055
0 0.846702 0.549498 0.0112562 0.0541043 0.344734
0 0.165696 0.361952 0.0103934 0.0490668 0.333825
0 0.181235 0.447452 0.0144167 0.0512065 0.32964
0 0.897125 0.759211 0.011227 0.0522595 0.316389
0 0.134531 0.492191 0.0135392 0.0552185 0.300326
0 0.777251 0.721822 0.0144856 0.0599514 0.295615
0 0.0731895 0.529075 0.0117147 0.0523475 0.291665
0 0.784211 0.587058 0.0120951 0.0429797 0.290278
0 0.922147 0.606594 0.0129711 0.0538499 0.28765
0 0.568935 0.35498 0.0104162 0.0439031 0.263776
