2 0.260796 0.541951 0.0403542 0.074044 0.768045
5 0.0649694 0.404619 0.129926 0.177101 0.634511
9 0.155654 0.912333 0.00885248 0.0393417 0.548834
9 0.142438 0.251441 0.012484 0.0525756 0.523415
9 0.117213 0.267307 0.0138998 0.034481 0.477947
0 0.0700904 0.522083 0.0197854 0.0525277 0.466389
0 0.172748 0.454016 0.0122362 0.0520852 0.462423
9 0.28672 0.798502 0.0336988 0.0541148 0.460474
9 0.734503 0.6121 0.015705 0.0464089 0.386463
2 0.229954 0.955373 0.0642144 0.0871748 0.333596
0 0.703075 0.645571 0.0165149 0.089107 0.326666
0 0.813415 0.708981 0.0130856 0.061932 0.31709
0 0.865548 0.615272 0.0113991 0.0654566 0.297638
9 0.583498 0.284331 0.0153589 0.0367915 0.280938
0 0.106085 0.515842 0.0152075 0.0330449 0.275467
9 0.582811 0.282296 0.0173952 0.0478972 0.258055
