2 0.317369 0.246087 0.0430039 0.060521 0.607854
2 0.246168 0.235416 0.0441651 0.069342 0.605781
0 0.248513 0.580819 0.02146 0.0661915 0.583448
0 0.27199 0.901888 0.0156862 0.0688319 0.567772
9 0.289692 0.801504 0.0352348 0.0360141 0.564426
62 0.492168 0.128426 0.118611 0.146863 0.516395
0 0.819103 0.628593 0.0164196 0.0547805 0.478094
0 0.108355 0.485308 0.0158185 0.0602902 0.444603
0 0.969847 0.596367 0.0135826 0.0634656 0.422262
0 0.264687 0.645029 0.010983 0.0556774 0.421541
0 0.59777 0.68184 0.0159755 0.0548804 0.404382
0 0.769407 0.717107 0.018327 0.0675608 0.400442
9 0.156316 0.911909 0.00992422 0.0407655 0.38383
0 0.690532 0.586965 0.0169274 0.0576818 0.373628
0 0.122564 0.481833 0.0150984 0.0634474 0.340524
0 0.0739173 0.549642 0.0123345 0.0456414 0.271071
0 0.78879 0.557536 0.0116748 0.0581635 0.259318
9 0.386214 0.22365 0.013837 0.0407064 0.256138
2 0.317369 0.246087 0.0430039 0.060521 0.607854
2 0.246168 0.235416 0.0441651 0.069342 0.605781
0 0.248513 0.580819 0.02146 0.0661915 0.583448
0 0.27199 0.901888 0.0156862 0.0688319 0.567772
9 0.289692 0.801504 0.0352348 0.0360141 0.564426
62 0.492168 0.128426 0.118611 0.146863 0.516395
0 0.819103 0.628593 0.0164196 0.0547805 0.478094
0 0.108355 0.485308 0.0158185 0.0602902 0.444603
0 0.969847 0.596367 0.0135826 0.0634656 0.422262
0 0.264687 0.645029 0.010983 0.0556774 0.421541
0 0.59777 0.68184 0.0159755 0.0548804 0.404382
0 0.769407 0.717107 0.018327 0.0675608 0.400442
9 0.156316 0.911909 0.00992422 0.0407655 0.38383
0 0.690532 0.586965 0.0169274 0.0576818 0.373628
0 0.122564 0.481833 0.0150984 0.0634474 0.340524
0 0.0739173 0.549642 0.0123345 0.0456414 0.271071
0 0.78879 0.557536 0.0116748 0.0581635 0.259318
9 0.386214 0.22365 0.013837 0.0407064 0.256138
