5 0.669116 0.750812 0.110999 0.191062 0.913745
5 0.246101 0.308194 0.0824158 0.151878 0.811935
2 0.47798 0.529536 0.0607327 0.0910307 0.799507
2 0.22696 0.949754 0.085789 0.0994822 0.785592
2 0.124582 0.155924 0.0400341 0.045381 0.770606
2 0.297132 0.466 0.0351236 0.0691013 0.750746
2 0.153544 0.113415 0.0349597 0.0559185 0.727881
2 0.0980295 0.807248 0.0755463 0.112271 0.716106
2 0.761326 0.318983 0.0658314 0.0596033 0.670283
2 0.178089 0.332076 0.0431678 0.0539935 0.570169
2 0.19436 0.25171 0.0315561 0.0536367 0.566171
2 0.24189 0.227896 0.0412994 0.0577889 0.547878
2 0.0877029 0.0308389 0.0410751 0.0605043 0.470814
62 0.491946 0.129391 0.117597 0.139788 0.447392
5 0.770206 0.254385 0.0994111 0.115862 0.414326
5 0.244471 0.143712 0.0386111 0.0637339 0.412778
0 0.124392 0.952569 0.0152374 0.0817091 0.297987
5 0.581962 0.915288 0.392317 0.157729 0.260442
