9 0.656974 0.595098 0.0376551 0.0994417 0.668374
2 0.789806 0.828637 0.085049 0.12078 0.649896
7 0.539407 0.914706 0.310761 0.163201 0.50173
0 0.729424 0.668568 0.0133459 0.0547726 0.489364
9 0.288735 0.795054 0.0367358 0.0497342 0.488925
0 0.456626 0.337409 0.0111359 0.0504784 0.481228
2 0.121415 0.23815 0.0367884 0.0477637 0.359657
0 0.803763 0.711592 0.0113441 0.066816 0.352322
2 0.860585 0.983283 0.0625893 0.0321235 0.336475
62 0.491944 0.124837 0.117797 0.136185 0.321601
0 0.752311 0.59577 0.0120876 0.0468619 0.277881
5 0.53938 0.913826 0.311406 0.163695 0.264622
0 0.452862 0.497153 0.0133389 0.0554998 0.262679
