2 0.252972 0.234954 0.0429363 0.067514 0.819659
2 0.804429 0.852661 0.084145 0.129687 0.763324
9 0.28935 0.820766 0.0365667 0.102556 0.694324
2 0.201367 0.181904 0.0349144 0.05756 0.66134
9 0.155957 0.912281 0.00901079 0.0418008 0.590586
0 0.909935 0.621993 0.012883 0.0606734 0.552881
0 0.828491 0.69629 0.0148849 0.0661921 0.53661
0 0.364889 0.944589 0.0317413 0.0955046 0.531617
0 0.931194 0.62853 0.0172428 0.0854879 0.406549
0 0.193171 0.53648 0.0157378 0.066833 0.392136
9 0.541792 0.792055 0.014303 0.0606657 0.378311
0 0.0976482 0.480241 0.0170918 0.063139 0.367542
9 0.572057 0.226533 0.0164347 0.0461928 0.356823
9 0.117613 0.266723 0.0140343 0.034104 0.32551
62 0.492232 0.125731 0.117883 0.139292 0.322389
9 0.736534 0.610946 0.0159 0.0444599 0.296306
9 0.752385 0.612139 0.0115377 0.0473875 0.260214
9 0.144605 0.250075 0.0188894 0.0507454 0.252824
9 0.624977 0.251312 0.0209347 0.0772623 0.251642
