5 0.324234 0.544463 0.163795 0.159075 0.92759
5 0.158917 0.110846 0.0748218 0.11996 0.883123
2 0.194819 0.512806 0.0715633 0.0782049 0.872875
2 0.406171 0.591317 0.0778804 0.0795191 0.846774
2 0.776177 0.396099 0.0736519 0.0831643 0.835754
2 0.252748 0.252579 0.0421071 0.0624087 0.817502
2 0.592432 0.420884 0.0799631 0.0722753 0.811816
2 0.712306 0.335208 0.0778181 0.0538399 0.720351
2 0.211669 0.193217 0.0355094 0.0616298 0.705982
5 0.536563 0.288578 0.128617 0.0791701 0.517514
2 0.105 0.111559 0.0139889 0.0322751 0.358041
9 0.0814043 0.436999 0.0124287 0.0479175 0.315898
0 0.976848 0.596184 0.0128984 0.0576499 0.302602
