2 0.425407 0.503893 0.0726738 0.0688529 0.80474
2 0.2204 0.282795 0.0407759 0.0657878 0.790516
62 0.492075 0.137915 0.117663 0.1376 0.739868
2 0.244464 0.235542 0.0457866 0.0605106 0.706241
2 0.231879 0.163347 0.0355726 0.0518834 0.618778
2 0.301277 0.253587 0.0421964 0.061346 0.523842
2 0.782161 0.421156 0.0664208 0.0735084 0.480298
2 0.833607 0.430936 0.0378498 0.0667195 0.455066
9 0.287924 0.795204 0.0375557 0.0529527 0.423685
5 0.768672 0.25745 0.10698 0.120088 0.396207
5 0.0538915 0.409866 0.107756 0.170441 0.354145
0 0.152515 0.514452 0.0136621 0.0486028 0.320585
2 0.706772 0.41951 0.0594568 0.0724493 0.316662
0 0.171304 0.975726 0.0157699 0.0477715 0.272449
9 0.121624 0.375878 0.0146353 0.0358144 0.27056
0 0.363541 0.947579 0.0320206 0.0982941 0.254177
