2 0.174783 0.635065 0.0988678 0.102892 0.895621
2 0.0988633 0.59594 0.117088 0.121878 0.794231
2 0.794058 0.325785 0.0576769 0.052966 0.733957
0 0.756533 0.644736 0.0149824 0.062678 0.699125
0 0.773243 0.722566 0.0155328 0.0618344 0.599789
0 0.0711561 0.538965 0.0156121 0.042187 0.542099
0 0.0951693 0.491291 0.0126939 0.0486964 0.531048
0 0.791259 0.533135 0.0126566 0.0588139 0.461561
0 0.780333 0.64442 0.0128418 0.0543416 0.402557
0 0.165324 0.427859 0.0125169 0.0557409 0.400618
0 0.0276979 0.549606 0.0142784 0.0556388 0.385887
0 0.154547 0.410991 0.0158891 0.099875 0.361373
0 0.626992 0.867662 0.0151537 0.0707455 0.351309
0 0.366026 0.942639 0.0338489 0.0960865 0.329524
0 0.111291 0.522403 0.00975049 0.0445107 0.281256
0 0.136303 0.516262 0.0180772 0.0508557 0.278485
0 0.773117 0.664026 0.0128857 0.0548217 0.254207
9 0.287899 0.793224 0.0322614 0.0496031 0.253285
