5 0.200052 0.164939 0.0769047 0.124487 0.832451
2 0.255472 0.259087 0.0385347 0.054465 0.826995
0 0.440509 0.664207 0.0178158 0.0620347 0.717876
7 0.801289 0.366083 0.0630621 0.0946949 0.664392
0 0.0317998 0.612796 0.0150791 0.0662577 0.584847
0 0.548963 0.694787 0.0183758 0.06087 0.573003
0 0.381124 0.46859 0.0108236 0.0543472 0.56111
0 0.4808 0.658043 0.0162096 0.0556329 0.506562
0 0.189652 0.483032 0.0107467 0.0473085 0.485863
9 0.0349894 0.201561 0.0145929 0.037665 0.463352
0 0.764142 0.654852 0.0170516 0.0524419 0.42416
0 0.638459 0.689368 0.0187231 0.0667037 0.415303
0 0.689296 0.854599 0.0134922 0.0587451 0.396828
2 0.824661 0.408358 0.0310081 0.0463703 0.377916
0 0.554766 0.370296 0.0114592 0.0540034 0.348105
0 0.906364 0.700728 0.0174446 0.0549756 0.334488
0 0.774419 0.613945 0.0150822 0.0597329 0.327728
0 0.955765 0.517675 0.0155087 0.0500856 0.326327
5 0.0634869 0.404429 0.126561 0.164147 0.316417
0 0.792104 0.541319 0.0115957 0.0443297 0.313373
0 0.113917 0.482874 0.0135221 0.046927 0.299137
0 0.79833 0.618405 0.0132223 0.0456155 0.298197
0 0.364149 0.940811 0.0320213 0.0912157 0.258133
