2 0.457291 0.492508 0.0855139 0.0768491 0.76394
2 0.263317 0.263606 0.0440255 0.0673365 0.759823
2 0.302084 0.244587 0.0376167 0.0637775 0.757034
2 0.439208 0.55895 0.0814962 0.0885999 0.746668
2 0.235067 0.665437 0.0827162 0.0845239 0.712811
2 0.23191 0.602614 0.0872304 0.0781815 0.66264
5 0.158606 0.0482879 0.0703506 0.0965757 0.554582
62 0.49198 0.141757 0.11469 0.131677 0.538907
2 0.234423 0.200872 0.0632505 0.0676133 0.525415
9 0.289042 0.796999 0.0366539 0.0531294 0.44709
7 0.269547 0.1786 0.0445549 0.0716643 0.445751
2 0.147651 0.116053 0.0392095 0.0562655 0.429065
2 0.177891 0.161623 0.030723 0.0457914 0.413749
5 0.766391 0.264083 0.112039 0.131147 0.40069
9 0.155334 0.914722 0.00957794 0.0389835 0.349293
62 0.0207686 0.145243 0.0412389 0.147685 0.343867
9 0.736172 0.611782 0.0130434 0.0474355 0.338977
0 0.770624 0.553865 0.0127231 0.0609918 0.302728
