2 0.0402076 0.596422 0.0804152 0.0754339 0.715335
0 0.129474 0.705498 0.0163031 0.0621017 0.653064
2 0.798861 0.377521 0.0693834 0.0863475 0.610076
9 0.290011 0.794395 0.0365673 0.0495324 0.542978
9 0.155709 0.914073 0.0100286 0.0404553 0.514264
62 0.492439 0.126624 0.118111 0.138383 0.508899
0 0.906702 0.901547 0.017421 0.0736413 0.492264
2 0.581468 0.918586 0.393958 0.155129 0.399834
0 0.575944 0.826829 0.0255054 0.0773639 0.397775
0 0.508696 0.53545 0.0144226 0.0677265 0.394836
0 0.292976 0.539362 0.0118426 0.0655155 0.372503
0 0.732599 0.570921 0.0136019 0.0517902 0.27254
2 0.894302 0.468321 0.0823635 0.0828822 0.259831
0 0.518945 0.634956 0.0144026 0.0532223 0.257784
0 0.495601 0.849762 0.0151444 0.0621562 0.256313
