5 0.717117 0.925688 0.264733 0.143941 0.908323
2 0.227574 0.94449 0.0697293 0.108067 0.68524
2 0.118209 0.044486 0.036739 0.0484044 0.675325
0 0.906881 0.618497 0.0140926 0.057725 0.632364
0 0.119523 0.506531 0.0144986 0.061427 0.626284
0 0.730032 0.821815 0.0125067 0.07167 0.576571
0 0.770099 0.71859 0.0131762 0.0621555 0.515321
7 0.81289 0.296407 0.0484653 0.116618 0.488755
0 0.0982859 0.524695 0.0120992 0.0548676 0.459745
0 0.802737 0.610647 0.0116695 0.053845 0.457109
0 0.750498 0.697898 0.0131121 0.0647196 0.40384
7 0.279556 0.459839 0.0321523 0.0772571 0.393071
5 0.279594 0.45995 0.0320627 0.076043 0.381531
9 0.0351297 0.202735 0.0139995 0.0319434 0.369016
0 0.0583403 0.513301 0.0110195 0.0595598 0.364369
6 0.905493 0.0450549 0.187457 0.0889 0.350382
5 0.112906 0.146401 0.0454161 0.0947145 0.285059
0 0.364007 0.940197 0.0315681 0.0921668 0.266808
