2 0.49529 0.550049 0.0593008 0.0918009 0.865898
2 0.813331 0.370863 0.0454449 0.0692479 0.707812
2 0.258846 0.364115 0.0300009 0.059032 0.694516
2 0.260056 0.519186 0.0334602 0.0760415 0.651298
5 0.522199 0.927894 0.13181 0.141505 0.593787
2 0.670018 0.767561 0.0862572 0.117214 0.510928
2 0.689462 0.352549 0.0606036 0.0617925 0.499103
5 0.159868 0.266318 0.067085 0.105648 0.461775
7 0.16008 0.266806 0.0659381 0.104679 0.362174
0 0.577666 0.571533 0.0152081 0.0625666 0.330161
5 0.53573 0.291274 0.131308 0.0816779 0.256119
