2 0.534699 0.641349 0.0819633 0.0976832 0.863294
2 0.097077 0.771287 0.0837269 0.101538 0.80705
2 0.228331 0.427712 0.0440739 0.0744665 0.787782
2 0.256106 0.258198 0.0425476 0.0655099 0.782195
2 0.531575 0.442154 0.0715271 0.0738754 0.674711
2 0.296436 0.243629 0.0436872 0.0605811 0.570307
62 0.492868 0.134046 0.118459 0.146685 0.541413
2 0.259842 0.185851 0.0454618 0.0673644 0.470651
9 0.287222 0.794319 0.0370214 0.0537445 0.443156
5 0.767365 0.260048 0.110238 0.12753 0.396337
9 0.155314 0.91291 0.011157 0.0413567 0.318434
0 0.791798 0.760865 0.0184759 0.0676797 0.288469
2 0.713671 0.376608 0.0586695 0.0531013 0.273592
0 0.936024 0.582682 0.012719 0.0579709 0.269795
0 0.163451 0.977514 0.0245872 0.0435293 0.265812
0 0.458629 0.326968 0.00920534 0.0480248 0.251062
