2 0.264479 0.638478 0.0869034 0.0965335 0.853355
7 0.239002 0.414664 0.0699155 0.117616 0.833278
2 0.662974 0.703793 0.0590563 0.106789 0.80925
2 0.0670374 0.641798 0.0881958 0.073947 0.793249
2 0.686588 0.47798 0.0657549 0.074106 0.685041
0 0.144082 0.46926 0.0107042 0.0508881 0.648094
0 0.864921 0.610456 0.0122271 0.0590276 0.643563
0 0.942723 0.61528 0.0149315 0.064805 0.556724
2 0.16978 0.306638 0.0472894 0.0750851 0.430859
7 0.169378 0.306597 0.0479076 0.0764729 0.381227
0 0.890582 0.709012 0.0146315 0.0609636 0.321977
9 0.155412 0.912273 0.00899963 0.0414853 0.313035
0 0.803386 0.71573 0.0163589 0.0750341 0.307955
0 0.9203 0.604676 0.0189518 0.0693736 0.30215
0 0.364942 0.942806 0.0326472 0.0934401 0.294294
9 0.0351351 0.201833 0.0136701 0.0359161 0.252289
