2 0.193837 0.249906 0.0395901 0.057781 0.805329
2 0.233444 0.204243 0.0412717 0.0615475 0.774588
5 0.741675 0.280621 0.158082 0.17673 0.707908
0 0.00905329 0.583437 0.0181066 0.0583591 0.701282
0 0.769996 0.719164 0.0134951 0.0645014 0.649853
2 0.820226 0.399999 0.0424515 0.0779812 0.616448
0 0.870411 0.692017 0.0166502 0.0706627 0.604711
9 0.0343741 0.199905 0.0143226 0.0376877 0.576564
0 0.783222 0.729697 0.0164324 0.0552877 0.490577
0 0.360361 0.946962 0.0433181 0.103367 0.474275
2 0.888443 0.46671 0.0804379 0.0790137 0.449781
2 0.154777 0.285796 0.032706 0.0478566 0.413571
9 0.155591 0.912046 0.00838399 0.0415343 0.405128
0 0.492682 0.341009 0.0107985 0.052888 0.379691
0 0.764952 0.597918 0.0149243 0.0579739 0.363529
0 0.547049 0.360885 0.011607 0.0537993 0.357503
0 0.157488 0.350221 0.0129705 0.0525445 0.351275
0 0.784713 0.554648 0.011314 0.0602739 0.332738
0 0.877435 0.792949 0.0140709 0.0647647 0.327244
0 0.140189 0.477796 0.014017 0.0525946 0.323799
0 0.166141 0.450991 0.0102474 0.0553073 0.315415
0 0.783275 0.743609 0.0169661 0.0834612 0.310548
0 0.127938 0.499108 0.01338 0.0608486 0.309247
0 0.794736 0.554505 0.010672 0.0556207 0.302678
62 0.492211 0.127238 0.117484 0.137022 0.291844
0 0.534704 0.356253 0.00923548 0.0441321 0.273069
