2 0.776182 0.388959 0.0619274 0.0708149 0.747063
2 0.683465 0.527374 0.0599803 0.0636469 0.743825
0 0.788486 0.602165 0.0177713 0.0639687 0.600223
0 0.76488 0.652705 0.0154898 0.0575902 0.590389
0 0.695913 0.596881 0.0120365 0.0546212 0.572809
0 0.554527 0.59621 0.0160656 0.0577139 0.528544
0 0.0636084 0.53339 0.0129257 0.0761097 0.50436
0 0.534106 0.809512 0.0179365 0.0581329 0.487845
0 0.799033 0.704781 0.0152339 0.0640722 0.469166
0 0.493556 0.826832 0.0158461 0.0722355 0.390204
2 0.271447 0.980678 0.0715038 0.0372528 0.36496
0 0.505405 0.835156 0.0158745 0.0636115 0.336344
9 0.0349651 0.202403 0.0149932 0.0339244 0.330902
0 0.691491 0.868614 0.0124929 0.0660173 0.31389
0 0.364713 0.944171 0.0333088 0.0997743 0.285359
2 0.821522 0.4056 0.0420122 0.0632417 0.283479
9 0.155537 0.912697 0.00848978 0.0412411 0.26046
