2 0.282807 0.275251 0.0471701 0.0753004 0.830413
2 0.151462 0.555404 0.0769788 0.0844504 0.819422
5 0.146164 0.0948325 0.073896 0.11775 0.794987
2 0.239328 0.223506 0.0480662 0.0784278 0.743583
2 0.309143 0.249698 0.0524012 0.0749001 0.692307
2 0.186409 0.161384 0.0357423 0.0597021 0.633033
2 0.175109 0.306948 0.0457717 0.0645537 0.617857
62 0.492319 0.137934 0.116281 0.124558 0.553193
5 0.0228516 0.120828 0.0448869 0.237059 0.543797
0 0.360224 0.948475 0.0445845 0.100092 0.40323
9 0.155472 0.916126 0.00879202 0.0399719 0.388496
0 0.149482 0.476542 0.0148253 0.0700937 0.324933
2 0.0486855 0.102281 0.026327 0.0490109 0.32194
9 0.289147 0.795671 0.0358226 0.051217 0.290788
9 0.291779 0.80472 0.02833 0.0331189 0.29065
0 0.904332 0.630436 0.0167706 0.0593713 0.281802
