2 0.668476 0.69434 0.0834494 0.10568 0.781568
2 0.569916 0.448415 0.0585994 0.05843 0.771897
2 0.417381 0.492641 0.0764443 0.0676266 0.75439
2 0.316493 0.251107 0.0421213 0.0696398 0.676348
9 0.124386 0.186875 0.0385353 0.056675 0.618638
0 0.760474 0.717194 0.0170181 0.0690599 0.616836
0 0.743527 0.710275 0.0129126 0.0640089 0.524218
0 0.793322 0.726141 0.0159517 0.0630303 0.51929
2 0.271923 0.205302 0.0401725 0.0630638 0.468067
9 0.288538 0.795434 0.0369068 0.053295 0.461254
2 0.872633 0.937222 0.062064 0.118339 0.450668
62 0.491987 0.134801 0.115832 0.124513 0.439009
2 0.249746 0.242979 0.0420768 0.0662083 0.432678
0 0.733132 0.545964 0.0132858 0.0610497 0.430344
9 0.155905 0.915754 0.00835605 0.0384644 0.382029
2 0.23158 0.157212 0.0362354 0.0554892 0.380268
2 0.801807 0.34999 0.0558413 0.05521 0.379921
0 0.895289 0.609475 0.0113621 0.0595192 0.337592
5 0.768012 0.261907 0.11128 0.124632 0.331989
9 0.735506 0.610867 0.0133717 0.0333098 0.300847
2 0.214888 0.202855 0.033501 0.0562643 0.256577
