2 0.640837 0.587074 0.0507627 0.09664 0.850017
2 0.246367 0.566509 0.0843253 0.0767453 0.833853
2 0.503808 0.546078 0.0752359 0.0862295 0.825625
2 0.773604 0.447414 0.0637688 0.0707669 0.81826
2 0.164995 0.736691 0.0968589 0.105621 0.811133
2 0.307431 0.246321 0.0480165 0.0752349 0.7875
2 0.47627 0.491346 0.0737682 0.0688329 0.778588
2 0.260738 0.256237 0.0367908 0.0635174 0.775851
2 0.79969 0.337083 0.0601964 0.0597042 0.771426
5 0.536138 0.292251 0.132309 0.0873313 0.70303
2 0.184659 0.514285 0.0601216 0.0847415 0.665703
2 0.230691 0.220619 0.0380557 0.0641644 0.580506
5 0.113313 0.0542313 0.0691487 0.108463 0.535385
2 0.188541 0.170711 0.0509667 0.0698107 0.531255
1 0.144853 0.629522 0.0327309 0.0429654 0.370573
0 0.758907 0.671829 0.0141562 0.0656211 0.297956
0 0.143291 0.614103 0.0168104 0.0535214 0.28818
0 0.135236 0.467031 0.0129236 0.0619492 0.274981
