5 0.618828 0.669918 0.16039 0.265102 0.857293
5 0.172977 0.12694 0.0787295 0.125931 0.837638
5 0.246041 0.334769 0.0755315 0.157029 0.831743
2 0.270561 0.224702 0.0426694 0.0562932 0.744241
5 0.391913 0.335715 0.0687514 0.0952862 0.654895
2 0.278168 0.514261 0.0399468 0.0715078 0.595754
2 0.109921 0.0647474 0.035698 0.0502534 0.565681
62 0.491709 0.138511 0.119133 0.143514 0.53564
7 0.466878 0.493844 0.0648056 0.109234 0.497919
2 0.30256 0.312126 0.0522848 0.0910741 0.480019
2 0.466997 0.494019 0.0642897 0.109142 0.465666
2 0.11743 0.230278 0.0373464 0.0496366 0.421021
2 0.283391 0.198608 0.0375813 0.0449772 0.411672
2 0.241727 0.973079 0.0584875 0.0532583 0.385794
9 0.735883 0.614242 0.014921 0.0462453 0.379886
2 0.137871 0.15902 0.0412382 0.0475834 0.355485
9 0.155681 0.914335 0.00921283 0.0417979 0.342581
9 0.287012 0.798109 0.0358818 0.0546261 0.325969
2 0.271767 0.728937 0.0428276 0.0708191 0.323405
9 0.12132 0.378669 0.0138449 0.0404115 0.296713
2 0.169029 0.229668 0.0332058 0.0580792 0.280843
2 0.81077 0.378878 0.0480448 0.0597899 0.27892
