2 0.819976 0.400329 0.0472343 0.066143 0.690053
0 0.45661 0.712766 0.0200632 0.0602144 0.650063
9 0.0346564 0.199049 0.0152465 0.0390717 0.516374
0 0.490185 0.744568 0.0229362 0.0627228 0.492271
0 0.122178 0.542391 0.0147937 0.0575212 0.441656
0 0.509637 0.717697 0.0220587 0.0664124 0.427107
0 0.958152 0.629278 0.016559 0.0611111 0.394716
0 0.152526 0.581485 0.0154017 0.0580539 0.393789
0 0.441623 0.645175 0.01721 0.0537279 0.393631
0 0.159382 0.458092 0.0171003 0.0588045 0.389263
5 0.741795 0.280975 0.160885 0.174767 0.382756
0 0.306809 0.492414 0.0127276 0.0473591 0.378175
0 0.85296 0.650742 0.0146429 0.0575073 0.375056
0 0.815614 0.654104 0.0159468 0.055796 0.368416
0 0.13472 0.407155 0.010341 0.0523461 0.350519
0 0.0472182 0.555988 0.0121146 0.0600861 0.32692
0 0.75422 0.572997 0.0142336 0.0635361 0.267984
0 0.377984 0.895029 0.014385 0.0681702 0.256528
