2 0.25187 0.245222 0.0415377 0.0566179 0.814979
2 0.824322 0.404313 0.058695 0.064789 0.733687
2 0.170992 0.306285 0.0383812 0.0529741 0.644806
0 0.0929882 0.522377 0.016056 0.0560003 0.5632
0 0.80512 0.669832 0.0142506 0.0551515 0.510929
0 0.0130669 0.578484 0.0139045 0.0506942 0.485938
0 0.12211 0.971209 0.014906 0.0575827 0.436297
7 0.280622 0.973271 0.0756779 0.052376 0.402727
0 0.951245 0.632974 0.0138546 0.0598117 0.394724
0 0.172818 0.405538 0.0109756 0.0502942 0.307835
0 0.869648 0.632222 0.0130283 0.0566544 0.265909
0 0.950178 0.546801 0.0158052 0.0477253 0.263635
