2 0.183104 0.322428 0.0414757 0.0635047 0.791764
62 0.491722 0.133568 0.118083 0.150011 0.713758
2 0.286998 0.283998 0.0476027 0.0697517 0.651321
2 0.238843 0.233784 0.0472679 0.0588081 0.628123
2 0.15456 0.0698801 0.0384637 0.0520511 0.514695
9 0.143817 0.249876 0.0155013 0.0524237 0.496837
0 0.0574263 0.321179 0.0114852 0.0455138 0.468734
9 0.736686 0.614773 0.00928898 0.0319996 0.398508
2 0.304276 0.244737 0.0420025 0.0609956 0.376341
5 0.0600944 0.422139 0.120043 0.149321 0.359132
5 0.769984 0.269564 0.113155 0.115548 0.323444
0 0.532029 0.465633 0.0108381 0.0476463 0.312952
9 0.298421 0.806415 0.013093 0.0282998 0.312619
2 0.0322922 0.590134 0.0644465 0.0821525 0.291586
