2 0.263855 0.259112 0.0443754 0.0636882 0.823319
2 0.229273 0.210463 0.0412542 0.0661919 0.781156
2 0.789336 0.826981 0.088809 0.128366 0.762851
2 0.189362 0.0889784 0.0383162 0.0459765 0.739727
9 0.28873 0.796705 0.0365021 0.0488997 0.594619
2 0.0962099 0.0271198 0.0341936 0.0502189 0.579858
9 0.155702 0.911694 0.00899365 0.0407686 0.509258
0 0.221343 0.881198 0.0139213 0.0573012 0.483172
2 0.254169 0.179396 0.0417765 0.0638344 0.473976
2 0.121683 0.237032 0.0377825 0.0466885 0.461915
0 0.213614 0.544191 0.0133398 0.0563041 0.458043
9 0.73445 0.61527 0.0144967 0.0509077 0.425758
0 0.919817 0.731647 0.011364 0.0622857 0.425228
0 0.906725 0.598982 0.0145449 0.0598224 0.345259
62 0.492144 0.125593 0.117642 0.13719 0.304567
9 0.583269 0.286187 0.0166246 0.0378286 0.293389
0 0.145159 0.374037 0.0116432 0.0512136 0.269019
2 0.832094 0.448819 0.0293297 0.0399641 0.26716
9 0.571714 0.22727 0.0147844 0.0456658 0.254739
