2 0.803433 0.377015 0.0614126 0.0650284 0.806244
2 0.304449 0.246103 0.0417008 0.0613559 0.796432
2 0.257685 0.191654 0.040975 0.0600498 0.772932
2 0.209426 0.186761 0.0437532 0.0695966 0.706981
5 0.585496 0.910045 0.234424 0.178418 0.652747
5 0.769555 0.260586 0.102432 0.132065 0.502929
2 0.115606 0.0791972 0.0376127 0.0424907 0.458126
2 0.21934 0.148163 0.0401651 0.0554744 0.375646
7 0.167686 0.119754 0.0615052 0.104534 0.280924
62 0.492719 0.13234 0.120445 0.146867 0.26096
5 0.167432 0.11958 0.0607523 0.104234 0.255851
