2 0.166683 0.563071 0.0855799 0.0805316 0.845508
2 0.6498 0.684066 0.0652742 0.107967 0.7876
2 0.813082 0.438592 0.0601532 0.0821566 0.711635
2 0.288188 0.234238 0.0417632 0.0657616 0.679146
2 0.242778 0.18116 0.0395941 0.0601216 0.655891
62 0.492532 0.134499 0.116246 0.120448 0.636352
9 0.288953 0.79436 0.0363814 0.0531732 0.553947
2 0.191181 0.131772 0.0420449 0.0564092 0.542748
2 0.0981567 0.038271 0.0350513 0.0527739 0.534722
9 0.155541 0.91579 0.00876386 0.0405674 0.465213
7 0.192421 0.0828114 0.0471109 0.0898017 0.442922
2 0.213881 0.465348 0.0570806 0.0651806 0.440395
2 0.136277 0.0773275 0.0374988 0.053351 0.438568
0 0.781001 0.516123 0.0115275 0.0563722 0.436007
0 0.861772 0.650875 0.0116343 0.0548136 0.397037
2 0.667023 0.36035 0.0562679 0.0566113 0.342505
0 0.0676931 0.544872 0.0189723 0.0642332 0.33599
0 0.832638 0.733194 0.0169498 0.079815 0.328246
0 0.962556 0.702314 0.013489 0.0640845 0.318776
2 0.729635 0.364865 0.0701832 0.0599342 0.315211
2 0.261724 0.263328 0.0280042 0.0404323 0.312236
