2 0.128513 0.077389 0.0340535 0.0526928 0.781425
2 0.799476 0.389466 0.0658072 0.0666701 0.695377
0 0.404262 0.776844 0.0198109 0.0650269 0.634726
2 0.82657 0.418621 0.0633459 0.0625371 0.605521
0 0.141625 0.451798 0.0114335 0.0543998 0.572884
0 0.106533 0.819411 0.0138075 0.065918 0.446567
5 0.766457 0.260428 0.109311 0.133285 0.4411
0 0.460034 0.845245 0.0231443 0.0821099 0.408218
62 0.491657 0.126492 0.118364 0.13428 0.40205
0 0.127675 0.819583 0.015476 0.0706652 0.386761
9 0.0351633 0.200031 0.0152118 0.0363306 0.378422
0 0.235327 0.784439 0.0198269 0.0684821 0.350845
0 0.592137 0.522657 0.0128731 0.0601181 0.344253
0 0.767726 0.752649 0.0207026 0.0635201 0.340917
9 0.571897 0.227405 0.0132124 0.042538 0.303888
0 0.293815 0.452524 0.0115602 0.043837 0.290368
0 0.469369 0.47541 0.00976839 0.0408653 0.265543
0 0.542089 0.664532 0.0137789 0.0600439 0.257042
0 0.282684 0.510633 0.0146823 0.0556093 0.256804
