2 0.243169 0.450597 0.038767 0.0695886 0.643218
9 0.142692 0.250669 0.0125906 0.0527621 0.603312
9 0.155817 0.913513 0.00994592 0.0424964 0.582503
2 0.351737 0.365907 0.0490036 0.0760551 0.535576
9 0.116797 0.267805 0.0153652 0.0342764 0.51886
9 0.287539 0.798555 0.031925 0.0561283 0.491364
9 0.735063 0.615815 0.0136731 0.0496223 0.4513
0 0.0564018 0.261054 0.00883625 0.0415255 0.418456
9 0.582946 0.28402 0.0154475 0.0373286 0.376963
9 0.571602 0.22749 0.0146339 0.0443219 0.306794
9 0.623615 0.251251 0.0190748 0.0747125 0.257071
