2 0.247478 0.625456 0.0377189 0.0782839 0.79966
2 0.229938 0.947201 0.0727943 0.104342 0.709789
2 0.0344263 0.598842 0.0684812 0.0801758 0.512218
2 0.168714 0.144133 0.0401906 0.0509115 0.507125
2 0.363052 0.32743 0.051432 0.0718889 0.479317
2 0.0802072 0.827357 0.0568127 0.0776671 0.451088
0 0.98949 0.535125 0.0126951 0.0511451 0.439326
62 0.49243 0.128543 0.117518 0.145324 0.433899
9 0.286887 0.798274 0.0342363 0.0526184 0.379651
2 0.225516 0.162701 0.0251973 0.0407059 0.297792
0 0.0983731 0.510273 0.0158669 0.0723634 0.290809
0 0.808899 0.672175 0.0129105 0.0683728 0.290193
0 0.780597 0.733916 0.0156443 0.0967482 0.260471
0 0.777977 0.559239 0.0095005 0.0552511 0.254603
2 0.247478 0.625456 0.0377189 0.0782839 0.79966
2 0.229938 0.947201 0.0727943 0.104342 0.709789
2 0.0344263 0.598842 0.0684812 0.0801758 0.512218
2 0.168714 0.144133 0.0401906 0.0509115 0.507125
2 0.363052 0.32743 0.051432 0.0718889 0.479317
2 0.0802072 0.827357 0.0568127 0.0776671 0.451088
0 0.98949 0.535125 0.0126951 0.0511451 0.439326
62 0.49243 0.128543 0.117518 0.145324 0.433899
9 0.286887 0.798274 0.0342363 0.0526184 0.379651
2 0.225516 0.162701 0.0251973 0.0407059 0.297792
0 0.0983731 0.510273 0.0158669 0.0723634 0.290809
0 0.808899 0.672175 0.0129105 0.0683728 0.290193
0 0.780597 0.733916 0.0156443 0.0967482 0.260471
0 0.777977 0.559239 0.0095005 0.0552511 0.254603
