2 0.308655 0.246657 0.043171 0.0630618 0.768082
2 0.261584 0.260836 0.0442461 0.0664701 0.745734
2 0.223967 0.209091 0.0419756 0.0541196 0.715793
2 0.846989 0.90381 0.0908104 0.131972 0.639528
62 0.492095 0.12652 0.118137 0.140284 0.508978
0 0.319193 0.818271 0.0144528 0.0627745 0.433575
0 0.301888 0.859841 0.015815 0.0703549 0.427992
9 0.155953 0.912344 0.0096652 0.0399365 0.418384
9 0.135312 0.0929524 0.0361179 0.0558966 0.401701
0 0.944315 0.733173 0.011935 0.0573586 0.364724
9 0.298216 0.807908 0.0141545 0.0354943 0.32002
0 0.417344 0.300403 0.010009 0.0506119 0.312235
0 0.460949 0.61179 0.0227429 0.0580594 0.297586
0 0.102234 0.90871 0.0147348 0.0607627 0.287548
0 0.118583 0.27506 0.0179467 0.0797395 0.259767
0 0.430254 0.301661 0.0106915 0.0505755 0.257253
0 0.866507 0.660871 0.0128647 0.0535989 0.255283
0 0.0494267 0.546062 0.0235788 0.068665 0.254493
2 0.308655 0.246657 0.043171 0.0630618 0.768082
2 0.261584 0.260836 0.0442461 0.0664701 0.745734
2 0.223967 0.209091 0.0419756 0.0541196 0.715793
2 0.846989 0.90381 0.0908104 0.131972 0.639528
62 0.492095 0.12652 0.118137 0.140284 0.508978
0 0.319193 0.818271 0.0144528 0.0627745 0.433575
0 0.301888 0.859841 0.015815 0.0703549 0.427992
9 0.155953 0.912344 0.0096652 0.0399365 0.418384
9 0.135312 0.0929524 0.0361179 0.0558966 0.401701
0 0.944315 0.733173 0.011935 0.0573586 0.364724
9 0.298216 0.807908 0.0141545 0.0354943 0.32002
0 0.417344 0.300403 0.010009 0.0506119 0.312235
0 0.460949 0.61179 0.0227429 0.0580594 0.297586
0 0.102234 0.90871 0.0147348 0.0607627 0.287548
0 0.118583 0.27506 0.0179467 0.0797395 0.259767
0 0.430254 0.301661 0.0106915 0.0505755 0.257253
0 0.866507 0.660871 0.0128647 0.0535989 0.255283
0 0.0494267 0.546062 0.0235788 0.068665 0.254493
