2 0.300615 0.245017 0.0491816 0.0582985 0.839745
2 0.771525 0.807148 0.0817909 0.114851 0.789142
2 0.0349656 0.593991 0.0693049 0.078422 0.753053
2 0.0956956 0.0232604 0.0350422 0.0465207 0.566797
62 0.491997 0.130572 0.118223 0.146855 0.559567
0 0.537029 0.691374 0.0223297 0.0658566 0.48708
9 0.289931 0.802759 0.0327866 0.032185 0.409959
9 0.736191 0.608992 0.0124081 0.0390192 0.368933
0 0.437629 0.628438 0.0185459 0.0567156 0.343514
0 0.192923 0.557505 0.0137535 0.056585 0.292245
0 0.26901 0.471424 0.0127045 0.0458273 0.273925
0 0.364447 0.942757 0.0327488 0.0931719 0.265788
2 0.300615 0.245017 0.0491816 0.0582985 0.839745
2 0.771525 0.807148 0.0817909 0.114851 0.789142
2 0.0349656 0.593991 0.0693049 0.078422 0.753053
2 0.0956956 0.0232604 0.0350422 0.0465207 0.566797
62 0.491997 0.130572 0.118223 0.146855 0.559567
0 0.537029 0.691374 0.0223297 0.0658566 0.48708
9 0.289931 0.802759 0.0327866 0.032185 0.409959
9 0.736191 0.608992 0.0124081 0.0390192 0.368933
0 0.437629 0.628438 0.0185459 0.0567156 0.343514
0 0.192923 0.557505 0.0137535 0.056585 0.292245
0 0.26901 0.471424 0.0127045 0.0458273 0.273925
0 0.364447 0.942757 0.0327488 0.0931719 0.265788
