2 0.488398 0.38345 0.0785776 0.0786669 0.839683
2 0.758151 0.851458 0.0825844 0.134834 0.833896
2 0.0216443 0.599628 0.0430568 0.0651126 0.762282
2 0.243884 0.36067 0.0409044 0.0631979 0.739673
2 0.280076 0.593536 0.0430861 0.0796914 0.727817
0 0.782463 0.752177 0.0129162 0.059612 0.60872
2 0.184705 0.315711 0.0344885 0.0617588 0.583555
9 0.156046 0.913127 0.00963845 0.0427485 0.577613
0 0.722189 0.691977 0.0167479 0.060771 0.497865
0 0.52874 0.35217 0.0108561 0.0632721 0.445656
0 0.0820221 0.505607 0.0101326 0.0593747 0.428495
9 0.287154 0.797102 0.0347198 0.0552858 0.420203
9 0.114775 0.11005 0.0355231 0.0496112 0.389466
0 0.785033 0.595155 0.0148222 0.0584804 0.379462
0 0.797145 0.594786 0.0128371 0.0617396 0.364805
0 0.192676 0.422323 0.00860558 0.0438585 0.338668
9 0.583791 0.285547 0.01388 0.033954 0.31577
9 0.735742 0.606296 0.0127338 0.0399395 0.27957
2 0.114823 0.109827 0.035583 0.0500789 0.267746
9 0.622756 0.250076 0.017589 0.073932 0.264229
