5 0.368244 0.367053 0.11883 0.184464 0.931675
5 0.34579 0.272224 0.0995527 0.116861 0.884371
2 0.56848 0.639806 0.0653507 0.0935893 0.874535
2 0.76798 0.900446 0.0758587 0.111614 0.86305
2 0.805812 0.441448 0.0651054 0.0720645 0.736848
2 0.229938 0.15866 0.0440079 0.0629406 0.722277
2 0.082566 0.845461 0.0449731 0.0852346 0.70084
2 0.144617 0.105278 0.0374679 0.0609806 0.676858
2 0.811206 0.369853 0.045005 0.0669368 0.653541
5 0.759601 0.3118 0.0761513 0.0771586 0.590031
2 0.0839948 0.0414058 0.0374629 0.0423922 0.527709
2 0.258947 0.974028 0.058667 0.0509599 0.462121
9 0.0340788 0.014775 0.0108944 0.0275046 0.448634
5 0.526075 0.282825 0.102482 0.069338 0.349801
2 0.759579 0.311386 0.0772095 0.0767718 0.326255
0 0.651799 0.604109 0.0117483 0.0490282 0.315995
2 0.0986801 0.198186 0.0321075 0.0600722 0.311702
5 0.147748 0.259685 0.0640187 0.111871 0.283028
5 0.764367 0.272484 0.109969 0.153401 0.278338
2 0.813302 0.286494 0.0457104 0.0491798 0.261771
