2 0.806616 0.379805 0.0565014 0.0726679 0.790514
0 0.792888 0.608301 0.0136568 0.0584408 0.651066
0 0.793701 0.743323 0.013056 0.0683153 0.603186
0 0.754832 0.723813 0.0138197 0.0582052 0.602903
0 0.829619 0.722849 0.0136253 0.0723433 0.506094
0 0.739898 0.689521 0.0155396 0.0739154 0.503074
0 0.835381 0.674705 0.0170507 0.0602668 0.470584
0 0.761344 0.554248 0.0104939 0.0440062 0.391661
9 0.0349518 0.199849 0.0139246 0.0365008 0.376483
2 0.0661187 0.0154044 0.0324116 0.0307367 0.355133
0 0.364354 0.943912 0.0341419 0.0994671 0.344035
9 0.155513 0.913424 0.00942001 0.0385325 0.341405
0 0.69177 0.609357 0.0136645 0.0558029 0.328554
0 0.121243 0.490512 0.0151726 0.0506384 0.301208
0 0.0948125 0.500792 0.0106217 0.0549839 0.28804
0 0.113838 0.972356 0.0150383 0.055287 0.269915
