2 0.787101 0.918418 0.0900702 0.136302 0.849931
2 0.57661 0.656091 0.0632587 0.095753 0.757764
2 0.307634 0.246888 0.0411105 0.0626317 0.755533
2 0.297915 0.608886 0.0393901 0.0845488 0.74051
2 0.256518 0.340558 0.0434263 0.0876635 0.697681
2 0.305081 0.317999 0.0416741 0.0586143 0.668169
2 0.788733 0.378608 0.0594284 0.0671349 0.559898
62 0.49236 0.137958 0.116398 0.124746 0.494225
2 0.726948 0.371612 0.0655443 0.0524789 0.407423
9 0.286867 0.800521 0.0335579 0.0569916 0.380647
9 0.121112 0.378453 0.0121267 0.0384573 0.28434
9 0.155354 0.914546 0.0090682 0.0418886 0.277831
9 0.735657 0.612118 0.0130642 0.0402674 0.262561
