2 0.790256 0.826526 0.0881716 0.124313 0.762599
2 0.816969 0.960555 0.054434 0.077125 0.760836
7 0.153803 0.177641 0.0577752 0.0940947 0.716379
2 0.246304 0.681998 0.0406652 0.0962289 0.715496
0 0.721078 0.675419 0.0119488 0.0607647 0.659549
2 0.268099 0.96688 0.054266 0.065666 0.633813
2 0.228642 0.169562 0.0425003 0.0611614 0.612159
2 0.374258 0.503554 0.0383409 0.0854891 0.546704
0 0.157797 0.454536 0.0143365 0.0595989 0.523932
2 0.189706 0.0916741 0.0378659 0.0502144 0.469189
0 0.70833 0.664532 0.0113995 0.062215 0.467278
2 0.68727 0.371666 0.0576105 0.0518984 0.456056
9 0.736393 0.61219 0.011725 0.0473212 0.449879
9 0.287131 0.797558 0.0343136 0.0558797 0.408452
0 0.204953 0.438818 0.0159552 0.0650731 0.338362
0 0.0239549 0.556687 0.0122873 0.0558892 0.336939
9 0.583113 0.280513 0.0171476 0.047439 0.325579
9 0.155687 0.911503 0.00990565 0.0418823 0.313944
2 0.123992 0.236653 0.039427 0.0470385 0.295831
0 0.771163 0.568983 0.0129442 0.0588492 0.275075
