5 0.561171 0.905872 0.2209 0.183591 0.906982
5 0.313141 0.297042 0.0963577 0.145381 0.878824
2 0.255359 0.338086 0.0471507 0.0683319 0.823727
2 0.538258 0.573859 0.0629539 0.0978985 0.823709
5 0.187115 0.244106 0.0602646 0.108191 0.813003
2 0.742145 0.334211 0.069339 0.0542635 0.775509
5 0.524798 0.290653 0.106471 0.083519 0.679117
2 0.289121 0.448844 0.0308435 0.070359 0.658881
2 0.121143 0.078679 0.0369823 0.0481743 0.630858
2 0.695793 0.779112 0.0810642 0.121165 0.608139
62 0.49173 0.132799 0.11866 0.148288 0.592079
2 0.295904 0.568965 0.0359048 0.0834651 0.581697
7 0.360608 0.475799 0.039793 0.108121 0.461211
2 0.0775079 0.0257287 0.0341401 0.0486088 0.459135
5 0.466742 0.937866 0.162859 0.121509 0.434514
2 0.183361 0.330435 0.0364445 0.0513738 0.411822
2 0.836626 0.398774 0.0355267 0.0508267 0.410624
5 0.273304 0.829761 0.0648445 0.289401 0.402501
2 0.360413 0.492985 0.0374146 0.0743598 0.373383
2 0.817166 0.369836 0.0394314 0.0551955 0.354716
0 0.690932 0.863874 0.016754 0.0656901 0.286353
