2 0.296011 0.243478 0.0412746 0.0651908 0.80355
2 0.779053 0.325546 0.0585657 0.0481305 0.757335
2 0.19693 0.322663 0.0392062 0.0711008 0.714634
2 0.189224 0.0886517 0.0374115 0.046271 0.663243
0 0.0918988 0.512301 0.0150759 0.0606366 0.618401
2 0.589615 0.383301 0.0721518 0.0563132 0.594106
9 0.735379 0.601562 0.0142197 0.0506566 0.528258
0 0.756499 0.736621 0.0125329 0.0596459 0.520616
9 0.142407 0.250359 0.012563 0.0520963 0.507028
2 0.149616 0.858588 0.0915181 0.0927216 0.482257
2 0.412317 0.351329 0.0524955 0.0600611 0.481362
0 0.809377 0.663866 0.0137909 0.0616534 0.442699
62 0.491896 0.125008 0.117983 0.139963 0.431246
0 0.365001 0.9434 0.0343141 0.0948593 0.427822
0 0.871978 0.566759 0.0131619 0.0601836 0.425805
9 0.11748 0.26689 0.0134479 0.0343443 0.4049
0 0.718225 0.659709 0.0116697 0.0529812 0.387144
9 0.287739 0.796346 0.0334223 0.058375 0.383292
0 0.769847 0.739264 0.0106014 0.0581672 0.343129
9 0.583867 0.285905 0.0147404 0.0378851 0.33938
9 0.583191 0.286915 0.0201077 0.0483972 0.333181
0 0.120811 0.979488 0.0139838 0.0409319 0.330926
