2 0.277316 0.211749 0.0457347 0.0737187 0.810617
5 0.75448 0.311441 0.0840816 0.0772234 0.775244
2 0.178849 0.14698 0.0482562 0.0766869 0.75727
2 0.270863 0.276977 0.0436549 0.0514036 0.75019
5 0.532223 0.923256 0.146256 0.150464 0.707047
2 0.120037 0.0711524 0.0396976 0.0618596 0.578547
2 0.812487 0.290839 0.0478908 0.0586855 0.571801
2 0.766962 0.887122 0.0746954 0.126725 0.369203
5 0.4549 0.942623 0.141063 0.11288 0.348174
5 0.537675 0.28994 0.129636 0.0834546 0.299319
62 0.491334 0.132595 0.119573 0.143314 0.289174
