2 0.403683 0.598823 0.0818136 0.0929535 0.875458
2 0.0468284 0.615462 0.08126 0.0811742 0.846942
2 0.54453 0.564072 0.0754805 0.0891149 0.827397
2 0.799513 0.38986 0.0687452 0.0649329 0.820036
2 0.398499 0.496429 0.0733181 0.0720533 0.802898
2 0.555945 0.462217 0.070328 0.0711263 0.795132
2 0.308853 0.250322 0.04307 0.0617768 0.749737
2 0.217818 0.20051 0.0375969 0.061549 0.725103
2 0.183955 0.16067 0.0356906 0.0595603 0.686672
2 0.615556 0.64971 0.0391834 0.10616 0.659399
2 0.151172 0.103317 0.0344864 0.0589559 0.597459
2 0.215111 0.140057 0.0390973 0.0570826 0.498486
5 0.74354 0.282548 0.149797 0.172744 0.460845
2 0.109639 0.0654479 0.0412305 0.0652247 0.420474
2 0.71053 0.464064 0.0459379 0.0699405 0.37699
0 0.0295392 0.548118 0.0125852 0.0579214 0.336334
