5 0.560701 0.594808 0.153304 0.248799 0.932211
2 0.195953 0.262184 0.0416796 0.05939 0.833115
5 0.258769 0.166527 0.0842552 0.147385 0.81767
2 0.25701 0.445053 0.0387043 0.076492 0.80483
2 0.37142 0.320892 0.0531348 0.0710312 0.798826
5 0.535462 0.291415 0.133278 0.0848232 0.78603
2 0.812766 0.409872 0.0594765 0.0632026 0.779476
2 0.198185 0.175335 0.0376278 0.063085 0.752863
6 0.901519 0.045816 0.195841 0.0909103 0.727934
2 0.782693 0.382529 0.0722118 0.0796652 0.724197
2 0.566363 0.40613 0.0507608 0.0460264 0.667481
2 0.780157 0.330444 0.0636887 0.0560376 0.605756
5 0.0762502 0.0209732 0.0350466 0.041914 0.430255
2 0.20397 0.116463 0.0353765 0.0559484 0.389073
9 0.711571 0.482061 0.0104155 0.0558233 0.278411
