2 0.218982 0.674256 0.0922929 0.0923603 0.898071
2 0.350636 0.533947 0.094649 0.0861247 0.866588
2 0.260279 0.254739 0.0448112 0.0662949 0.827017
2 0.304958 0.230014 0.044838 0.0608313 0.779101
2 0.173377 0.253693 0.0344256 0.0580902 0.750896
2 0.438554 0.559189 0.0746544 0.0794315 0.735006
2 0.742909 0.402165 0.0716967 0.0860015 0.550528
2 0.11645 0.129365 0.0350938 0.0547393 0.53254
3 0.297707 0.676881 0.0361929 0.0508677 0.495092
9 0.155131 0.915083 0.00868032 0.0419308 0.331932
5 0.534572 0.302312 0.132026 0.107771 0.327402
2 0.871891 0.979729 0.0642437 0.038639 0.30251
0 0.174688 0.440817 0.0138886 0.055315 0.297613
2 0.213445 0.19481 0.0409543 0.0591834 0.297544
0 0.91885 0.701012 0.0170038 0.0627397 0.269894
0 0.173107 0.368734 0.0155192 0.0538046 0.268971
