2 0.681317 0.745397 0.0770382 0.117773 0.810202
2 0.248229 0.162449 0.0377686 0.0624213 0.77165
2 0.107605 0.112757 0.0315578 0.0478735 0.767051
9 0.288063 0.797011 0.0333694 0.055837 0.507176
9 0.142782 0.249666 0.012988 0.0505349 0.479029
0 0.0225795 0.527903 0.0154402 0.058443 0.458837
0 0.456888 0.311339 0.0111847 0.0453836 0.375592
9 0.117439 0.267529 0.0137375 0.0347153 0.370965
9 0.62527 0.250304 0.0222234 0.0782028 0.364644
0 0.10312 0.511104 0.0173464 0.060709 0.323592
9 0.735335 0.611927 0.0179599 0.0575723 0.290674
2 0.803979 0.447161 0.0621466 0.0805638 0.272574
9 0.803472 0.446339 0.0619287 0.0801104 0.260217
0 0.968612 0.528794 0.0116737 0.0609251 0.253886
