2 0.263355 0.256409 0.0438386 0.0657188 0.825935
0 0.797311 0.734174 0.0158499 0.0618886 0.641584
0 0.0652171 0.51343 0.0135733 0.0539354 0.604462
0 0.728934 0.685201 0.012792 0.0573235 0.584753
0 0.530007 0.356827 0.0106642 0.0487784 0.549079
0 0.7659 0.726296 0.0132412 0.0632185 0.484489
0 0.754767 0.669843 0.0124228 0.0552784 0.475757
0 0.858957 0.578751 0.0122086 0.0498384 0.459123
0 0.096296 0.52628 0.0127395 0.0597943 0.381966
0 0.85986 0.642131 0.012302 0.0575306 0.369367
0 0.119548 0.491732 0.0164423 0.0560015 0.342256
9 0.0350406 0.201834 0.0143381 0.0344689 0.33266
0 0.105746 0.524278 0.0134366 0.0595762 0.301455
0 0.364705 0.944684 0.032528 0.100013 0.281196
