5 0.203302 0.166062 0.0808268 0.130735 0.859064
5 0.796916 0.927755 0.273867 0.139598 0.835185
2 0.256586 0.250926 0.0424097 0.0655258 0.812005
5 0.14348 0.0924146 0.0663962 0.113011 0.803579
2 0.600703 0.475088 0.0714443 0.0791681 0.801864
2 0.772905 0.38411 0.0652686 0.0683577 0.743617
2 0.83293 0.40796 0.0580669 0.0478605 0.622943
2 0.755438 0.440567 0.0602121 0.067817 0.503141
0 0.967775 0.614724 0.0119987 0.0560589 0.458219
0 0.364278 0.9419 0.0312351 0.0942746 0.392857
0 0.938899 0.60733 0.0141329 0.0537309 0.369246
0 0.869372 0.630618 0.0128506 0.0563417 0.346699
2 0.331093 0.610736 0.0302199 0.0498615 0.338436
0 0.759859 0.654937 0.0109265 0.0539984 0.260597
