2 0.215255 0.198204 0.0410779 0.0635571 0.817312
2 0.328139 0.264943 0.0477904 0.0706091 0.777591
62 0.492092 0.125444 0.117577 0.136198 0.601598
0 0.0628582 0.547131 0.0123453 0.0609736 0.497405
9 0.290374 0.795771 0.0373724 0.0501607 0.495681
2 0.258872 0.188541 0.043396 0.0671065 0.483364
9 0.735236 0.613805 0.0151701 0.0520598 0.411152
0 0.138562 0.414314 0.0149357 0.0575971 0.408751
0 0.364497 0.943275 0.0335214 0.0945457 0.401235
2 0.837938 0.40259 0.0303585 0.0401845 0.39333
0 0.151618 0.411758 0.0130375 0.0576156 0.370932
0 0.294661 0.274434 0.012189 0.0447824 0.351773
9 0.117432 0.267007 0.0134483 0.0345897 0.31885
2 0.262965 0.268481 0.0279201 0.0388821 0.311847
2 0.255476 0.253038 0.0427589 0.0675858 0.31171
0 0.215632 0.72977 0.0139731 0.0630219 0.305141
9 0.572 0.225851 0.0151459 0.043996 0.303725
0 0.0916649 0.542959 0.0102304 0.0578549 0.303663
0 0.884682 0.523708 0.0136423 0.0515483 0.300262
0 0.280483 0.534511 0.0190638 0.061231 0.262105
9 0.584264 0.287416 0.01474 0.0355726 0.257802
9 0.624122 0.247603 0.0184624 0.0772696 0.252484
