5 0.217014 0.594667 0.20877 0.18431 0.943854
5 0.738732 0.454056 0.0996586 0.128625 0.822938
2 0.554653 0.435379 0.0707197 0.073869 0.819639
2 0.248297 0.239609 0.0407852 0.0621248 0.766541
5 0.141014 0.0901823 0.0725402 0.119539 0.732071
5 0.192093 0.155382 0.0592858 0.104595 0.676199
5 0.0812336 0.0330315 0.0617729 0.0654569 0.567701
0 0.365118 0.945971 0.0327505 0.0957136 0.457276
5 0.765851 0.26108 0.110654 0.13157 0.43213
0 0.114511 0.934817 0.0148076 0.0715454 0.392736
2 0.251942 0.187991 0.0361602 0.0559113 0.369697
9 0.155331 0.914364 0.00849738 0.0419686 0.356464
5 0.68286 0.750462 0.0788458 0.15659 0.354208
7 0.682797 0.750399 0.0791618 0.156846 0.351201
0 0.184721 0.414724 0.0180203 0.0651469 0.305233
0 0.160575 0.438127 0.0131693 0.0535277 0.288981
5 0.532652 0.304136 0.123501 0.107929 0.280664
62 0.491814 0.133872 0.117389 0.149075 0.269402
