5 0.615115 0.907613 0.244058 0.181006 0.899739
2 0.112583 0.672702 0.101152 0.0951913 0.839707
2 0.62452 0.543622 0.0718553 0.0949949 0.822954
2 0.175244 0.154054 0.0359318 0.0505461 0.765671
2 0.659547 0.459353 0.0704248 0.0763721 0.742136
2 0.823046 0.956212 0.0985516 0.083728 0.710349
2 0.805666 0.376608 0.053844 0.0579594 0.689397
7 0.287984 0.228941 0.0359786 0.0665953 0.655352
2 0.750709 0.448546 0.0497352 0.0668933 0.61529
2 0.129849 0.0910272 0.0341078 0.0514582 0.610571
62 0.492343 0.13336 0.117482 0.14179 0.457513
5 0.536194 0.288039 0.129132 0.0791131 0.448426
2 0.264311 0.266441 0.0282969 0.0423762 0.283016
5 0.561049 0.90586 0.352083 0.183933 0.266851
0 0.121878 0.864413 0.0138676 0.0637432 0.260936
