2 0.649506 0.405831 0.0713261 0.0658839 0.861074
2 0.326653 0.658232 0.0874767 0.10604 0.820343
2 0.518772 0.42241 0.0690093 0.0707059 0.804915
2 0.180515 0.73327 0.0963281 0.105461 0.78148
2 0.550262 0.509645 0.077824 0.075038 0.771896
2 0.345054 0.499556 0.0768383 0.0668581 0.75837
2 0.262554 0.579316 0.0811042 0.0745872 0.734978
2 0.187199 0.261486 0.0422745 0.0656906 0.692095
7 0.192759 0.083346 0.0469029 0.0898116 0.659881
2 0.309349 0.249965 0.0460054 0.0646379 0.618811
2 0.237065 0.644644 0.0858306 0.0976744 0.566616
0 0.78446 0.529103 0.0133802 0.0578632 0.505808
62 0.491521 0.13424 0.117445 0.121578 0.444661
9 0.144151 0.271502 0.0368781 0.0595256 0.40964
9 0.155164 0.915444 0.00952563 0.0422916 0.396225
9 0.288688 0.79629 0.0344368 0.0498676 0.38413
5 0.75908 0.265104 0.0968287 0.125626 0.379609
0 0.809232 0.529725 0.0168072 0.0634445 0.370281
0 0.951718 0.623429 0.0181885 0.0682566 0.353619
0 0.721687 0.629899 0.0140177 0.058522 0.347647
0 0.733758 0.62244 0.013781 0.0622444 0.301776
0 0.69451 0.622749 0.0153646 0.0581106 0.300693
0 0.896677 0.896557 0.0147949 0.0717565 0.289152
0 0.520745 0.337919 0.010226 0.032969 0.277977
0 0.126699 0.477587 0.0137989 0.0608767 0.264626
0 0.736441 0.68699 0.0125288 0.0778078 0.252926
0 0.157026 0.456644 0.0118563 0.0534976 0.251362
