2 0.536261 0.50661 0.0741056 0.0845779 0.84332
5 0.134374 0.0809041 0.0705168 0.111003 0.843072
2 0.591229 0.521027 0.0757233 0.0819331 0.837803
2 0.302663 0.239355 0.040367 0.0661757 0.818622
2 0.788447 0.419934 0.0646967 0.0731739 0.805064
5 0.864931 0.939303 0.196209 0.117851 0.796462
2 0.192881 0.122758 0.0410044 0.0525564 0.764423
5 0.249469 0.227618 0.0572816 0.106583 0.746956
5 0.0621101 0.4075 0.123818 0.171182 0.537612
0 0.255115 0.416633 0.0139618 0.0498171 0.496115
0 0.116384 0.946354 0.0138425 0.0524801 0.494108
0 0.197649 0.459489 0.011939 0.0491372 0.426516
0 0.178275 0.458589 0.0132275 0.0492247 0.425901
0 0.108673 0.495266 0.0169917 0.0579263 0.423828
0 0.146823 0.448608 0.0126091 0.0521668 0.413503
0 0.859058 0.676387 0.0108059 0.0462838 0.3876
0 0.897593 0.764226 0.0126297 0.0693929 0.378875
0 0.704033 0.648632 0.0123848 0.0798889 0.377124
0 0.804352 0.758347 0.0114264 0.062738 0.362427
9 0.155436 0.913349 0.00841494 0.0401432 0.353124
0 0.130032 0.344337 0.0134793 0.0541049 0.348482
0 0.455029 0.320326 0.0101418 0.0454197 0.345527
5 0.530129 0.286238 0.122542 0.0793329 0.334949
0 0.820135 0.623738 0.0113949 0.0444499 0.326438
0 0.831876 0.776478 0.0120907 0.0425257 0.303772
0 0.895823 0.624701 0.0162107 0.0512149 0.287798
0 0.364634 0.943597 0.0319744 0.0966512 0.27232
0 0.680709 0.859987 0.0126581 0.0637312 0.26636
0 0.567178 0.350179 0.0116339 0.0477344 0.265972
0 0.94383 0.771524 0.0121695 0.0403951 0.254049
