5 0.828825 0.929338 0.26459 0.136983 0.826403
0 0.816321 0.71276 0.0169746 0.0613931 0.594197
0 0.744622 0.736425 0.0176403 0.0683814 0.565968
0 0.767273 0.760615 0.013069 0.0595835 0.55522
2 0.1697 0.306467 0.0476069 0.0747286 0.530796
0 0.78908 0.5567 0.0156149 0.0574263 0.492747
0 0.984353 0.500325 0.0163918 0.0585712 0.475855
0 0.160372 0.4726 0.0100605 0.0413129 0.415115
0 0.903489 0.567913 0.0123512 0.0533136 0.403376
2 0.773232 0.424674 0.0642675 0.117719 0.392381
2 0.774933 0.446152 0.0594415 0.0753043 0.3574
0 0.0445278 0.559008 0.0143123 0.0548209 0.354584
0 0.723082 0.834016 0.0133636 0.0662699 0.323279
0 0.5128 0.359986 0.0127419 0.0459008 0.319064
0 0.0918818 0.537926 0.010843 0.0471098 0.318187
0 0.365303 0.943793 0.0337008 0.097521 0.316866
9 0.0352886 0.20065 0.0145167 0.0352459 0.304932
0 0.0938199 0.486137 0.0117038 0.0558221 0.280318
