2 0.685897 0.783089 0.0776702 0.118141 0.790243
2 0.0958332 0.784415 0.07016 0.101539 0.767902
2 0.256881 0.575279 0.0370972 0.0791633 0.745858
2 0.797133 0.844428 0.0862364 0.123686 0.691341
2 0.277718 0.799742 0.0505896 0.111604 0.685696
2 0.502281 0.547032 0.0558529 0.0959218 0.670856
2 0.378545 0.407586 0.051821 0.0799153 0.66853
2 0.225624 0.330503 0.0420686 0.0694096 0.651292
2 0.24377 0.436992 0.0327919 0.0680138 0.591036
9 0.142711 0.251465 0.0130908 0.0534979 0.517085
0 0.969392 0.499757 0.0101887 0.0544091 0.498868
0 0.987433 0.497909 0.014423 0.0643393 0.440211
9 0.732736 0.611362 0.0168717 0.0464283 0.402859
9 0.117657 0.267422 0.0138153 0.0345167 0.359218
0 0.937735 0.517521 0.0177723 0.0469847 0.357036
9 0.156122 0.911192 0.00989695 0.0414975 0.351655
2 0.833092 0.409842 0.0606937 0.0630139 0.328796
62 0.492013 0.124773 0.118376 0.137525 0.306345
9 0.583908 0.285535 0.0150898 0.0358749 0.260206
9 0.143642 0.265824 0.0122378 0.0245021 0.250326
