2 0.299571 0.243268 0.0469002 0.0648628 0.819233
2 0.189347 0.0890755 0.0372957 0.0457281 0.768283
2 0.246041 0.220308 0.040801 0.0634726 0.759389
2 0.175598 0.303004 0.0342055 0.0631826 0.723709
2 0.107143 0.0586808 0.0357021 0.0569209 0.600642
9 0.288838 0.794298 0.0367285 0.05103 0.57218
2 0.261203 0.171441 0.0392028 0.0604068 0.571897
9 0.156167 0.912806 0.00918136 0.0391162 0.527726
9 0.117669 0.266724 0.0134129 0.0339791 0.4121
0 0.813839 0.682429 0.0151554 0.0656566 0.390833
0 0.757008 0.655491 0.0174492 0.0903312 0.387904
0 0.140421 0.356119 0.0101904 0.0473139 0.383164
0 0.835317 0.679428 0.0158257 0.0610967 0.314024
0 0.881115 0.69002 0.0137039 0.0674187 0.292396
9 0.573612 0.226958 0.0201221 0.0463183 0.264725
0 0.705536 0.647012 0.0137011 0.0809699 0.263838
9 0.583695 0.288206 0.0163282 0.0466557 0.260435
9 0.142516 0.249116 0.0140149 0.0496199 0.254097
9 0.583739 0.295009 0.0173395 0.0651816 0.251649
