5 0.831992 0.910113 0.235804 0.175302 0.91583
5 0.12469 0.0676264 0.072507 0.112922 0.869619
2 0.215261 0.203791 0.0419169 0.056171 0.786314
2 0.17739 0.148243 0.0378467 0.0620745 0.725375
5 0.0240861 0.125245 0.0475245 0.247819 0.722039
2 0.256408 0.251269 0.0479749 0.0784147 0.689764
2 0.712908 0.416422 0.0668814 0.0698771 0.643079
2 0.779335 0.429428 0.0710886 0.0654851 0.592975
5 0.525094 0.291723 0.103378 0.0900016 0.435867
5 0.555718 0.917772 0.334426 0.152114 0.404802
62 0.492028 0.129197 0.118731 0.141851 0.396044
2 0.838562 0.442301 0.0628782 0.0579252 0.318249
2 0.813233 0.293147 0.0448593 0.0540426 0.311977
2 0.812104 0.372571 0.0379274 0.047926 0.281726
