2 0.306434 0.300139 0.050884 0.0713523 0.814811
2 0.543658 0.600731 0.0632751 0.101864 0.807036
2 0.0903154 0.857313 0.0394819 0.0885195 0.657654
0 0.756553 0.711571 0.0121849 0.0624318 0.581206
0 0.919772 0.550086 0.0145185 0.0631946 0.566693
9 0.0351007 0.19987 0.0158332 0.0387933 0.529518
0 0.968636 0.573265 0.0153481 0.0573335 0.529348
0 0.128409 0.968473 0.0167321 0.063053 0.383304
0 0.832941 0.74174 0.0146465 0.0606596 0.380078
0 0.692513 0.62579 0.0120879 0.0590922 0.363514
0 0.931137 0.547998 0.0146496 0.0620761 0.308402
0 0.821271 0.511201 0.0108873 0.0463855 0.306108
9 0.18903 0.907547 0.0193254 0.0607307 0.303843
9 0.571822 0.229444 0.0129486 0.0408175 0.297088
0 0.0861715 0.512756 0.013064 0.0562661 0.275196
0 0.134887 0.47619 0.0139469 0.0658241 0.259754
0 0.715558 0.624035 0.00985317 0.0533956 0.25734
