2 0.313801 0.248954 0.0465611 0.0608895 0.795666
9 0.288469 0.796735 0.0373281 0.0472388 0.621994
2 0.250302 0.24343 0.047566 0.0763052 0.602441
9 0.155567 0.912318 0.00934827 0.0418033 0.499302
0 0.0325405 0.5281 0.0176291 0.0565116 0.469171
0 0.905007 0.901675 0.0181149 0.0711288 0.438156
0 0.610227 0.539784 0.0145095 0.0558431 0.432601
0 0.333929 0.34976 0.0114399 0.0534292 0.429259
0 0.743932 0.55863 0.0163761 0.0650071 0.42123
0 0.27884 0.54872 0.0187051 0.0567755 0.417483
62 0.491864 0.127318 0.117477 0.141101 0.416302
0 0.105217 0.47928 0.0125336 0.0455535 0.409385
2 0.801983 0.366428 0.0592039 0.0755963 0.401528
2 0.845282 0.409042 0.0373669 0.0429057 0.399387
0 0.131945 0.325666 0.00911653 0.0514553 0.343135
0 0.796937 0.745115 0.00977125 0.0499786 0.330531
2 0.579551 0.918086 0.391832 0.156799 0.298464
0 0.836488 0.638183 0.0150936 0.06038 0.292222
9 0.141341 0.249985 0.0105461 0.0494574 0.282272
0 0.587832 0.362316 0.011559 0.0536424 0.282217
0 0.771982 0.73119 0.0106464 0.0618435 0.266372
0 0.29269 0.457899 0.015284 0.052773 0.264615
0 0.479824 0.548939 0.017794 0.0597727 0.252234
