2 0.099304 0.831203 0.0705486 0.100464 0.795589
2 0.611117 0.382066 0.0683294 0.0584781 0.791216
2 0.192689 0.92579 0.0855364 0.112613 0.758096
0 0.826002 0.68184 0.0147942 0.0632792 0.59706
0 0.90438 0.899378 0.0150803 0.0598982 0.517796
9 0.287106 0.79802 0.0324192 0.0534393 0.473166
0 0.797073 0.48837 0.0130051 0.0548103 0.472003
9 0.583001 0.286286 0.0135904 0.0396077 0.414769
9 0.117165 0.267612 0.0144682 0.0341082 0.408738
9 0.735402 0.609489 0.0122673 0.0371398 0.377442
0 0.157064 0.445091 0.0134648 0.0695455 0.367798
0 0.094969 0.51518 0.00972549 0.0486416 0.355723
0 0.107661 0.501679 0.0121489 0.0340753 0.338404
0 0.158064 0.435293 0.0129214 0.0641916 0.338296
0 0.916417 0.694013 0.0159479 0.0661018 0.327825
0 0.731757 0.672629 0.0115419 0.0551076 0.319808
62 0.491927 0.125331 0.118419 0.140112 0.274486
0 0.363492 0.940944 0.029458 0.089998 0.265097
0 0.734244 0.672877 0.0155572 0.0560393 0.262452
