7 0.129806 0.751576 0.133541 0.166476 0.895564
2 0.173702 0.623584 0.0880542 0.0842072 0.811911
2 0.478006 0.560568 0.0773656 0.0900635 0.7657
2 0.7015 0.417544 0.0669669 0.0700351 0.740071
2 0.444447 0.494244 0.0718245 0.0654263 0.716148
2 0.302205 0.24846 0.0422492 0.0669964 0.710664
2 0.613807 0.481512 0.0612259 0.0767912 0.709268
9 0.107631 0.165498 0.0207847 0.052678 0.686011
2 0.804078 0.324271 0.0570377 0.0545987 0.595702
2 0.225495 0.37846 0.0343752 0.0642183 0.588405
62 0.492521 0.135246 0.117787 0.147019 0.501832
0 0.740587 0.677495 0.0133754 0.0571673 0.452094
0 0.706053 0.658994 0.0134452 0.0692546 0.441454
9 0.290137 0.794581 0.0412293 0.0542411 0.381351
9 0.15577 0.918616 0.00934634 0.0340285 0.326875
0 0.773568 0.615187 0.0188499 0.0528987 0.30566
0 0.696351 0.592013 0.0150751 0.0576267 0.30145
0 0.743072 0.567946 0.0109622 0.0418433 0.295305
0 0.803702 0.543984 0.0131235 0.0429228 0.28796
9 0.142471 0.259959 0.0125553 0.0341354 0.284264
0 0.77374 0.627101 0.018923 0.0767309 0.275809
0 0.958333 0.601288 0.0115494 0.0598119 0.266158
0 0.971149 0.606911 0.0109146 0.0543005 0.254625
2 0.762797 0.895566 0.157447 0.204625 0.250569
