2 0.198197 0.184064 0.0337158 0.062119 0.683623
5 0.276714 0.204735 0.103428 0.145361 0.612981
0 0.633011 0.66364 0.0120484 0.053326 0.580849
0 0.084141 0.615491 0.0137539 0.0545028 0.537857
62 0.49254 0.137179 0.117066 0.136406 0.480303
9 0.289742 0.796191 0.0373462 0.0500466 0.475552
2 0.814913 0.390946 0.086088 0.0637751 0.406236
7 0.276457 0.204586 0.103695 0.147268 0.369053
9 0.155427 0.916163 0.00895925 0.0403554 0.34222
0 0.217506 0.41816 0.0119787 0.0534809 0.324259
9 0.120261 0.376299 0.0129979 0.0395808 0.316175
5 0.757678 0.264087 0.097146 0.12742 0.295476
