5 0.291447 0.202775 0.0849455 0.137593 0.840756
5 0.181047 0.0749893 0.0686014 0.117541 0.822077
2 0.274959 0.579757 0.0806958 0.077752 0.813606
2 0.25679 0.256669 0.044532 0.0630643 0.768649
2 0.209811 0.194897 0.0437042 0.063171 0.745923
2 0.550522 0.421649 0.0752914 0.0627853 0.689015
2 0.107371 0.198935 0.0302133 0.0571704 0.653511
0 0.67096 0.881854 0.0137589 0.0608493 0.510748
2 0.810265 0.292856 0.0521929 0.0496133 0.504682
62 0.492046 0.139735 0.1175 0.126901 0.48916
2 0.159189 0.127235 0.0459403 0.0627292 0.485932
9 0.288246 0.79493 0.0346694 0.0545505 0.391805
3 0.336271 0.66723 0.0199199 0.0439546 0.302116
9 0.0843833 0.07768 0.0216379 0.0449307 0.275544
