2 0.281721 0.532543 0.0359406 0.0681193 0.764978
2 0.109617 0.062004 0.0386038 0.0589773 0.587764
0 0.138815 0.489354 0.0126549 0.0483437 0.490961
9 0.0349216 0.199647 0.0145981 0.0380617 0.468155
0 0.829016 0.752477 0.0118286 0.0620692 0.465156
0 0.857903 0.660085 0.0137468 0.0637182 0.430307
62 0.491939 0.125388 0.117129 0.135514 0.410877
0 0.955441 0.536325 0.010428 0.0569427 0.382866
9 0.155847 0.911899 0.00877583 0.0413835 0.365721
0 0.966219 0.539099 0.0123611 0.0568254 0.365356
0 0.776637 0.748196 0.0117624 0.0556519 0.359945
0 0.735517 0.693173 0.0103718 0.0600405 0.344498
0 0.746936 0.701428 0.0159138 0.0597426 0.326212
0 0.818 0.652502 0.0135395 0.0637904 0.300497
0 0.758744 0.737488 0.0172424 0.0745934 0.298803
0 0.0954466 0.487644 0.0168923 0.0969513 0.296426
9 0.189114 0.904599 0.0191207 0.0581038 0.273969
0 0.894052 0.797776 0.0139532 0.0604638 0.273883
0 0.542979 0.354021 0.0130882 0.0417285 0.253328
