5 0.181682 0.14728 0.0523362 0.091513 0.621888
0 0.715329 0.844669 0.0197145 0.0679464 0.538679
0 0.192071 0.714354 0.015752 0.0649655 0.516973
62 0.491065 0.134214 0.119282 0.153561 0.512592
2 0.816871 0.40545 0.0503355 0.0723974 0.468109
0 0.768282 0.719443 0.0170824 0.0610294 0.455155
0 0.913769 0.616413 0.0160791 0.0557719 0.442718
9 0.0347991 0.201581 0.0147392 0.0367269 0.406816
0 0.51984 0.750951 0.0149615 0.0538883 0.317895
0 0.37345 0.788653 0.015218 0.0700105 0.310022
0 0.76863 0.601669 0.0160659 0.0624613 0.291582
5 0.0646542 0.405388 0.128884 0.176765 0.275632
0 0.241381 0.32212 0.00989523 0.0399516 0.262727
