2 0.816618 0.403846 0.0442242 0.0716949 0.661431
2 0.806471 0.370337 0.0466265 0.0649836 0.615082
62 0.492177 0.126012 0.11727 0.138023 0.587367
0 0.536631 0.473996 0.0121855 0.0528702 0.55163
0 0.706213 0.829966 0.0133179 0.0624101 0.531109
0 0.856443 0.757816 0.0204876 0.0635956 0.426525
9 0.0354192 0.200262 0.0149189 0.0378084 0.41414
0 0.585979 0.719878 0.0137873 0.0538323 0.407745
0 0.390188 0.789675 0.0133805 0.0606361 0.345972
0 0.448036 0.485373 0.0143562 0.051118 0.287799
0 0.430557 0.773709 0.017458 0.0634108 0.276579
0 0.323891 0.428906 0.016967 0.0490543 0.267138
