5 0.723857 0.311871 0.159383 0.138 0.917925
2 0.651139 0.450791 0.0694769 0.0791005 0.792054
2 0.285853 0.227307 0.0414752 0.0628478 0.779158
2 0.247809 0.236402 0.0475454 0.0798138 0.75343
2 0.18657 0.168419 0.0380053 0.0616514 0.688502
2 0.156864 0.13493 0.0338873 0.0450166 0.444403
62 0.492467 0.130383 0.11737 0.136327 0.418802
0 0.477543 0.798701 0.0126539 0.0569068 0.373782
0 0.444766 0.842767 0.0163414 0.0616296 0.369918
0 0.58206 0.803239 0.0141392 0.0630146 0.355856
5 0.533075 0.290279 0.129508 0.0854541 0.355445
0 0.0455995 0.627613 0.0171264 0.0604785 0.328234
2 0.129805 0.0939919 0.0291311 0.0473836 0.318346
2 0.103985 0.0595378 0.0322879 0.0426734 0.313465
0 0.546477 0.777729 0.0146154 0.0603151 0.307779
0 0.306626 0.401494 0.0102819 0.0416237 0.264244
