2 0.769392 0.805476 0.0834841 0.120915 0.827824
2 0.310189 0.256589 0.0493882 0.0751299 0.744004
2 0.194962 0.342924 0.0462028 0.0631151 0.722893
2 0.808452 0.292904 0.0533377 0.055226 0.634475
0 0.410861 0.672489 0.0196756 0.0607147 0.541935
2 0.0348588 0.599075 0.0695497 0.078623 0.50814
0 0.459667 0.859769 0.016406 0.071052 0.494725
0 0.735097 0.633159 0.0200011 0.0856617 0.453685
9 0.288501 0.800427 0.0369665 0.0374905 0.452009
0 0.563866 0.583572 0.0139655 0.074944 0.434732
2 0.147681 0.107591 0.0344003 0.0552573 0.398463
2 0.772825 0.392694 0.0559921 0.0608185 0.389045
0 0.534678 0.696975 0.0121638 0.0497986 0.383395
0 0.280988 0.381297 0.0148111 0.0455437 0.369167
62 0.49232 0.127311 0.117873 0.142416 0.363069
2 0.252447 0.249832 0.04265 0.0667792 0.352859
2 0.812909 0.420529 0.0598528 0.0840288 0.314171
0 0.632236 0.733461 0.0131065 0.061947 0.304315
9 0.156237 0.912078 0.00860529 0.0403573 0.296352
0 0.687751 0.70444 0.016306 0.0549564 0.295332
0 0.117043 0.488658 0.0209728 0.0582204 0.291432
0 0.883688 0.614121 0.0152546 0.05227 0.291378
9 0.0210149 0.572081 0.0121676 0.0248986 0.287988
9 0.95607 0.719128 0.0143801 0.069076 0.270138
0 0.610714 0.738686 0.0184143 0.0616798 0.267031
0 0.304876 0.92546 0.015834 0.0622175 0.262289
0 0.142569 0.561758 0.0120047 0.0515479 0.261722
0 0.668841 0.705865 0.0135296 0.053184 0.254807
2 0.769392 0.805476 0.0834841 0.120915 0.827824
2 0.310189 0.256589 0.0493882 0.0751299 0.744004
2 0.194962 0.342924 0.0462028 0.0631151 0.722893
2 0.808452 0.292904 0.0533377 0.055226 0.634475
0 0.410861 0.672489 0.0196756 0.0607147 0.541935
2 0.0348588 0.599075 0.0695497 0.078623 0.50814
0 0.459667 0.859769 0.016406 0.071052 0.494725
0 0.735097 0.633159 0.0200011 0.0856617 0.453685
9 0.288501 0.800427 0.0369665 0.0374905 0.452009
0 0.563866 0.583572 0.0139655 0.074944 0.434732
2 0.147681 0.107591 0.0344003 0.0552573 0.398463
2 0.772825 0.392694 0.0559921 0.0608185 0.389045
0 0.534678 0.696975 0.0121638 0.0497986 0.383395
0 0.280988 0.381297 0.0148111 0.0455437 0.369167
62 0.49232 0.127311 0.117873 0.142416 0.363069
2 0.252447 0.249832 0.04265 0.0667792 0.352859
2 0.812909 0.420529 0.0598528 0.0840288 0.314171
0 0.632236 0.733461 0.0131065 0.061947 0.304315
9 0.156237 0.912078 0.00860529 0.0403573 0.296352
0 0.687751 0.70444 0.016306 0.0549564 0.295332
0 0.117043 0.488658 0.0209728 0.0582204 0.291432
0 0.883688 0.614121 0.0152546 0.05227 0.291378
9 0.0210149 0.572081 0.0121676 0.0248986 0.287988
9 0.95607 0.719128 0.0143801 0.069076 0.270138
0 0.610714 0.738686 0.0184143 0.0616798 0.267031
0 0.304876 0.92546 0.015834 0.0622175 0.262289
0 0.142569 0.561758 0.0120047 0.0515479 0.261722
0 0.668841 0.705865 0.0135296 0.053184 0.254807
