2 0.812638 0.396584 0.0466777 0.0814501 0.581242
2 0.780095 0.377084 0.0490705 0.0654417 0.540915
0 0.372435 0.558179 0.0169648 0.0603248 0.527947
0 0.0168019 0.554487 0.0150836 0.0661536 0.520632
0 0.243172 0.33645 0.0129693 0.061451 0.466718
0 0.302811 0.830181 0.0144385 0.0642663 0.450059
0 0.577839 0.570374 0.0123401 0.0591424 0.440022
2 0.862331 0.422602 0.0248037 0.0355886 0.428967
0 0.0544734 0.554184 0.0168586 0.0815231 0.420424
0 0.365071 0.946259 0.0336397 0.102319 0.404436
9 0.0346915 0.200444 0.0146668 0.0369342 0.384263
62 0.491636 0.125511 0.117501 0.135253 0.375552
0 0.0807005 0.434561 0.0142143 0.056088 0.323404
0 0.79053 0.682244 0.0151497 0.0611062 0.320404
0 0.810695 0.695936 0.0167263 0.0598535 0.312191
9 0.571743 0.227791 0.0134136 0.0422004 0.308914
0 0.0691932 0.519589 0.0142764 0.062547 0.308343
0 0.44014 0.581065 0.0159725 0.0513229 0.301282
9 0.155426 0.913174 0.00844665 0.0399811 0.276455
0 0.771943 0.501434 0.0120325 0.0582618 0.275469
0 0.033319 0.536884 0.0131732 0.0619675 0.265607
0 0.988543 0.484417 0.0140114 0.0503482 0.264204
