2 0.228379 0.157256 0.0390965 0.0594455 0.769977
2 0.783163 0.383465 0.0649446 0.0670638 0.719682
0 0.944178 0.68614 0.014374 0.0676676 0.530775
6 0.901282 0.0445041 0.196434 0.0886891 0.47099
0 0.0728389 0.498682 0.015671 0.0504294 0.452406
9 0.188914 0.908124 0.0185277 0.0603906 0.415947
62 0.491452 0.126804 0.118008 0.139721 0.391971
0 0.791805 0.632881 0.0134425 0.0620744 0.389693
0 0.959641 0.678311 0.0182777 0.0744441 0.383682
9 0.0350828 0.199997 0.0139886 0.0379978 0.377732
0 0.296645 0.623712 0.010292 0.0574716 0.364558
2 0.82036 0.406641 0.0643497 0.0720022 0.363795
0 0.879037 0.74309 0.013065 0.0595534 0.328352
0 0.450724 0.505128 0.0141787 0.0501272 0.296757
0 0.0598979 0.507845 0.0124518 0.0536079 0.296645
0 0.141607 0.357865 0.00858586 0.035897 0.29207
0 0.778115 0.62023 0.0113728 0.0555869 0.279538
0 0.964669 0.517496 0.0154751 0.0545084 0.274189
9 0.155021 0.910845 0.00885983 0.0464074 0.270324
9 0.571412 0.227387 0.0135809 0.0443851 0.254337
