5 0.366994 0.298765 0.103861 0.167749 0.896371
5 0.130794 0.130295 0.0756421 0.116517 0.86701
2 0.583798 0.651128 0.073385 0.0965716 0.854585
2 0.829603 0.937439 0.0964672 0.124904 0.840843
2 0.306752 0.585371 0.0375044 0.0696457 0.798902
2 0.306333 0.480466 0.037486 0.066485 0.746202
2 0.788623 0.308399 0.0671282 0.0594792 0.726915
2 0.279319 0.369096 0.0350625 0.0655696 0.721083
2 0.182898 0.0872981 0.0388915 0.0563413 0.619263
5 0.225705 0.335392 0.0495591 0.123507 0.564605
2 0.220955 0.952805 0.0749105 0.0934238 0.562945
2 0.242394 0.281648 0.0423896 0.0626414 0.542565
2 0.296045 0.755125 0.0470684 0.12588 0.496652
2 0.806702 0.375827 0.0477781 0.0560867 0.472573
2 0.837749 0.420706 0.0334536 0.0486321 0.454537
5 0.537574 0.289765 0.129367 0.085214 0.378585
2 0.225778 0.334999 0.0496066 0.122278 0.356589
2 0.167636 0.310848 0.039 0.0567833 0.35449
0 0.767995 0.73458 0.01447 0.0655246 0.254276
