2 0.223911 0.217853 0.0401169 0.0547136 0.768172
2 0.123214 0.13943 0.0354259 0.052258 0.748542
2 0.311999 0.257485 0.0473428 0.0695299 0.743606
2 0.177679 0.152253 0.0381438 0.0579459 0.695111
7 0.769434 0.783466 0.0957216 0.165184 0.640006
7 0.267559 0.190978 0.0531136 0.0778307 0.625655
2 0.141176 0.0979755 0.0342572 0.0551871 0.523812
0 0.820513 0.734335 0.0135544 0.0605459 0.459674
0 0.0933309 0.494912 0.011819 0.0521745 0.447803
2 0.260999 0.266962 0.0380081 0.0589734 0.443493
2 0.884719 0.963164 0.0977993 0.07151 0.433957
0 0.848275 0.651547 0.0129658 0.056255 0.396952
0 0.833318 0.633135 0.0122791 0.0562453 0.340415
0 0.103046 0.492059 0.0123547 0.0508718 0.325477
0 0.757828 0.668617 0.0137854 0.0646091 0.313649
0 0.0734319 0.469865 0.0149032 0.0507866 0.292195
0 0.364551 0.943062 0.0329111 0.0961165 0.25787
0 0.809455 0.529982 0.0123894 0.0590266 0.254479
