2 0.640154 0.398954 0.075489 0.0530963 0.796322
2 0.0948566 0.854846 0.0623767 0.0924218 0.676784
9 0.119122 0.129953 0.0371108 0.0480637 0.627761
62 0.492235 0.135325 0.116212 0.121133 0.618615
0 0.704137 0.888585 0.0138877 0.0634844 0.569041
9 0.287597 0.799003 0.032679 0.0545047 0.498996
0 0.669747 0.566116 0.0127589 0.0610419 0.379154
0 0.75835 0.624523 0.0124397 0.0637569 0.37572
0 0.109005 0.979195 0.0143704 0.0416099 0.308506
0 0.546523 0.352982 0.0130656 0.0567799 0.298862
0 0.36534 0.945993 0.0344382 0.095459 0.296639
0 0.907518 0.64233 0.0145014 0.0647268 0.250822
