2 0.460524 0.379308 0.068677 0.0720785 0.811852
2 0.184552 0.233368 0.0381677 0.0603346 0.734082
2 0.166562 0.0557122 0.0356331 0.0533031 0.65095
62 0.492337 0.130799 0.118045 0.138041 0.602204
2 0.626788 0.388166 0.0734505 0.0631048 0.567625
2 0.699796 0.34148 0.0579679 0.0580933 0.542601
9 0.734918 0.611022 0.0120861 0.0393951 0.429894
0 0.698057 0.876861 0.0158291 0.0614872 0.370051
9 0.145424 0.255608 0.0179397 0.0534409 0.353178
3 0.804918 0.944242 0.0353537 0.0738763 0.311185
9 0.121778 0.374084 0.0114602 0.0344208 0.300572
9 0.583606 0.284794 0.0106939 0.0272379 0.298965
2 0.27075 0.825485 0.0681797 0.113865 0.29391
9 0.287479 0.463807 0.0130002 0.0500518 0.287397
9 0.298254 0.453405 0.0349617 0.0705536 0.269274
2 0.29833 0.452737 0.0350726 0.0706255 0.256296
