2 0.124577 0.890637 0.0892904 0.102808 0.74816
2 0.188769 0.0893588 0.0381897 0.046696 0.648895
2 0.263631 0.433983 0.0421797 0.0826977 0.602285
0 0.942295 0.894468 0.0146936 0.0617476 0.541177
0 0.760109 0.647744 0.014533 0.0590224 0.487564
0 0.919501 0.899407 0.0144836 0.0564789 0.486649
2 0.399589 0.409548 0.0538578 0.0816632 0.486415
9 0.737901 0.609475 0.013695 0.0518261 0.480929
0 0.567892 0.357059 0.00984402 0.0490572 0.368246
9 0.0684015 0.779514 0.0248892 0.0442556 0.36293
9 0.624089 0.251719 0.0192106 0.0780822 0.36112
2 0.410684 0.417007 0.0324416 0.0680504 0.338904
2 0.134256 0.245342 0.0435677 0.0575315 0.322096
9 0.583392 0.287921 0.0157927 0.0376957 0.278434
2 0.266175 0.74343 0.0426519 0.106629 0.273715
2 0.272799 0.75269 0.0574783 0.123842 0.269696
