2 0.297144 0.232227 0.0428189 0.065396 0.800462
0 0.859335 0.67055 0.0198914 0.0610148 0.693442
0 0.161061 0.431209 0.0162995 0.0577 0.563956
0 0.769835 0.507897 0.0134565 0.0532732 0.551748
0 0.0827318 0.500966 0.0113 0.0524962 0.546868
2 0.818565 0.282788 0.0369442 0.0523438 0.520872
0 0.365162 0.945116 0.0348843 0.0993902 0.482319
0 0.928657 0.649827 0.0143105 0.0562459 0.467809
0 0.964742 0.713259 0.0164673 0.0575495 0.438545
9 0.0412855 0.022028 0.0208301 0.042138 0.426328
0 0.746182 0.634822 0.0139911 0.0563422 0.42099
5 0.764396 0.261723 0.11692 0.136259 0.410319
0 0.758086 0.608372 0.0134964 0.060675 0.401811
0 0.694858 0.799861 0.0134447 0.0531175 0.328024
0 0.833246 0.546305 0.0127449 0.0469969 0.30019
0 0.927319 0.578429 0.0169247 0.0507131 0.287402
0 0.0307971 0.545293 0.0214868 0.0739788 0.286482
9 0.0345483 0.202219 0.0138965 0.0334746 0.274259
62 0.492221 0.126435 0.117012 0.138242 0.250683
