2 0.117067 0.867758 0.0889572 0.0996772 0.832832
0 0.954993 0.700222 0.0129244 0.0599543 0.540616
0 0.0301977 0.551582 0.0136154 0.0823892 0.488752
0 0.748334 0.680921 0.0202152 0.0594576 0.445074
0 0.728343 0.680752 0.0127458 0.0528515 0.433435
9 0.0351058 0.200423 0.0160307 0.0363584 0.417912
0 0.17066 0.446455 0.0118049 0.0520692 0.41448
0 0.364872 0.945033 0.0328929 0.0991813 0.357556
0 0.755926 0.737584 0.0136114 0.065842 0.268715
0 0.0563776 0.551279 0.0164972 0.0843007 0.262247
0 0.719089 0.621869 0.0123507 0.0598092 0.253259
