2 0.266338 0.207121 0.0436101 0.054285 0.781372
2 0.0372482 0.596849 0.0741493 0.0796629 0.706842
2 0.313355 0.246924 0.0422761 0.0685892 0.686229
2 0.804096 0.441381 0.06926 0.0871845 0.623837
9 0.155773 0.910965 0.0104497 0.0454824 0.548409
9 0.288948 0.797987 0.036439 0.0432471 0.542432
9 0.117291 0.267069 0.0147902 0.0344557 0.458091
3 0.0308993 0.51935 0.0273116 0.0503981 0.401734
62 0.492181 0.126169 0.117588 0.139963 0.390366
9 0.623506 0.24791 0.0185747 0.0757253 0.342332
9 0.735905 0.611108 0.0129941 0.0441106 0.317434
