2 0.118052 0.0668051 0.0354202 0.0516173 0.818077
2 0.168967 0.89202 0.0950768 0.103246 0.626079
0 0.365052 0.942788 0.0318498 0.0917713 0.560379
9 0.287311 0.797314 0.0332756 0.0547173 0.500493
0 0.0933941 0.520762 0.0118782 0.0557477 0.490931
9 0.142517 0.250492 0.0122317 0.0515202 0.433638
9 0.117512 0.267434 0.0137961 0.033563 0.417551
0 0.112242 0.513051 0.0140687 0.0693869 0.379585
9 0.386315 0.221693 0.015438 0.0445693 0.358957
9 0.737252 0.611772 0.0179501 0.047318 0.351577
0 0.133012 0.504987 0.0147529 0.0588726 0.294108
9 0.583722 0.285814 0.0142387 0.0340055 0.292868
9 0.571984 0.225935 0.0161691 0.0467909 0.255031
