2 0.572634 0.388641 0.0826132 0.0627677 0.789404
2 0.766799 0.33237 0.0628651 0.0512574 0.745248
2 0.300921 0.241499 0.0519454 0.0784389 0.696279
2 0.388644 0.342704 0.0521875 0.0657487 0.668433
7 0.104669 0.0901274 0.0350768 0.0711723 0.658122
2 0.113422 0.230382 0.0370254 0.0563538 0.640048
2 0.202665 0.888336 0.0848411 0.103447 0.609181
62 0.492262 0.132723 0.11821 0.149221 0.566471
2 0.869341 0.431824 0.0245857 0.033815 0.526325
9 0.288176 0.800756 0.0312755 0.0464206 0.524597
5 0.767628 0.263216 0.112843 0.125956 0.489097
0 0.596713 0.588075 0.0161758 0.0535348 0.468194
0 0.12105 0.95018 0.0168455 0.0784149 0.460784
0 0.0899371 0.526549 0.0118456 0.0547192 0.443915
9 0.73589 0.610271 0.01411 0.0466042 0.410257
0 0.98072 0.485837 0.0130978 0.0582915 0.366692
0 0.142855 0.966585 0.0127977 0.064821 0.364734
0 0.103046 0.503316 0.0114781 0.0635883 0.346871
2 0.174769 0.11525 0.038797 0.0571712 0.345315
0 0.842856 0.526987 0.0121981 0.0552161 0.332813
0 0.767833 0.51702 0.0114029 0.0537745 0.324087
5 0.022242 0.122219 0.0441988 0.23828 0.295998
0 0.364592 0.941418 0.0317365 0.0926008 0.290346
0 0.0674921 0.526737 0.0133858 0.0562212 0.265553
9 0.387198 0.222663 0.0124903 0.0365421 0.259579
2 0.572634 0.388641 0.0826132 0.0627677 0.789404
2 0.766799 0.33237 0.0628651 0.0512574 0.745248
2 0.300921 0.241499 0.0519454 0.0784389 0.696279
2 0.388644 0.342704 0.0521875 0.0657487 0.668433
7 0.104669 0.0901274 0.0350768 0.0711723 0.658122
2 0.113422 0.230382 0.0370254 0.0563538 0.640048
2 0.202665 0.888336 0.0848411 0.103447 0.609181
62 0.492262 0.132723 0.11821 0.149221 0.566471
2 0.869341 0.431824 0.0245857 0.033815 0.526325
9 0.288176 0.800756 0.0312755 0.0464206 0.524597
5 0.767628 0.263216 0.112843 0.125956 0.489097
0 0.596713 0.588075 0.0161758 0.0535348 0.468194
0 0.12105 0.95018 0.0168455 0.0784149 0.460784
0 0.0899371 0.526549 0.0118456 0.0547192 0.443915
9 0.73589 0.610271 0.01411 0.0466042 0.410257
0 0.98072 0.485837 0.0130978 0.0582915 0.366692
0 0.142855 0.966585 0.0127977 0.064821 0.364734
0 0.103046 0.503316 0.0114781 0.0635883 0.346871
2 0.174769 0.11525 0.038797 0.0571712 0.345315
0 0.842856 0.526987 0.0121981 0.0552161 0.332813
0 0.767833 0.51702 0.0114029 0.0537745 0.324087
5 0.022242 0.122219 0.0441988 0.23828 0.295998
0 0.364592 0.941418 0.0317365 0.0926008 0.290346
0 0.0674921 0.526737 0.0133858 0.0562212 0.265553
9 0.387198 0.222663 0.0124903 0.0365421 0.259579
