2 0.178861 0.746537 0.0974881 0.103813 0.838666
2 0.100815 0.62098 0.0794227 0.0771143 0.83394
2 0.354792 0.652417 0.0898694 0.0996345 0.827239
2 0.176005 0.648255 0.0914773 0.0860449 0.784101
2 0.234015 0.312487 0.043789 0.0603021 0.689548
2 0.542589 0.56319 0.0775829 0.08539 0.684792
2 0.272448 0.265147 0.0441811 0.0699054 0.680698
5 0.766091 0.261404 0.11549 0.125873 0.637982
2 0.781006 0.440369 0.0331047 0.0416041 0.537261
62 0.492452 0.129086 0.117567 0.13686 0.49984
2 0.146108 0.184792 0.038874 0.0568473 0.495365
9 0.288387 0.795071 0.0359995 0.0510512 0.487523
2 0.112748 0.13233 0.0346605 0.0478423 0.459617
2 0.105438 0.213131 0.0324183 0.0516596 0.411083
2 0.806129 0.421425 0.0407544 0.0443103 0.370127
0 0.801727 0.505827 0.0133335 0.0580043 0.361382
0 0.1788 0.494015 0.0151449 0.0565131 0.359776
9 0.15557 0.916531 0.00937147 0.0391793 0.358334
0 0.864264 0.569509 0.0110107 0.0522944 0.355521
0 0.781023 0.750369 0.01839 0.0946942 0.339293
0 0.10774 0.50085 0.0134888 0.0545163 0.302052
5 0.889291 0.459503 0.0798687 0.107069 0.29453
0 0.772948 0.52206 0.0168705 0.0525796 0.292521
0 0.363817 0.946631 0.0318799 0.095639 0.287591
9 0.121242 0.374844 0.00966728 0.0331323 0.255406
