2 0.194914 0.114492 0.0391495 0.0563689 0.72792
2 0.0664117 0.63752 0.0833725 0.0746142 0.681045
2 0.800557 0.377932 0.0612274 0.0773977 0.624954
0 0.140084 0.52237 0.019302 0.0670674 0.605708
9 0.156115 0.912403 0.00977216 0.0408869 0.557363
2 0.021268 0.604793 0.0424089 0.0700246 0.552419
9 0.28941 0.795501 0.0365642 0.0471988 0.527413
2 0.260339 0.259603 0.0453676 0.0667842 0.525164
2 0.181278 0.314863 0.0365656 0.0622069 0.515812
0 0.932101 0.923188 0.016758 0.0781311 0.505889
0 0.830441 0.6573 0.0146927 0.0721369 0.459402
0 0.36522 0.944331 0.0321961 0.0957608 0.377368
2 0.162312 0.132367 0.0353944 0.0531479 0.348246
9 0.735637 0.610186 0.0137464 0.0407417 0.347699
0 0.211641 0.370101 0.0155026 0.0477105 0.277968
0 0.886998 0.571384 0.014838 0.0549271 0.262068
0 0.905296 0.879124 0.0151417 0.0628628 0.256872
62 0.491784 0.12396 0.118092 0.138194 0.256235
