7 0.626064 0.3714 0.109513 0.100275 0.892139
2 0.761019 0.795919 0.084599 0.119755 0.829776
9 0.156002 0.91247 0.00911679 0.0404049 0.630234
0 0.847114 0.660904 0.017347 0.0638373 0.615586
2 0.23841 0.438685 0.0374354 0.0724484 0.583274
0 0.78096 0.720843 0.0162498 0.0662526 0.527281
9 0.28799 0.798268 0.0328151 0.0536309 0.464271
0 0.804733 0.498651 0.0100926 0.0579983 0.450521
9 0.735467 0.615548 0.0138711 0.0521059 0.401919
0 0.79196 0.504534 0.0114055 0.0545419 0.387443
2 0.819763 0.412612 0.0457443 0.0670753 0.382194
9 0.148244 0.245851 0.0300989 0.0612379 0.347741
9 0.583128 0.284879 0.0137405 0.034785 0.34611
62 0.49227 0.12624 0.117992 0.140317 0.343801
9 0.38767 0.222256 0.0151403 0.0509003 0.327006
9 0.571977 0.226531 0.0150898 0.0449972 0.313123
0 0.415763 0.316482 0.0146131 0.0538074 0.277365
9 0.146748 0.246662 0.0194705 0.0570795 0.256244
