5 0.252671 0.572209 0.203331 0.180776 0.941549
5 0.297729 0.207855 0.0787597 0.148676 0.91209
2 0.21764 0.480004 0.0603034 0.0744822 0.868143
2 0.555727 0.555839 0.0760728 0.0869759 0.850486
2 0.724596 0.417081 0.0776978 0.0899727 0.795327
5 0.0506287 0.661422 0.0990613 0.12083 0.777075
5 0.138144 0.0845268 0.0750844 0.116141 0.723194
2 0.245217 0.19186 0.0321844 0.0513977 0.71772
2 0.209566 0.133155 0.0376389 0.0596567 0.646196
2 0.188567 0.172073 0.0354648 0.0519695 0.5884
2 0.171564 0.282126 0.040416 0.0688587 0.548857
2 0.22403 0.204861 0.03953 0.0650441 0.516175
0 0.711452 0.891536 0.0163616 0.0648597 0.493495
5 0.159391 0.053078 0.0725018 0.106156 0.348175
2 0.0949778 0.618806 0.0805529 0.0713775 0.343307
