5 0.173485 0.132555 0.0758035 0.118646 0.855344
2 0.804293 0.932637 0.089776 0.13323 0.846953
5 0.576839 0.913326 0.231481 0.16809 0.840621
2 0.715167 0.8216 0.08413 0.129847 0.749872
2 0.231058 0.226781 0.0425806 0.0647301 0.734528
2 0.264273 0.26442 0.0358577 0.0658095 0.629973
5 0.533627 0.298314 0.134964 0.0997021 0.602342
2 0.293755 0.233992 0.0460216 0.0778359 0.546793
2 0.801409 0.339286 0.0518703 0.0610406 0.50412
2 0.118138 0.0690677 0.0396729 0.0607986 0.425419
5 0.0198516 0.127656 0.0393766 0.244015 0.420473
2 0.599118 0.679808 0.0655633 0.0943795 0.341595
2 0.0803057 0.0349291 0.035473 0.0429793 0.317766
2 0.597604 0.39517 0.0621129 0.0521812 0.273147
0 0.104294 0.79714 0.0150271 0.0677422 0.259346
