2 0.786921 0.387469 0.0557949 0.0713402 0.79413
0 0.373045 0.850639 0.0141008 0.0687639 0.686326
0 0.132947 0.658842 0.0135405 0.0545832 0.630795
0 0.629443 0.725899 0.0205805 0.0661055 0.563736
0 0.430267 0.849983 0.0247682 0.0794122 0.548976
0 0.690646 0.862692 0.0126196 0.0623486 0.548254
0 0.961104 0.660384 0.0152218 0.0586851 0.542659
0 0.462095 0.847032 0.0217221 0.0897719 0.52049
0 0.364922 0.9391 0.034622 0.0951209 0.505478
0 0.16603 0.360661 0.0127853 0.0418978 0.498246
0 0.904669 0.682741 0.0129353 0.0618773 0.456527
0 0.622076 0.340563 0.0112551 0.0517264 0.444591
0 0.611616 0.697342 0.0144499 0.0629488 0.437064
0 0.792792 0.546811 0.0107407 0.0499085 0.396111
0 0.817943 0.652791 0.0140644 0.0576201 0.387276
0 0.806575 0.648738 0.0152222 0.0617749 0.367377
0 0.946632 0.566245 0.014856 0.0592883 0.360396
2 0.816183 0.283004 0.0394165 0.0543222 0.356658
0 0.68965 0.703801 0.0156925 0.0691434 0.348392
0 0.973885 0.571729 0.014954 0.0585793 0.326102
0 0.433771 0.499147 0.0141324 0.0482503 0.312847
0 0.596077 0.68939 0.0112875 0.0554688 0.290793
62 0.491836 0.127378 0.118138 0.141176 0.276192
