5 0.828383 0.933168 0.274766 0.130265 0.849759
2 0.190497 0.257739 0.0452395 0.0675804 0.77636
2 0.288704 0.670864 0.0448166 0.0815499 0.72085
2 0.283023 0.195091 0.0385184 0.0549073 0.604107
62 0.491662 0.137385 0.119747 0.144223 0.564063
2 0.136342 0.162723 0.0343719 0.0467495 0.458999
2 0.136007 0.095776 0.0234456 0.0317134 0.43692
2 0.698056 0.352725 0.0575186 0.0586784 0.351763
2 0.11488 0.228918 0.0397327 0.0478837 0.345968
9 0.287622 0.795413 0.0342016 0.0555556 0.312652
5 0.760422 0.260623 0.0950904 0.125665 0.310363
9 0.155464 0.915892 0.00953908 0.0426202 0.273109
