2 0.524038 0.44884 0.0712559 0.0681113 0.792971
2 0.365105 0.52369 0.0742302 0.0681924 0.781031
2 0.298843 0.246605 0.0397797 0.0592643 0.625345
2 0.264105 0.265677 0.0462439 0.0654377 0.589512
9 0.15551 0.913029 0.00966067 0.0398778 0.456689
62 0.492551 0.134968 0.11513 0.115513 0.448225
5 0.0228293 0.120424 0.0448313 0.236329 0.432358
0 0.364861 0.948075 0.0368002 0.0994191 0.364376
0 0.752352 0.53736 0.0134838 0.0697666 0.3572
9 0.289919 0.794338 0.0405142 0.0564796 0.351962
0 0.968246 0.634474 0.0158073 0.0598925 0.342222
0 0.763104 0.604935 0.0102385 0.0543256 0.318808
0 0.0674857 0.550711 0.014523 0.0588345 0.269184
9 0.941838 0.388286 0.0228409 0.05783 0.266724
