2 0.249969 0.245987 0.0409877 0.0659164 0.733154
2 0.749204 0.340063 0.0631243 0.0557341 0.730415
2 0.286019 0.222415 0.0419163 0.0665368 0.723537
2 0.121942 0.143984 0.0372913 0.0504369 0.689475
62 0.492026 0.130358 0.118268 0.133235 0.611423
0 0.915659 0.877519 0.0208595 0.0669747 0.528557
7 0.216985 0.186758 0.0505608 0.0874494 0.506645
9 0.289777 0.797119 0.036182 0.0519416 0.41138
2 0.194633 0.135744 0.0358571 0.0466806 0.349174
0 0.768956 0.510071 0.0135262 0.055595 0.341125
9 0.15558 0.914902 0.00850546 0.0390255 0.319349
0 0.758678 0.57216 0.0136146 0.0549176 0.307368
9 0.842826 0.218882 0.0148426 0.0381215 0.299649
