2 0.401622 0.430273 0.056576 0.0722829 0.854183
2 0.352069 0.304643 0.0503102 0.0742522 0.839842
2 0.223287 0.210231 0.0382532 0.0531952 0.80478
2 0.279728 0.578644 0.0382632 0.07687 0.794311
2 0.713056 0.335051 0.0766024 0.0558702 0.734334
2 0.82926 0.436354 0.0645279 0.0728212 0.64501
2 0.805356 0.406558 0.0646339 0.0744453 0.625411
3 0.765446 0.87589 0.044268 0.073426 0.619221
5 0.0564666 0.0487969 0.0579645 0.0975938 0.577742
62 0.492012 0.129993 0.117576 0.129213 0.497128
2 0.673403 0.780477 0.0379871 0.0618171 0.412755
0 0.556492 0.357883 0.00944443 0.0410031 0.349723
9 0.155945 0.916074 0.00872736 0.0391585 0.315601
3 0.54332 0.598142 0.0338511 0.0546029 0.254872
