5 0.238671 0.451601 0.126651 0.187114 0.919291
2 0.107042 0.592658 0.0990569 0.0959952 0.859788
2 0.438481 0.475529 0.0588377 0.0750326 0.855139
5 0.302664 0.579244 0.0666834 0.217881 0.850561
2 0.324196 0.332868 0.0428658 0.0657047 0.821361
2 0.802248 0.384652 0.0589663 0.0584435 0.786219
2 0.120272 0.0722705 0.0381068 0.0578883 0.680269
5 0.243363 0.283631 0.071954 0.131912 0.674158
7 0.243393 0.283413 0.0722034 0.131101 0.571599
2 0.161997 0.191757 0.0450149 0.0577642 0.564708
2 0.288221 0.764677 0.0446833 0.106296 0.561754
5 0.7689 0.262279 0.102832 0.125369 0.555167
2 0.159917 0.259681 0.0434257 0.0558378 0.460239
3 0.537579 0.61914 0.0333548 0.0655187 0.330718
9 0.584086 0.285983 0.00881891 0.0286368 0.320897
0 0.158142 0.463913 0.0140038 0.0574671 0.271599
