5 0.287841 0.208874 0.0878967 0.135917 0.828925
2 0.222803 0.468677 0.0520957 0.0722343 0.826754
2 0.408147 0.475587 0.0704709 0.0702548 0.777651
2 0.160926 0.0756407 0.0338428 0.0577139 0.717035
2 0.784955 0.342644 0.0593443 0.0623647 0.686503
0 0.36559 0.942614 0.0334883 0.0949719 0.533185
5 0.53096 0.286316 0.121703 0.0814502 0.482501
2 0.838042 0.416306 0.0330912 0.0478579 0.369689
0 0.14303 0.367798 0.0118131 0.0423644 0.362656
2 0.668129 0.485805 0.0875763 0.0737096 0.352856
7 0.20596 0.125099 0.0498547 0.0821819 0.34542
0 0.178277 0.702241 0.0181672 0.0587324 0.336006
0 0.857291 0.738708 0.0160789 0.0664842 0.327393
0 0.173374 0.418892 0.012251 0.0533388 0.310969
2 0.656825 0.4898 0.0645285 0.0657772 0.305838
3 0.17685 0.717736 0.0344308 0.0407199 0.289418
0 0.518798 0.333482 0.00869656 0.0407428 0.284545
0 0.992818 0.551072 0.0133705 0.0547058 0.267001
0 0.815521 0.726265 0.0124958 0.0606425 0.261249
0 0.803918 0.726247 0.00943069 0.0545644 0.250544
