2 0.30203 0.238244 0.0454208 0.070649 0.77026
2 0.158084 0.0755552 0.0363152 0.0556161 0.579013
2 0.182067 0.325365 0.0314075 0.0636648 0.556851
0 0.81346 0.59214 0.0151785 0.0670854 0.55034
9 0.289085 0.795479 0.0369076 0.0490682 0.542429
0 0.794719 0.592128 0.014344 0.0636176 0.537027
9 0.734842 0.610829 0.0147031 0.0403898 0.492182
0 0.130339 0.941254 0.0145429 0.0760769 0.472406
62 0.491782 0.125963 0.117145 0.138475 0.449124
0 0.0721146 0.538137 0.0165229 0.0533176 0.424069
9 0.142834 0.250446 0.0159052 0.0519416 0.398966
0 0.15331 0.928036 0.0172114 0.0672207 0.378315
9 0.116979 0.268586 0.0148809 0.034449 0.373664
0 0.364385 0.947386 0.0343802 0.0998771 0.344346
9 0.583365 0.287438 0.0149803 0.0338667 0.251145
