2 0.260412 0.255619 0.0462591 0.0685443 0.840299
2 0.443695 0.475536 0.0731869 0.0721314 0.781876
2 0.376177 0.609928 0.0721437 0.0950468 0.750957
2 0.221488 0.19274 0.043752 0.0710365 0.728339
2 0.705763 0.834057 0.0830233 0.119615 0.718164
2 0.302801 0.244775 0.0432797 0.0641396 0.69512
2 0.113852 0.697985 0.0929749 0.119896 0.655793
7 0.769456 0.782867 0.0970052 0.163949 0.617781
1 0.304151 0.727419 0.0325059 0.0435832 0.536035
0 0.881416 0.636339 0.0133879 0.0490718 0.475708
0 0.782604 0.567185 0.0139402 0.0668123 0.442484
0 0.891436 0.590735 0.0138996 0.0520777 0.437485
0 0.771197 0.643043 0.0147195 0.0572812 0.367606
0 0.970489 0.507048 0.0137234 0.0468291 0.359407
0 0.919421 0.580523 0.0170784 0.0561464 0.356975
0 0.790597 0.696172 0.0132244 0.0680434 0.351304
0 0.85666 0.675559 0.0120371 0.0465322 0.341697
0 0.808852 0.560041 0.0123669 0.0521523 0.32181
0 0.365487 0.943173 0.0338633 0.0964261 0.313055
0 0.683457 0.863344 0.0182594 0.0595578 0.310882
0 0.764354 0.558599 0.0144951 0.052727 0.267921
