62 0.492125 0.136379 0.118695 0.145395 0.699401
9 0.288331 0.796325 0.0358829 0.0508609 0.626508
2 0.308453 0.251871 0.0481926 0.0613152 0.544123
2 0.813562 0.297322 0.0510178 0.0522779 0.522128
0 0.169572 0.574924 0.0177541 0.0666793 0.449675
7 0.237575 0.206422 0.0945431 0.161222 0.425638
2 0.796821 0.372107 0.0691725 0.0804357 0.395877
0 0.351754 0.666617 0.0151163 0.0531264 0.347852
0 0.746198 0.766808 0.0131126 0.0568554 0.337719
5 0.236298 0.206598 0.0948119 0.161247 0.301359
0 0.359045 0.717916 0.0168497 0.0580058 0.282103
