2 0.128063 0.873049 0.0981271 0.106977 0.821955
2 0.529679 0.391398 0.0723656 0.0666767 0.819044
2 0.187429 0.148184 0.0383265 0.0597882 0.806623
2 0.263046 0.850172 0.0538265 0.0911051 0.676199
9 0.142553 0.249831 0.0126122 0.0519465 0.534545
7 0.212853 0.347099 0.0337913 0.0705399 0.474622
9 0.117521 0.267255 0.0139543 0.0339907 0.456138
9 0.735105 0.617797 0.0166464 0.0660833 0.436601
0 0.0780748 0.520186 0.0147551 0.0572113 0.423345
0 0.00614814 0.545721 0.0122939 0.0572745 0.415257
0 0.904902 0.592116 0.0172655 0.067561 0.405387
0 0.753879 0.6822 0.0196996 0.124246 0.39555
2 0.756444 0.394334 0.0653567 0.0699578 0.379672
2 0.285158 0.794242 0.039258 0.0581246 0.345132
0 0.176943 0.417055 0.0130648 0.0564768 0.276954
9 0.58378 0.287336 0.0141289 0.0382766 0.271935
2 0.972036 0.442652 0.0321077 0.0343148 0.271566
2 0.128063 0.873049 0.0981271 0.106977 0.821955
2 0.529679 0.391398 0.0723656 0.0666767 0.819044
2 0.187429 0.148184 0.0383265 0.0597882 0.806623
2 0.263046 0.850172 0.0538265 0.0911051 0.676199
9 0.142553 0.249831 0.0126122 0.0519465 0.534545
7 0.212853 0.347099 0.0337913 0.0705399 0.474622
9 0.117521 0.267255 0.0139543 0.0339907 0.456138
9 0.735105 0.617797 0.0166464 0.0660833 0.436601
0 0.0780748 0.520186 0.0147551 0.0572113 0.423345
0 0.00614814 0.545721 0.0122939 0.0572745 0.415257
0 0.904902 0.592116 0.0172655 0.067561 0.405387
0 0.753879 0.6822 0.0196996 0.124246 0.39555
2 0.756444 0.394334 0.0653567 0.0699578 0.379672
2 0.285158 0.794242 0.039258 0.0581246 0.345132
0 0.176943 0.417055 0.0130648 0.0564768 0.276954
9 0.58378 0.287336 0.0141289 0.0382766 0.271935
2 0.972036 0.442652 0.0321077 0.0343148 0.271566
