2 0.189147 0.0887587 0.0378608 0.0455736 0.780158
2 0.254215 0.249038 0.041289 0.0666893 0.754402
2 0.763584 0.434841 0.0641046 0.0733597 0.717503
2 0.309189 0.244305 0.0440588 0.0653931 0.708647
2 0.223758 0.159187 0.0406242 0.0564517 0.615389
0 0.328865 0.40033 0.0125248 0.0467307 0.56759
2 0.211572 0.201578 0.0393203 0.0627062 0.549466
9 0.156478 0.912695 0.00849669 0.0399121 0.542643
9 0.289456 0.795103 0.0376446 0.0508431 0.505297
0 0.770877 0.618224 0.014311 0.0580485 0.497656
62 0.49225 0.125777 0.117554 0.138443 0.453294
9 0.736506 0.610336 0.0127701 0.0414103 0.423419
2 0.820412 0.401053 0.0351654 0.0536372 0.422597
0 0.359133 0.546283 0.0144266 0.0522354 0.379309
2 0.677175 0.345943 0.0598494 0.0646595 0.373893
0 0.0725695 0.514012 0.012382 0.0611515 0.351106
9 0.117355 0.26666 0.0141857 0.0345042 0.317746
0 0.307843 0.330967 0.0137777 0.0555654 0.317665
9 0.385335 0.221717 0.0131026 0.0382372 0.286469
0 0.364638 0.941414 0.0318231 0.0894684 0.267353
