5 0.294017 0.20872 0.0888645 0.1357 0.852715
5 0.819701 0.932422 0.215236 0.130893 0.836117
5 0.155706 0.0480859 0.0747804 0.0956703 0.787388
2 0.220019 0.141352 0.0555305 0.0599369 0.746191
2 0.249286 0.236497 0.0478849 0.0725051 0.697848
5 0.0650993 0.407195 0.129979 0.177712 0.629697
0 0.15735 0.426535 0.0105607 0.0474247 0.460222
0 0.11004 0.621944 0.0212377 0.0560632 0.436092
2 0.819199 0.397397 0.0429108 0.0641243 0.410526
9 0.0350118 0.201718 0.0155328 0.0347604 0.403528
0 0.264139 0.724864 0.0124733 0.0647263 0.362782
0 0.977354 0.677056 0.0162918 0.0659661 0.308206
0 0.706776 0.844539 0.0264631 0.0682465 0.296701
0 0.838594 0.637755 0.0150379 0.054334 0.284797
