5 0.225911 0.193771 0.0566942 0.109517 0.781371
5 0.162195 0.10813 0.0761643 0.133248 0.726854
2 0.272622 0.271948 0.045114 0.0664924 0.720972
7 0.30307 0.224101 0.094893 0.155063 0.595206
5 0.0213809 0.154024 0.0425839 0.17017 0.480457
62 0.492241 0.136621 0.117548 0.12703 0.394686
2 0.686759 0.401591 0.0629153 0.0475088 0.33472
5 0.303248 0.224551 0.0950181 0.156195 0.323821
0 0.193903 0.736248 0.0132911 0.0579498 0.313206
0 0.21603 0.73145 0.0185161 0.061123 0.271761
9 0.120565 0.378858 0.0132855 0.0381568 0.26589
