5 0.195735 0.601851 0.178388 0.167749 0.94323
5 0.26746 0.180392 0.0847528 0.1291 0.895612
2 0.092171 0.753699 0.0733613 0.0847877 0.866696
2 0.501127 0.536522 0.0816387 0.0725874 0.848113
2 0.2848 0.639631 0.070837 0.0822273 0.844029
2 0.186711 0.512426 0.0793098 0.0834474 0.804952
2 0.235681 0.237577 0.0367579 0.0559018 0.783643
2 0.201883 0.182069 0.0405368 0.0555081 0.774546
2 0.168445 0.138271 0.0376583 0.0568472 0.734946
2 0.69149 0.43584 0.0555458 0.0701516 0.693693
62 0.491755 0.128708 0.117784 0.134609 0.692113
5 0.0893939 0.0365327 0.0638355 0.0730655 0.633268
2 0.127508 0.0829895 0.0389159 0.0624709 0.60701
2 0.199895 0.119518 0.0375237 0.0548868 0.508176
0 0.147344 0.971139 0.0191426 0.0558462 0.346369
0 0.159475 0.483091 0.015539 0.0383444 0.308214
0 0.113576 0.963077 0.0178462 0.0724352 0.295416
0 0.315885 0.427661 0.0159238 0.0503698 0.280402
