5 0.153405 0.603683 0.237905 0.197464 0.917581
5 0.661451 0.902425 0.280881 0.189105 0.869826
2 0.100229 0.73335 0.0833478 0.0947323 0.829501
2 0.364537 0.638177 0.0845253 0.0953388 0.798151
2 0.407274 0.55926 0.0866588 0.0905884 0.78584
2 0.121754 0.0754266 0.0311486 0.0537346 0.699414
2 0.734412 0.404463 0.0615878 0.0661775 0.668069
5 0.530891 0.292962 0.114082 0.0906009 0.630614
2 0.150565 0.111541 0.0340104 0.056796 0.623247
2 0.187724 0.165823 0.0306811 0.0604067 0.61628
2 0.791969 0.410531 0.0739454 0.0881585 0.608945
2 0.299905 0.235775 0.0303709 0.056592 0.591955
62 0.492454 0.128475 0.11753 0.135247 0.568944
5 0.253508 0.234334 0.0796138 0.119101 0.566373
2 0.0907784 0.0473245 0.0324202 0.0422278 0.514928
5 0.246581 0.214811 0.0929814 0.159671 0.433769
2 0.189435 0.518107 0.0728159 0.0482949 0.381562
5 0.594059 0.900061 0.41357 0.187322 0.338102
2 0.0640218 0.0142565 0.0333357 0.028513 0.326057
5 0.457094 0.941613 0.143713 0.11411 0.310387
