2 0.180325 0.63218 0.0872491 0.0816964 0.83244
5 0.194326 0.0961566 0.0687485 0.115877 0.828632
5 0.293776 0.208684 0.0885281 0.136744 0.754858
2 0.67505 0.348098 0.060821 0.0631216 0.745413
2 0.249368 0.236372 0.046813 0.0731461 0.637207
7 0.236169 0.411748 0.0607443 0.123658 0.546881
0 0.0823178 0.536673 0.0147675 0.0568285 0.494644
0 0.607161 0.348817 0.0096611 0.0472529 0.474436
0 0.791018 0.663907 0.0173897 0.0599889 0.41317
0 0.74393 0.669316 0.0130036 0.0513325 0.405384
0 0.695178 0.860329 0.0123005 0.0665724 0.402708
0 0.934576 0.495244 0.0124836 0.050551 0.398352
9 0.155583 0.912686 0.00863216 0.0411414 0.367922
0 0.364909 0.943246 0.0325554 0.0985762 0.356937
9 0.0343656 0.201629 0.013891 0.034992 0.351018
0 0.978401 0.655706 0.0155483 0.0623563 0.349456
0 0.0828635 0.296085 0.0124158 0.0434676 0.31637
0 0.762002 0.707136 0.0146607 0.0657475 0.258936
