5 0.183033 0.608668 0.211793 0.184725 0.951144
2 0.544264 0.525495 0.0783245 0.0758402 0.881406
2 0.856861 0.929844 0.107905 0.124285 0.848771
2 0.215521 0.706976 0.0913558 0.0931922 0.834302
2 0.280591 0.279819 0.0438688 0.0582642 0.80607
2 0.266822 0.220363 0.0420885 0.0504626 0.668077
2 0.18402 0.170205 0.0420632 0.0522576 0.667152
5 0.526384 0.28645 0.107209 0.075008 0.629272
2 0.22329 0.204276 0.0405398 0.074828 0.620269
2 0.182475 0.331959 0.0342929 0.0519661 0.542013
2 0.0998448 0.049956 0.0352483 0.0566659 0.486319
2 0.138144 0.105727 0.0363856 0.0595678 0.423542
7 0.245004 0.143113 0.037951 0.0644343 0.383537
62 0.49049 0.133508 0.12036 0.136814 0.370939
2 0.0622747 0.141704 0.0305046 0.0524722 0.343259
5 0.0221237 0.122193 0.0434387 0.239783 0.329765
2 0.0615657 0.0162369 0.0292301 0.0312684 0.315616
2 0.540576 0.449986 0.0379695 0.0571342 0.300193
