2 0.261488 0.247565 0.0422493 0.0653603 0.774656
2 0.800348 0.374065 0.0591539 0.0729102 0.697551
0 0.804124 0.701871 0.012571 0.0655856 0.56498
2 0.835325 0.406639 0.0481812 0.0560996 0.551448
0 0.79177 0.692361 0.0117886 0.0720225 0.491918
0 0.362572 0.800197 0.0114835 0.0570943 0.420144
0 0.953639 0.662987 0.0139652 0.0494741 0.38091
0 0.948796 0.491502 0.0169601 0.054293 0.31481
0 0.759688 0.575561 0.0155317 0.0528086 0.292766
0 0.6066 0.592286 0.0138895 0.0669834 0.277045
0 0.713272 0.851522 0.0152386 0.0698446 0.269389
0 0.221799 0.916854 0.0171236 0.0709978 0.261045
5 0.766454 0.259489 0.111345 0.131505 0.255374
0 0.700824 0.652365 0.0155293 0.0691584 0.255222
