2 0.108002 0.578374 0.0896918 0.0861082 0.885909
5 0.222806 0.130833 0.0854995 0.145814 0.848155
2 0.230183 0.465493 0.0608519 0.0729719 0.821629
2 0.65229 0.48546 0.0696054 0.0815211 0.818364
2 0.803694 0.365464 0.0578331 0.0800242 0.805698
2 0.211471 0.275335 0.0381676 0.061353 0.786451
2 0.258304 0.25633 0.042963 0.0709621 0.77559
5 0.151126 0.10468 0.0729411 0.114653 0.723417
2 0.855925 0.969619 0.0851065 0.0577026 0.721279
2 0.293576 0.221156 0.0508488 0.0858625 0.708144
5 0.096867 0.0436592 0.067888 0.0873184 0.568193
2 0.223785 0.212113 0.0382215 0.0637327 0.501998
2 0.108167 0.20871 0.0368619 0.0753016 0.479956
2 0.116508 0.161122 0.0344338 0.0481171 0.461521
62 0.491664 0.129169 0.117972 0.139457 0.442342
0 0.00611183 0.481271 0.012164 0.0630263 0.319234
0 0.0956831 0.508956 0.0123025 0.046204 0.281538
9 0.155718 0.914292 0.00877919 0.0425323 0.263506
0 0.0322154 0.571578 0.0142792 0.0539478 0.2624
