2 0.131219 0.897761 0.0981303 0.108449 0.775941
2 0.215855 0.195536 0.0393917 0.0660832 0.635835
2 0.254949 0.18931 0.0394847 0.0628901 0.600447
2 0.295631 0.23381 0.0501474 0.0792117 0.522763
0 0.37753 0.626346 0.0140137 0.0526271 0.457878
62 0.492019 0.128706 0.117894 0.143349 0.457349
2 0.833954 0.430604 0.0742142 0.0570644 0.456134
9 0.289957 0.80276 0.0344327 0.0373949 0.422234
0 0.33389 0.61685 0.0122893 0.0535465 0.413922
0 0.234719 0.498073 0.0158057 0.0542263 0.363258
0 0.755416 0.70006 0.0163486 0.0591098 0.357166
0 0.144857 0.471072 0.0138121 0.0683658 0.334039
5 0.0631247 0.429451 0.125943 0.132879 0.333617
0 0.632515 0.595095 0.0137688 0.0542933 0.326072
0 0.63237 0.807981 0.0119781 0.0685625 0.305901
0 0.238633 0.347825 0.0126015 0.0547853 0.299737
2 0.209028 0.139941 0.0438524 0.0598749 0.299125
0 0.792633 0.704364 0.01481 0.0664842 0.297327
9 0.736242 0.609107 0.0138552 0.0435644 0.289565
0 0.162358 0.534641 0.0160692 0.075877 0.284547
2 0.169783 0.087323 0.0282661 0.0364116 0.274302
0 0.0864774 0.486023 0.0152232 0.0530743 0.259385
2 0.819366 0.373205 0.0339504 0.0441115 0.257105
2 0.131219 0.897761 0.0981303 0.108449 0.775941
2 0.215855 0.195536 0.0393917 0.0660832 0.635835
2 0.254949 0.18931 0.0394847 0.0628901 0.600447
2 0.295631 0.23381 0.0501474 0.0792117 0.522763
0 0.37753 0.626346 0.0140137 0.0526271 0.457878
62 0.492019 0.128706 0.117894 0.143349 0.457349
2 0.833954 0.430604 0.0742142 0.0570644 0.456134
9 0.289957 0.80276 0.0344327 0.0373949 0.422234
0 0.33389 0.61685 0.0122893 0.0535465 0.413922
0 0.234719 0.498073 0.0158057 0.0542263 0.363258
0 0.755416 0.70006 0.0163486 0.0591098 0.357166
0 0.144857 0.471072 0.0138121 0.0683658 0.334039
5 0.0631247 0.429451 0.125943 0.132879 0.333617
0 0.632515 0.595095 0.0137688 0.0542933 0.326072
0 0.63237 0.807981 0.0119781 0.0685625 0.305901
0 0.238633 0.347825 0.0126015 0.0547853 0.299737
2 0.209028 0.139941 0.0438524 0.0598749 0.299125
0 0.792633 0.704364 0.01481 0.0664842 0.297327
9 0.736242 0.609107 0.0138552 0.0435644 0.289565
0 0.162358 0.534641 0.0160692 0.075877 0.284547
2 0.169783 0.087323 0.0282661 0.0364116 0.274302
0 0.0864774 0.486023 0.0152232 0.0530743 0.259385
2 0.819366 0.373205 0.0339504 0.0441115 0.257105
