5 0.204087 0.223597 0.0741681 0.138861 0.788097
2 0.282696 0.197506 0.0378341 0.0487717 0.740756
5 0.0231513 0.123385 0.045746 0.241208 0.658087
0 0.365725 0.944492 0.0345852 0.0965078 0.555912
2 0.818136 0.405499 0.0374237 0.0702043 0.535313
62 0.491746 0.136413 0.113985 0.117015 0.474286
0 0.737933 0.8545 0.0183799 0.0659387 0.454674
9 0.287807 0.797025 0.0346519 0.0519389 0.426308
9 0.121165 0.375393 0.0111858 0.0340003 0.404336
2 0.117027 0.248674 0.0398255 0.0906645 0.290865
5 0.522944 0.290398 0.110843 0.0913819 0.276993
