2 0.267608 0.257598 0.0436598 0.0741825 0.688913
2 0.821035 0.405926 0.0454132 0.0670025 0.626649
0 0.221716 0.739123 0.0131758 0.0665166 0.531684
0 0.770136 0.679322 0.01606 0.0654775 0.497203
0 0.892157 0.665554 0.0174393 0.0704961 0.48466
0 0.370662 0.511566 0.0133358 0.0494398 0.40218
2 0.849186 0.427529 0.0246784 0.0598511 0.39228
2 0.804822 0.364927 0.0377384 0.0601625 0.378113
0 0.256792 0.772145 0.0135404 0.0586321 0.377265
0 0.513351 0.493332 0.0179728 0.0524324 0.366866
0 0.296928 0.337301 0.0139834 0.0463313 0.365404
0 0.667896 0.613095 0.0147491 0.0527701 0.355643
0 0.296231 0.823145 0.017893 0.0613707 0.342499
0 0.287323 0.47614 0.00925007 0.0411889 0.337608
9 0.0348186 0.201867 0.0147852 0.0348895 0.313898
0 0.597719 0.727867 0.0150423 0.062204 0.303958
0 0.165021 0.932318 0.0282935 0.0771859 0.298033
0 0.360667 0.944943 0.0434381 0.0992006 0.290537
0 0.320185 0.738272 0.0132474 0.0562488 0.271543
0 0.890217 0.506952 0.0102337 0.0473999 0.270454
0 0.208516 0.542615 0.0110164 0.0507139 0.252095
