7 0.26941 0.920593 0.0510688 0.118467 0.609518
0 0.806246 0.492498 0.0100025 0.0520634 0.532676
0 0.83221 0.709963 0.0164425 0.0598416 0.485704
0 0.902263 0.657925 0.0123863 0.0542801 0.424363
0 0.888631 0.665049 0.0142504 0.0592889 0.418154
0 0.734699 0.654115 0.0164127 0.0651833 0.417926
9 0.0352653 0.200145 0.0145846 0.0365936 0.416117
5 0.76716 0.259621 0.109517 0.131269 0.363531
0 0.881539 0.816047 0.0125523 0.0554986 0.350254
0 0.873613 0.649461 0.0139507 0.0526004 0.342899
0 0.00829093 0.539626 0.0154988 0.058351 0.303785
0 0.0357975 0.567193 0.0165332 0.0529549 0.286626
9 0.189328 0.90443 0.0179314 0.0588969 0.263069
0 0.783999 0.52941 0.0128332 0.0512417 0.259472
0 0.905211 0.746831 0.0174093 0.0693044 0.256113
