2 0.260987 0.255641 0.0454969 0.065498 0.820497
2 0.207888 0.185519 0.0397114 0.0630726 0.744789
0 0.361833 0.703734 0.0147014 0.0626507 0.57232
9 0.288099 0.793219 0.0332209 0.0493646 0.446822
0 0.795515 0.729879 0.0145114 0.0702986 0.412469
0 0.521187 0.562574 0.0166725 0.0499335 0.400127
0 0.442548 0.671797 0.017322 0.0692587 0.39917
0 0.0599788 0.245235 0.0103409 0.0460821 0.388736
0 0.394272 0.462855 0.00969496 0.0526544 0.384483
0 0.0768127 0.519749 0.0139936 0.0559834 0.339313
0 0.191483 0.327719 0.0109099 0.0463931 0.332813
0 0.471695 0.798961 0.0145428 0.059256 0.32378
0 0.422605 0.62378 0.0175446 0.0514299 0.323416
0 0.0807255 0.695659 0.0247035 0.0585456 0.316487
9 0.572 0.227986 0.0140923 0.0435545 0.309364
0 0.866481 0.651783 0.017915 0.0569214 0.308014
9 0.0350449 0.202065 0.0157183 0.0398187 0.301004
0 0.201677 0.888729 0.0149806 0.0579554 0.290915
0 0.199559 0.45966 0.015907 0.0618833 0.275692
0 0.753683 0.701649 0.0160744 0.0840188 0.26364
0 0.631917 0.443215 0.0111417 0.0459947 0.262973
0 0.460076 0.796318 0.0121483 0.0622108 0.261315
0 0.193974 0.574533 0.0161839 0.0630018 0.260244
0 0.736966 0.704256 0.0161277 0.0705274 0.260052
9 0.155711 0.913496 0.00860186 0.0414919 0.257345
