2 0.316513 0.261137 0.0417584 0.063822 0.611507
2 0.282473 0.20511 0.0456563 0.0553919 0.540929
2 0.228999 0.215538 0.0356959 0.0610485 0.526151
62 0.49221 0.132463 0.116287 0.134774 0.520533
2 0.297909 0.309366 0.0384877 0.0640609 0.507444
9 0.156095 0.91376 0.00903077 0.0429993 0.458163
0 0.129843 0.47538 0.012391 0.0595179 0.421174
0 0.775795 0.743185 0.0166059 0.0829759 0.382832
9 0.287861 0.798026 0.0316254 0.0531518 0.361181
0 0.75331 0.521109 0.00941238 0.0584025 0.352067
0 0.758076 0.601506 0.0128126 0.0612057 0.321213
2 0.217194 0.152166 0.0365419 0.0569638 0.289252
0 0.364764 0.946217 0.0319675 0.092953 0.285186
0 0.104151 0.506812 0.0157034 0.0668788 0.278216
9 0.121416 0.374795 0.00935826 0.0333856 0.269125
