2 0.243593 0.393835 0.0389014 0.0680506 0.784931
2 0.101634 0.724447 0.0833844 0.108619 0.784532
2 0.762088 0.435469 0.0640705 0.0767597 0.744593
2 0.89427 0.952459 0.0836552 0.0874147 0.708367
2 0.189521 0.089601 0.0370746 0.0467757 0.675322
5 0.065573 0.403804 0.131146 0.179982 0.496116
9 0.118506 0.12825 0.0146298 0.0339461 0.493668
9 0.287401 0.797341 0.0343382 0.0595908 0.493555
9 0.142582 0.250285 0.0126675 0.0513268 0.445253
0 0.442621 0.369471 0.013035 0.0459638 0.437402
5 0.0237578 0.122488 0.046952 0.241457 0.435726
0 0.709872 0.665287 0.0135384 0.0621267 0.432287
9 0.117463 0.266813 0.0143036 0.035753 0.420552
0 0.111097 0.506619 0.0105197 0.0541066 0.411518
0 0.0928605 0.501178 0.0106675 0.0549345 0.371889
0 0.0808616 0.511681 0.0116653 0.0688199 0.327556
0 0.173322 0.408778 0.0134332 0.0567769 0.321119
2 0.668525 0.346881 0.0416418 0.0594906 0.312035
9 0.583145 0.285567 0.0152729 0.0379743 0.301898
3 0.261734 0.617138 0.0389618 0.0779939 0.300065
2 0.679411 0.343965 0.0630747 0.0657779 0.295983
62 0.492401 0.125206 0.117999 0.141364 0.293488
2 0.817047 0.409165 0.0290936 0.0412163 0.270348
