0 0.948464 0.586913 0.0158516 0.0568576 0.56961
0 0.965204 0.504165 0.0149139 0.0584048 0.523863
0 0.810473 0.717065 0.014727 0.0699098 0.510943
0 0.795954 0.707653 0.0132141 0.0574965 0.492616
0 0.120717 0.957964 0.014126 0.0756395 0.458133
0 0.867297 0.553936 0.0118692 0.0486218 0.441215
0 0.743052 0.669285 0.0124193 0.0563122 0.426025
0 0.0681107 0.518648 0.0157935 0.0695001 0.414835
2 0.819885 0.282908 0.0374569 0.0503476 0.411096
0 0.183633 0.452797 0.0122802 0.0502684 0.401002
5 0.766158 0.260573 0.113563 0.13385 0.365001
0 0.756249 0.680215 0.0128671 0.067822 0.337197
9 0.0351217 0.201237 0.0137966 0.0353486 0.332067
0 0.68326 0.63061 0.0127839 0.0549723 0.321618
0 0.128534 0.508316 0.0129149 0.0631293 0.310302
0 0.824505 0.565206 0.0180359 0.0548087 0.296107
5 0.0633103 0.405228 0.126592 0.174581 0.292429
0 0.794079 0.562304 0.014006 0.0509298 0.284264
2 0.683998 0.340206 0.0258196 0.039345 0.263089
0 0.434886 0.300827 0.0114054 0.0405723 0.259174
0 0.796048 0.646189 0.0182474 0.0559826 0.258057
0 0.139099 0.428984 0.0148847 0.0506595 0.257127
