2 0.69621 0.798735 0.0927271 0.120639 0.844636
2 0.544758 0.603213 0.0694544 0.106168 0.794033
2 0.361871 0.382054 0.0477971 0.0782379 0.793435
2 0.18063 0.324428 0.0341405 0.0648955 0.69129
9 0.0988143 0.873733 0.0541052 0.091881 0.677749
2 0.471188 0.491168 0.0689871 0.0822049 0.666944
2 0.238258 0.329666 0.0412711 0.0600372 0.64609
2 0.24958 0.506454 0.0356819 0.0761659 0.557185
2 0.20521 0.177855 0.039786 0.0614729 0.534876
0 0.76449 0.673739 0.0178602 0.0722179 0.521365
9 0.287538 0.799012 0.0333076 0.0566878 0.480802
0 0.0947719 0.504674 0.00975796 0.0506187 0.480277
0 0.364508 0.942172 0.0309441 0.0894782 0.449429
2 0.56429 0.965995 0.138366 0.0654443 0.406428
0 0.0869222 0.531503 0.0113204 0.0534756 0.398584
9 0.117525 0.267874 0.0132568 0.0338025 0.397892
9 0.141979 0.249241 0.0126313 0.0488677 0.394827
2 0.647028 0.867009 0.0785263 0.0500566 0.337739
2 0.262806 0.265535 0.0504534 0.0636215 0.316956
0 0.12187 0.488385 0.0156983 0.0610994 0.298964
0 0.446084 0.318317 0.0100164 0.0517127 0.289811
62 0.492224 0.12877 0.118598 0.141284 0.276999
9 0.155824 0.9123 0.0100775 0.0434892 0.26763
9 0.734475 0.610201 0.0155451 0.0499697 0.262316
9 0.582916 0.286861 0.0157448 0.034196 0.251976
