2 0.801893 0.382698 0.0611717 0.0634304 0.823278
2 0.302822 0.245583 0.0434418 0.0627006 0.772732
0 0.148583 0.646485 0.0143401 0.0646814 0.646923
0 0.365844 0.798954 0.0104666 0.0547418 0.520216
0 0.44773 0.520755 0.0119581 0.0606401 0.499327
0 0.0798324 0.777825 0.0132514 0.0673248 0.495672
0 0.0982009 0.77745 0.0128981 0.0593052 0.482669
0 0.0785513 0.578887 0.0129569 0.0560123 0.466963
2 0.841938 0.429087 0.0666473 0.0805769 0.44122
9 0.0350694 0.201857 0.0151214 0.0370006 0.383716
0 0.421888 0.597335 0.0201855 0.0621145 0.338953
0 0.769503 0.728492 0.0167612 0.0646401 0.300038
0 0.790868 0.767644 0.0166224 0.0569221 0.286497
0 0.848028 0.739637 0.0113617 0.0628988 0.286465
62 0.491604 0.126205 0.117253 0.136596 0.269544
0 0.646979 0.639636 0.0155966 0.070072 0.266743
0 0.460045 0.762745 0.0140997 0.0551188 0.264894
