2 0.20318 0.479724 0.0560982 0.0749548 0.863375
2 0.308161 0.259664 0.0380733 0.0619485 0.79192
7 0.191923 0.236309 0.0566207 0.100883 0.739428
2 0.129641 0.0847652 0.0340802 0.0531367 0.723192
5 0.250857 0.226957 0.0861338 0.138399 0.708714
0 0.145101 0.478059 0.0132743 0.0515347 0.624428
0 0.760668 0.685205 0.0126133 0.0579671 0.593853
5 0.0636025 0.404798 0.127205 0.176853 0.562359
0 0.807367 0.727475 0.0114115 0.0605282 0.480359
0 0.852595 0.620608 0.0120682 0.0527497 0.471091
0 0.162012 0.444942 0.0132145 0.0589859 0.470671
0 0.986774 0.550212 0.016095 0.0585654 0.443162
2 0.0945871 0.138205 0.0403143 0.0520751 0.397881
0 0.970999 0.545447 0.0133297 0.0573927 0.383693
0 0.627738 0.324063 0.00907431 0.0469305 0.374409
2 0.135597 0.229722 0.0551994 0.0784941 0.359429
0 0.728975 0.652024 0.0124462 0.062503 0.308041
0 0.413785 0.265461 0.011691 0.0528035 0.291639
0 0.363413 0.940585 0.0307005 0.0914168 0.267403
9 0.253896 0.36695 0.0277424 0.0701596 0.257444
