2 0.614352 0.432569 0.0637384 0.0589384 0.803144
2 0.763608 0.344135 0.0598748 0.0635421 0.741702
0 0.779929 0.705837 0.0139405 0.0587036 0.533456
0 0.681546 0.86658 0.0137154 0.0650845 0.532035
0 0.89031 0.76861 0.0146778 0.0618927 0.514291
0 0.435845 0.319865 0.0092761 0.044631 0.43584
0 0.826632 0.638435 0.0119898 0.0625934 0.398568
0 0.810982 0.5618 0.0149021 0.0555845 0.388067
0 0.795879 0.605254 0.0104918 0.0564292 0.348263
9 0.0345617 0.201045 0.0142143 0.035377 0.334452
0 0.754497 0.675254 0.0112556 0.0593287 0.327527
0 0.0685392 0.293884 0.0123103 0.047327 0.28824
2 0.940319 0.976458 0.0859852 0.0455646 0.283874
0 0.832819 0.576706 0.0101595 0.0598119 0.275968
0 0.84828 0.67824 0.0157248 0.0593418 0.259893
