0 0.0715962 0.543823 0.0139256 0.0648524 0.701476
0 0.0871062 0.531256 0.0156024 0.0567703 0.668763
0 0.806633 0.592023 0.0122255 0.056026 0.619085
0 0.117584 0.969641 0.0158098 0.0607178 0.610861
9 0.290863 0.797522 0.0399173 0.0459513 0.51809
0 0.365664 0.943915 0.0342334 0.0948741 0.499758
0 0.305401 0.46156 0.0195823 0.0573725 0.49895
2 0.801783 0.410199 0.06656 0.0756298 0.479746
0 0.942777 0.550855 0.0125687 0.0579586 0.459815
62 0.492183 0.125614 0.118007 0.138357 0.392615
0 0.785206 0.63888 0.015071 0.0534944 0.376391
0 0.120811 0.853108 0.0165506 0.0684099 0.367504
0 0.272459 0.211432 0.0166419 0.0431747 0.343316
0 0.621181 0.530159 0.0142095 0.0541393 0.318751
2 0.87269 0.431641 0.0251965 0.0351119 0.317966
0 0.747041 0.571243 0.0132891 0.0662224 0.304288
9 0.156135 0.913351 0.00826554 0.0412927 0.281285
9 0.583934 0.286896 0.0151469 0.0353747 0.257386
