2 0.284724 0.225937 0.0435352 0.0647213 0.70296
0 0.562695 0.732278 0.0184396 0.0599477 0.567233
2 0.188135 0.166915 0.0393163 0.0591521 0.531596
2 0.14185 0.103517 0.0348715 0.0575908 0.503413
2 0.811193 0.365732 0.0469779 0.0636863 0.49281
2 0.242092 0.233856 0.0364901 0.0597198 0.4854
0 0.264139 0.864634 0.0199285 0.0688717 0.45511
5 0.0234973 0.125357 0.046612 0.242134 0.446165
0 0.844593 0.756643 0.0134094 0.0571923 0.38405
0 0.74297 0.679822 0.0129393 0.0600444 0.376541
2 0.230877 0.176152 0.0433249 0.0584134 0.370061
0 0.160728 0.906574 0.0186234 0.0669562 0.367972
0 0.810517 0.729196 0.0126846 0.0483229 0.366493
0 0.242901 0.522522 0.0160569 0.0732378 0.338192
0 0.493434 0.753154 0.0139212 0.0645499 0.326974
5 0.521388 0.288112 0.105907 0.0822383 0.316537
0 0.364856 0.943556 0.0344872 0.105212 0.308099
0 0.85346 0.684672 0.0123537 0.0536181 0.290851
