2 0.132122 0.583018 0.0847244 0.0778333 0.882901
2 0.209254 0.264746 0.0395423 0.0695005 0.852946
5 0.111947 0.0554065 0.0686154 0.106991 0.845432
2 0.313746 0.24812 0.038256 0.0605105 0.827874
2 0.260773 0.406048 0.0380187 0.0691739 0.813721
2 0.852406 0.964924 0.0849253 0.0684909 0.79993
2 0.227409 0.209865 0.0403122 0.0601977 0.795933
2 0.266819 0.206119 0.0437809 0.0604191 0.793963
2 0.670646 0.406578 0.0774948 0.0708983 0.762721
2 0.254605 0.251743 0.0382429 0.0616666 0.750146
2 0.186561 0.160252 0.0394631 0.0672977 0.733816
2 0.150651 0.21889 0.042597 0.0556248 0.646746
2 0.0988291 0.214995 0.0411951 0.0482367 0.579551
6 0.900743 0.0459182 0.197634 0.0909537 0.46746
62 0.491208 0.131295 0.118937 0.143047 0.435929
0 0.693363 0.878252 0.0144371 0.0610803 0.411534
2 0.157074 0.125235 0.0361027 0.0602923 0.404938
0 0.116287 0.984693 0.015763 0.0297055 0.397768
1 0.178445 0.80158 0.0384513 0.0489197 0.380332
2 0.81867 0.291177 0.0361511 0.0471926 0.341899
0 0.139634 0.974438 0.0184245 0.0503269 0.339832
