5 0.739386 0.393904 0.169373 0.179703 0.922704
5 0.103052 0.639058 0.190693 0.169114 0.915042
5 0.296172 0.544067 0.192626 0.163344 0.914948
5 0.290826 0.21239 0.0919638 0.157488 0.891282
2 0.739035 0.860635 0.0821911 0.130087 0.847007
2 0.254532 0.358087 0.0363406 0.0645214 0.771216
2 0.834578 0.960825 0.0828085 0.0743084 0.760667
2 0.203176 0.18806 0.0378779 0.0573521 0.696342
2 0.237887 0.659777 0.109312 0.12808 0.681928
2 0.240793 0.236327 0.036963 0.0554695 0.656571
2 0.179264 0.329697 0.0431924 0.054068 0.646774
2 0.22424 0.157512 0.0386936 0.057516 0.617795
2 0.158501 0.134644 0.0345064 0.0442003 0.578924
2 0.129671 0.0952382 0.0324643 0.045634 0.565412
2 0.0992265 0.0530547 0.0369421 0.0509837 0.512378
5 0.526337 0.290463 0.100079 0.0843339 0.4777
2 0.82389 0.440226 0.034201 0.0482695 0.452105
62 0.491706 0.128951 0.118176 0.135447 0.437831
5 0.81085 0.283804 0.0485338 0.0731977 0.294488
0 0.130607 0.985334 0.0152454 0.0285333 0.267473
0 0.162169 0.973093 0.0189466 0.0525218 0.25716
