5 0.55445 0.909142 0.212433 0.178216 0.877158
5 0.516316 0.536671 0.0950035 0.159595 0.849794
2 0.273849 0.6811 0.0439155 0.0862737 0.767569
5 0.167391 0.112565 0.0749265 0.141676 0.745223
2 0.283075 0.19635 0.038962 0.0503291 0.647246
62 0.492542 0.135243 0.118331 0.142186 0.556115
5 0.880315 0.94332 0.131013 0.10896 0.5176
2 0.801449 0.336663 0.0538168 0.0595703 0.510634
5 0.765609 0.261948 0.110292 0.128218 0.473403
9 0.15582 0.914874 0.00974937 0.0413391 0.430224
5 0.110627 0.104112 0.053675 0.0998466 0.407913
2 0.814789 0.295712 0.0525032 0.0505714 0.388638
2 0.117836 0.231009 0.0387584 0.0501959 0.348222
9 0.121256 0.378722 0.0104447 0.039899 0.321012
0 0.712485 0.886416 0.0222662 0.0782535 0.310611
9 0.584514 0.286124 0.0100925 0.0278447 0.270181
