2 0.129835 0.0721664 0.0354123 0.0532323 0.812821
2 0.788799 0.826142 0.0865372 0.125986 0.769712
2 0.0950586 0.780869 0.0745426 0.0975581 0.733437
2 0.18904 0.0884212 0.0386891 0.0462202 0.703382
9 0.626299 0.251314 0.0237213 0.0773444 0.565753
2 0.789404 0.3761 0.0573951 0.0761025 0.556461
62 0.492256 0.125773 0.117938 0.140587 0.535937
0 0.126192 0.49884 0.0220842 0.063994 0.480123
9 0.287365 0.798674 0.0326635 0.0501885 0.447205
9 0.735596 0.613659 0.0168718 0.0514135 0.387911
9 0.741939 0.569278 0.0105159 0.0404594 0.343959
2 0.121556 0.235652 0.0396195 0.0467699 0.282728
2 0.818618 0.304674 0.0301567 0.0465815 0.25725
