2 0.617597 0.4754 0.0741137 0.0746668 0.834432
2 0.611547 0.55017 0.0644522 0.0811393 0.828845
2 0.381853 0.503881 0.0724755 0.0748506 0.823267
2 0.254925 0.249586 0.0417878 0.0645885 0.804807
2 0.443587 0.520011 0.0725033 0.0699478 0.80064
2 0.303687 0.247823 0.0453833 0.0627834 0.76041
2 0.636639 0.419162 0.0664633 0.0526008 0.720391
2 0.154626 0.117685 0.0347961 0.0514248 0.60562
2 0.825066 0.447095 0.0668535 0.0582397 0.57723
2 0.244299 0.143148 0.0400721 0.0647669 0.53652
2 0.218188 0.208568 0.0452768 0.0564311 0.518732
2 0.179587 0.331754 0.0414525 0.0525065 0.441439
5 0.0217734 0.121036 0.0433003 0.238938 0.378309
2 0.120773 0.0838613 0.0408402 0.0461588 0.343028
9 0.286708 0.796592 0.0361887 0.0499186 0.280035
62 0.490462 0.13284 0.121144 0.148774 0.270148
5 0.528292 0.29027 0.102777 0.0872648 0.259131
