5 0.291978 0.208117 0.0845466 0.130979 0.88378
2 0.798813 0.342593 0.0580462 0.0591126 0.818369
2 0.251624 0.244319 0.0419983 0.0631607 0.809387
2 0.169533 0.547822 0.0723436 0.0770917 0.806672
5 0.133601 0.0797258 0.0718147 0.116232 0.787878
2 0.336959 0.53678 0.0840714 0.0850249 0.778413
2 0.180977 0.154105 0.0368569 0.0620656 0.648575
2 0.763611 0.460808 0.0727661 0.0675792 0.607811
2 0.212389 0.19772 0.038246 0.0530008 0.515796
7 0.650609 0.524496 0.0747543 0.119386 0.379922
5 0.0827875 0.0364672 0.0621045 0.0729345 0.365025
0 0.365408 0.944299 0.0345762 0.0949482 0.364252
3 0.411279 0.671252 0.0296053 0.0556066 0.354739
62 0.490761 0.140805 0.120462 0.158489 0.350254
9 0.155615 0.913558 0.00886145 0.0427816 0.336195
2 0.650803 0.524366 0.0743513 0.119055 0.310826
2 0.213767 0.179407 0.0398912 0.0869595 0.296595
6 0.902135 0.0465608 0.194904 0.0911484 0.285817
