2 0.26193 0.648721 0.0394044 0.0933558 0.761503
0 0.128155 0.508607 0.0114674 0.0621879 0.579906
0 0.171894 0.450333 0.012122 0.0532159 0.502043
9 0.156249 0.913091 0.00986814 0.0397085 0.464867
9 0.287513 0.796908 0.0336493 0.0554884 0.452074
9 0.141753 0.249263 0.0116243 0.0501539 0.394963
0 0.792405 0.754929 0.0129843 0.0631565 0.393214
0 0.746688 0.52717 0.0135357 0.0678648 0.374137
2 0.275471 0.976648 0.0524003 0.0454615 0.369306
0 0.15173 0.480599 0.0113333 0.0581489 0.324731
0 0.769648 0.519554 0.0116568 0.0521292 0.321909
5 0.0641488 0.408654 0.127905 0.168448 0.319357
2 0.17269 0.205899 0.0306814 0.0561472 0.28378
62 0.492069 0.125658 0.118094 0.140436 0.280131
9 0.58323 0.283545 0.0150733 0.0336564 0.278448
0 0.12092 0.967079 0.0134042 0.0630744 0.264862
