2 0.776538 0.891741 0.0868796 0.131062 0.785464
2 0.496044 0.525421 0.0582122 0.0935048 0.771856
7 0.290745 0.545822 0.0591362 0.207284 0.759599
62 0.491912 0.137294 0.117334 0.139606 0.755048
2 0.17759 0.22219 0.0410089 0.0565121 0.678861
2 0.141651 0.108644 0.0367459 0.048844 0.560667
2 0.17587 0.320262 0.0354443 0.0670446 0.498785
5 0.765267 0.26187 0.112912 0.129334 0.435695
9 0.121119 0.377064 0.0118805 0.0383511 0.390457
0 0.707972 0.882703 0.0156635 0.0738529 0.38147
0 0.363765 0.942549 0.0310637 0.0927507 0.295452
9 0.28649 0.797743 0.0335403 0.0537877 0.276699
9 0.142737 0.270002 0.0103069 0.0181081 0.269403
9 0.735992 0.617047 0.0125125 0.0452098 0.255034
