2 0.311461 0.25418 0.0513272 0.074959 0.764671
0 0.713284 0.829444 0.0145583 0.0683923 0.604422
0 0.31232 0.818662 0.0192907 0.0654816 0.570991
0 0.382811 0.820152 0.0136629 0.0659622 0.565582
2 0.821302 0.403036 0.0381243 0.0636114 0.506722
0 0.46897 0.776983 0.0128071 0.0635559 0.491581
0 0.690409 0.708651 0.0117979 0.0619236 0.472438
0 0.40572 0.748541 0.0180154 0.0559701 0.460893
0 0.352301 0.817607 0.0146186 0.0606469 0.433358
9 0.0347466 0.201406 0.0145881 0.0381391 0.370026
0 0.230718 0.40204 0.0135282 0.0611426 0.350829
0 0.381061 0.910203 0.0204124 0.0771583 0.350063
0 0.784587 0.508796 0.0155489 0.059253 0.349915
0 0.36469 0.944784 0.0324493 0.0998823 0.344616
0 0.516987 0.77345 0.0160971 0.059354 0.344131
2 0.849984 0.427409 0.0246159 0.0609212 0.316678
62 0.492083 0.126628 0.117159 0.138268 0.311245
0 0.845302 0.483058 0.0137505 0.0634694 0.299476
0 0.924015 0.574752 0.0145573 0.0552378 0.298144
0 0.815289 0.744344 0.0161827 0.0673531 0.289507
0 0.370367 0.547959 0.0120664 0.0573237 0.259481
0 0.440049 0.805751 0.0146723 0.047899 0.255874
