2 0.262084 0.172818 0.0409706 0.0628839 0.838953
2 0.837754 0.964238 0.0783909 0.071524 0.728523
2 0.189165 0.0887475 0.0380755 0.0457361 0.722714
2 0.573128 0.382866 0.0741184 0.0572083 0.673629
9 0.156773 0.912019 0.00924625 0.0400221 0.575723
0 0.763787 0.515264 0.0112087 0.0552088 0.521969
0 0.154091 0.447252 0.0113989 0.056618 0.5189
9 0.736377 0.602677 0.0122066 0.0561552 0.482349
9 0.583524 0.28612 0.0151098 0.0405948 0.453371
2 0.805547 0.37619 0.0321556 0.0443417 0.448599
9 0.142153 0.250667 0.0130118 0.0509477 0.401239
9 0.11719 0.267319 0.0144232 0.0337936 0.34408
2 0.26192 0.850435 0.0431039 0.0953172 0.342994
0 0.0924332 0.268909 0.0115794 0.0499975 0.330174
0 0.729478 0.661628 0.0121046 0.0599352 0.324047
0 0.204087 0.405643 0.0102694 0.0511864 0.299164
0 0.0669205 0.504602 0.00962136 0.056948 0.295179
