5 0.61203 0.906846 0.247356 0.182762 0.89694
2 0.181525 0.230966 0.0408652 0.0538368 0.843136
2 0.15337 0.129721 0.0371573 0.0502626 0.80815
5 0.102082 0.0463637 0.0668417 0.0923144 0.803802
2 0.2672 0.575925 0.0366787 0.0808189 0.755146
2 0.281401 0.736051 0.0408887 0.0918393 0.727373
2 0.727907 0.337146 0.0693395 0.0679667 0.653691
2 0.812516 0.413698 0.0626083 0.0654904 0.575538
5 0.264424 0.161781 0.0707026 0.143339 0.567843
62 0.493228 0.131224 0.115899 0.138767 0.416952
5 0.727813 0.336878 0.0699582 0.0687193 0.384101
7 0.2643 0.161902 0.0711798 0.142667 0.356942
5 0.560082 0.90481 0.350918 0.185734 0.315177
2 0.808448 0.31104 0.0543312 0.0936474 0.266248
