2 0.0857455 0.621398 0.104737 0.0942722 0.841697
7 0.509563 0.492085 0.107575 0.143338 0.824839
2 0.654899 0.48079 0.072175 0.0795207 0.812117
2 0.307931 0.256634 0.0440496 0.0667518 0.708692
62 0.492116 0.136158 0.118398 0.14448 0.691121
2 0.43368 0.504959 0.0678291 0.068954 0.586646
0 0.510671 0.664359 0.0144521 0.0507554 0.515519
2 0.268012 0.179697 0.0436395 0.0742484 0.465954
0 0.168124 0.501418 0.0170276 0.0612571 0.418616
9 0.290108 0.796159 0.0414677 0.0525564 0.404024
3 0.150538 0.73196 0.0425743 0.0681519 0.393883
5 0.529716 0.291111 0.0947056 0.0925289 0.301739
7 0.267982 0.179995 0.0439844 0.0744019 0.292724
0 0.154682 0.933631 0.0132946 0.0842322 0.281698
