2 0.527281 0.526137 0.0677774 0.0925498 0.808038
2 0.178312 0.134706 0.043624 0.0580255 0.772149
2 0.271824 0.787841 0.0672008 0.106503 0.752211
2 0.195197 0.300679 0.0425491 0.062183 0.699397
2 0.313255 0.303931 0.0513103 0.0680759 0.676406
2 0.248207 0.213047 0.0501114 0.0630776 0.670501
2 0.189052 0.0893918 0.038362 0.0464913 0.665336
2 0.0153326 0.602348 0.0302301 0.0526822 0.598465
2 0.261218 0.172278 0.0385619 0.060149 0.53634
2 0.293213 0.538729 0.0359017 0.0778659 0.462131
9 0.142294 0.250521 0.0122689 0.0523892 0.458459
9 0.155537 0.911537 0.0083266 0.0402625 0.456919
2 0.810429 0.367868 0.0575899 0.0815221 0.400271
9 0.117549 0.267283 0.0141997 0.0340527 0.381779
0 0.187978 0.402416 0.0144144 0.0569848 0.34662
9 0.737447 0.621793 0.0177126 0.064898 0.346301
9 0.583455 0.287312 0.0148562 0.040686 0.313104
9 0.582951 0.281972 0.0180208 0.0558657 0.294322
62 0.491857 0.125964 0.118063 0.144334 0.286044
0 0.921012 0.54257 0.0150066 0.0590084 0.283877
7 0.293263 0.538569 0.0358723 0.0770342 0.275942
2 0.265798 0.363273 0.0382354 0.0623506 0.253086
