5 0.267236 0.576502 0.209815 0.176668 0.903324
2 0.10289 0.764561 0.101487 0.101709 0.859198
5 0.147616 0.0953113 0.0727899 0.113408 0.835289
2 0.184984 0.514153 0.0593949 0.0845598 0.810441
2 0.117792 0.610018 0.0869695 0.0802661 0.802147
2 0.405382 0.598101 0.0840192 0.0944763 0.800593
2 0.226992 0.669523 0.0924033 0.0959042 0.790163
62 0.491982 0.14151 0.116352 0.134134 0.684452
2 0.257394 0.402032 0.0390523 0.058394 0.626781
5 0.245362 0.21316 0.0833056 0.149754 0.559843
2 0.172548 0.315456 0.0431151 0.0546376 0.50354
0 0.126717 0.95144 0.0161042 0.0518312 0.457103
9 0.289129 0.7953 0.0356281 0.0541563 0.431538
2 0.186736 0.17071 0.0364462 0.0547701 0.429373
9 0.421849 0.415967 0.0120199 0.057627 0.412979
5 0.755927 0.265062 0.0911645 0.129049 0.374711
9 0.155874 0.914704 0.0106814 0.0407796 0.352451
0 0.688619 0.878204 0.0197216 0.0593209 0.293857
9 0.818477 0.285911 0.0230593 0.0355966 0.283437
