2 0.719478 0.468112 0.0658461 0.080658 0.692573
0 0.829686 0.642271 0.0125549 0.056807 0.601675
2 0.81908 0.282199 0.038168 0.05351 0.564519
2 0.686348 0.416197 0.0826857 0.0965683 0.545443
0 0.935995 0.599486 0.014698 0.077938 0.511825
0 0.804605 0.728061 0.0111088 0.0638526 0.465519
0 0.783441 0.756491 0.011447 0.0660726 0.427492
0 0.365143 0.942978 0.0334276 0.097251 0.421929
0 0.910047 0.6783 0.0178535 0.0652768 0.388297
0 0.123296 0.967853 0.0170394 0.0626695 0.36684
0 0.620311 0.62877 0.0220371 0.0673817 0.322658
9 0.0349644 0.202612 0.0136659 0.0352255 0.294818
0 0.757948 0.645016 0.0132629 0.0537079 0.29114
0 0.138427 0.976852 0.0194489 0.0458352 0.267949
0 0.654864 0.614487 0.0165594 0.0597379 0.264048
0 0.059817 0.267929 0.0139158 0.0460983 0.263689
0 0.0157427 0.537616 0.0145028 0.0671265 0.26332
