7 0.827174 0.861396 0.111258 0.176183 0.594817
2 0.789326 0.374849 0.0614201 0.065864 0.569505
2 0.804099 0.410804 0.068593 0.0751734 0.520483
9 0.287767 0.793871 0.0326741 0.0486074 0.432244
0 0.846613 0.714218 0.019429 0.0682427 0.426048
0 0.249313 0.854262 0.0195484 0.0722719 0.403929
9 0.1559 0.91259 0.00854058 0.039841 0.400505
0 0.508012 0.384884 0.0125643 0.0473629 0.396374
2 0.850222 0.437832 0.0579014 0.0539274 0.387036
9 0.0349577 0.202587 0.014273 0.0352976 0.385888
0 0.342308 0.553915 0.0135204 0.0496244 0.367277
0 0.255947 0.583078 0.0152544 0.0707221 0.35241
0 0.770811 0.685226 0.0207237 0.0694168 0.333515
0 0.0566518 0.291501 0.0102824 0.0424922 0.287167
0 0.091417 0.523412 0.0123985 0.0677472 0.279248
0 0.411647 0.550304 0.0155373 0.0577546 0.279151
0 0.535984 0.485958 0.016081 0.0612408 0.252407
0 0.891414 0.769251 0.0162796 0.0722999 0.250518
