2 0.405289 0.430773 0.0557394 0.0782651 0.826262
2 0.602097 0.605786 0.0626041 0.0869724 0.806409
2 0.816928 0.938431 0.0921715 0.120785 0.793216
2 0.568682 0.634782 0.0717768 0.118137 0.768614
2 0.232576 0.218681 0.0460546 0.075351 0.641021
2 0.764405 0.319165 0.0605862 0.0605268 0.550473
5 0.536289 0.29195 0.131752 0.086696 0.546464
62 0.491775 0.13481 0.118239 0.142228 0.457388
2 0.8135 0.292758 0.0471039 0.0553725 0.411434
2 0.0962394 0.19316 0.0223417 0.0581197 0.368739
2 0.82669 0.406072 0.0271549 0.0452325 0.317032
7 0.118097 0.131866 0.0316307 0.0666905 0.29748
2 0.0591011 0.131776 0.0351969 0.0587212 0.253992
