2 0.179126 0.215997 0.0391935 0.0493173 0.78963
2 0.259785 0.271904 0.0481771 0.0567981 0.775621
2 0.386789 0.340799 0.0586909 0.0837239 0.739882
2 0.289679 0.234128 0.0434992 0.0675321 0.690022
2 0.254042 0.399993 0.0343534 0.0714501 0.617049
62 0.491902 0.134409 0.119139 0.146387 0.566744
2 0.150449 0.278546 0.0391957 0.0589719 0.513238
2 0.255518 0.588921 0.0350767 0.0835576 0.485075
0 0.706305 0.880635 0.0153908 0.0621675 0.451506
2 0.837937 0.417836 0.0350979 0.0504361 0.407803
2 0.114166 0.220042 0.0412691 0.0660472 0.356874
0 0.0304059 0.575484 0.0151249 0.060819 0.316054
5 0.762937 0.262889 0.104997 0.131937 0.294071
