2 0.254798 0.188441 0.0473304 0.0692874 0.67107
2 0.0340621 0.597959 0.0681241 0.0759213 0.644586
0 0.777901 0.744802 0.0156858 0.0618815 0.603219
62 0.491942 0.128762 0.117971 0.145534 0.598996
9 0.288509 0.797127 0.0356606 0.0459669 0.548494
2 0.311596 0.247628 0.0447879 0.0683631 0.523582
9 0.156036 0.911653 0.00961986 0.0399031 0.450272
2 0.149668 0.0747183 0.039773 0.0590476 0.389032
2 0.871279 0.431622 0.0355679 0.0360343 0.37746
0 0.709398 0.782595 0.0147356 0.0589798 0.352676
0 0.36582 0.945087 0.0338676 0.0974287 0.346011
2 0.213115 0.154809 0.0364774 0.0509403 0.34572
0 0.0947172 0.507729 0.0153338 0.0669951 0.335256
0 0.21513 0.485273 0.0114788 0.0501663 0.308169
0 0.144287 0.70051 0.0179461 0.0629557 0.302446
0 0.63642 0.349381 0.0106633 0.0513156 0.299311
0 0.817819 0.684818 0.0157307 0.0618106 0.298807
0 0.735234 0.647556 0.0171881 0.0795681 0.286507
0 0.230734 0.481844 0.0154679 0.0436157 0.281153
2 0.269847 0.266353 0.0188384 0.0449685 0.280704
0 0.390712 0.869046 0.0172887 0.0690145 0.279366
0 0.769871 0.632617 0.0137419 0.0617512 0.274381
9 0.144246 0.70066 0.0177864 0.0630307 0.267477
0 0.630491 0.501716 0.0157125 0.0534776 0.252683
2 0.254798 0.188441 0.0473304 0.0692874 0.67107
2 0.0340621 0.597959 0.0681241 0.0759213 0.644586
0 0.777901 0.744802 0.0156858 0.0618815 0.603219
62 0.491942 0.128762 0.117971 0.145534 0.598996
9 0.288509 0.797127 0.0356606 0.0459669 0.548494
2 0.311596 0.247628 0.0447879 0.0683631 0.523582
9 0.156036 0.911653 0.00961986 0.0399031 0.450272
2 0.149668 0.0747183 0.039773 0.0590476 0.389032
2 0.871279 0.431622 0.0355679 0.0360343 0.37746
0 0.709398 0.782595 0.0147356 0.0589798 0.352676
0 0.36582 0.945087 0.0338676 0.0974287 0.346011
2 0.213115 0.154809 0.0364774 0.0509403 0.34572
0 0.0947172 0.507729 0.0153338 0.0669951 0.335256
0 0.21513 0.485273 0.0114788 0.0501663 0.308169
0 0.144287 0.70051 0.0179461 0.0629557 0.302446
0 0.63642 0.349381 0.0106633 0.0513156 0.299311
0 0.817819 0.684818 0.0157307 0.0618106 0.298807
0 0.735234 0.647556 0.0171881 0.0795681 0.286507
0 0.230734 0.481844 0.0154679 0.0436157 0.281153
2 0.269847 0.266353 0.0188384 0.0449685 0.280704
0 0.390712 0.869046 0.0172887 0.0690145 0.279366
0 0.769871 0.632617 0.0137419 0.0617512 0.274381
9 0.144246 0.70066 0.0177864 0.0630307 0.267477
0 0.630491 0.501716 0.0157125 0.0534776 0.252683
