5 0.21582 0.186649 0.0622043 0.105855 0.845755
5 0.120488 0.0632381 0.069558 0.105752 0.816149
2 0.16773 0.13144 0.0415727 0.0554825 0.63008
2 0.114834 0.230516 0.0315256 0.0476549 0.600642
2 0.827611 0.404558 0.0591963 0.0675793 0.597296
0 0.129972 0.607893 0.0124321 0.0642434 0.545144
0 0.515462 0.826053 0.0147947 0.0583164 0.49292
0 0.322635 0.7064 0.014651 0.0614039 0.479349
0 0.240489 0.887135 0.0141269 0.0667725 0.441999
2 0.809563 0.373077 0.0436592 0.0573183 0.438873
5 0.0594557 0.414378 0.118911 0.181107 0.423312
0 0.77798 0.699322 0.0143092 0.0618462 0.360007
0 0.818344 0.674315 0.0146282 0.0590279 0.35521
0 0.15065 0.610765 0.0139295 0.057927 0.318159
0 0.365308 0.944838 0.0335035 0.0963152 0.316643
0 0.72735 0.733399 0.0155943 0.0593814 0.31507
0 0.831907 0.763199 0.0120955 0.0677032 0.288095
