2 0.604492 0.471386 0.0715425 0.0830192 0.800642
2 0.26798 0.259079 0.0429911 0.0699407 0.765544
2 0.175455 0.303237 0.0332046 0.0634816 0.716643
2 0.189088 0.0897136 0.037991 0.0468299 0.693318
0 0.365408 0.942065 0.0322898 0.0919579 0.68082
9 0.156093 0.911833 0.00899391 0.0416206 0.570481
9 0.289725 0.797406 0.0374515 0.0452326 0.514531
9 0.117935 0.266942 0.0128031 0.0339804 0.469917
0 0.763853 0.632095 0.0142982 0.0360341 0.447922
0 0.567047 0.583702 0.0185577 0.0656036 0.359654
9 0.736952 0.624964 0.012577 0.0701935 0.332505
62 0.491998 0.125061 0.117846 0.137942 0.316002
0 0.811644 0.6573 0.0230251 0.0666673 0.292764
9 0.583433 0.285296 0.0178257 0.052586 0.291955
2 0.707713 0.415774 0.0666246 0.0718308 0.290723
0 0.553115 0.817593 0.0161694 0.0506148 0.290444
0 0.28393 0.329571 0.0100668 0.0488039 0.288975
0 0.807473 0.658783 0.0149851 0.0621894 0.268347
