2 0.126123 0.725 0.10366 0.0948142 0.880105
2 0.603013 0.439939 0.0719156 0.0625159 0.82192
2 0.270386 0.263564 0.0472539 0.0569836 0.813225
2 0.117506 0.0647713 0.0370355 0.0546627 0.745895
2 0.301608 0.244042 0.0444687 0.0591999 0.73023
2 0.179342 0.14407 0.0333792 0.0605826 0.710353
2 0.212426 0.190109 0.0419746 0.0646261 0.669791
7 0.635081 0.625844 0.0476677 0.125775 0.651949
2 0.263141 0.191017 0.0403955 0.0609671 0.637045
2 0.153655 0.109533 0.0353941 0.0593963 0.525099
5 0.530279 0.295129 0.141894 0.0938769 0.485032
6 0.897986 0.0462951 0.202817 0.0903323 0.304711
0 0.0152044 0.554911 0.0197486 0.0527862 0.280962
