2 0.772032 0.816088 0.0798518 0.121139 0.809917
2 0.573209 0.522952 0.0742764 0.085662 0.790221
62 0.491624 0.136112 0.118642 0.146423 0.721579
2 0.393497 0.57154 0.0847613 0.0948773 0.700545
2 0.0340124 0.592981 0.0680249 0.0774801 0.618927
0 0.546053 0.342527 0.0118063 0.0529161 0.532286
2 0.258922 0.260766 0.0414592 0.0589019 0.524457
2 0.44699 0.488269 0.0652748 0.0563399 0.464371
9 0.386568 0.222888 0.0106999 0.0319462 0.359232
5 0.0642829 0.433892 0.128151 0.123667 0.333882
2 0.152265 0.234538 0.0398714 0.0595778 0.333373
9 0.15561 0.912897 0.0100503 0.0383965 0.321139
0 0.728676 0.68846 0.0142538 0.0660967 0.297575
9 0.58398 0.286877 0.0117912 0.0332108 0.2966
9 0.290538 0.801976 0.0385358 0.0512885 0.272693
2 0.313561 0.259654 0.0289103 0.0557407 0.261297
