2 0.18354 0.322497 0.0415344 0.0621417 0.748888
2 0.26218 0.250551 0.0442743 0.0618868 0.699693
2 0.142873 0.105066 0.0334086 0.0478028 0.622204
62 0.492008 0.132501 0.118786 0.140271 0.572505
2 0.294508 0.231911 0.0422897 0.0627991 0.535696
0 0.186214 0.679459 0.0156627 0.0629859 0.448407
0 0.292063 0.373414 0.0124748 0.0488937 0.399997
0 0.392652 0.839428 0.0140442 0.0725538 0.361951
9 0.14191 0.251305 0.0126345 0.0499698 0.344118
9 0.735939 0.613622 0.010113 0.0337216 0.344017
0 0.281214 0.367057 0.0106641 0.0486284 0.296352
9 0.121865 0.374714 0.0106416 0.0354716 0.274527
0 0.264441 0.553668 0.0175117 0.0533863 0.267727
