2 0.300532 0.240363 0.0452869 0.0680462 0.785025
2 0.183676 0.10054 0.0377104 0.0581469 0.723909
0 0.138494 0.449439 0.0155012 0.0649151 0.608728
0 0.146253 0.51672 0.0171225 0.0578281 0.570836
9 0.289587 0.794294 0.040752 0.0515628 0.516461
62 0.492198 0.126042 0.118205 0.13883 0.478372
0 0.127724 0.825673 0.0148063 0.0728666 0.467036
0 0.365524 0.94234 0.033419 0.0916941 0.434926
9 0.156035 0.91272 0.010027 0.0445211 0.403789
9 0.117297 0.266926 0.0145244 0.0353827 0.391245
0 0.783554 0.695375 0.0137848 0.0629276 0.351826
9 0.735491 0.610741 0.0133392 0.0394541 0.347788
2 0.839826 0.425032 0.0639503 0.0691026 0.339563
9 0.624273 0.248582 0.0202759 0.0743285 0.32534
0 0.767498 0.656502 0.0120119 0.0475338 0.310864
0 0.707477 0.64964 0.011674 0.0781536 0.305681
2 0.804268 0.367705 0.0641123 0.0706938 0.295827
9 0.571886 0.226983 0.0146898 0.0456183 0.281793
