5 0.232528 0.204505 0.0820511 0.13384 0.874066
2 0.323758 0.269266 0.0478763 0.0664137 0.767359
0 0.152725 0.483413 0.0174299 0.0517604 0.613879
0 0.921568 0.647285 0.0203711 0.069406 0.568723
5 0.106371 0.203616 0.0616684 0.101034 0.520839
0 0.315552 0.461592 0.0170129 0.0556636 0.516142
5 0.53234 0.291904 0.105361 0.0894049 0.455643
0 0.694908 0.86007 0.0124593 0.0687432 0.435183
2 0.149314 0.107495 0.0391984 0.0676821 0.431877
2 0.818183 0.404894 0.0420998 0.0650623 0.379198
0 0.0526566 0.476892 0.0158783 0.0573866 0.377965
7 0.802059 0.36651 0.057608 0.0861352 0.363565
0 0.847172 0.549406 0.0121059 0.0488987 0.355135
0 0.797693 0.605086 0.0151064 0.0583235 0.329957
9 0.154911 0.913022 0.00832143 0.0410434 0.294362
0 0.891666 0.603989 0.0118759 0.045394 0.284259
0 0.757404 0.652849 0.0161051 0.0597978 0.283892
0 0.32957 0.442355 0.0138239 0.0483526 0.270273
0 0.946744 0.505312 0.0149223 0.0464723 0.254491
