2 0.710332 0.828723 0.0756914 0.107797 0.846898
2 0.245686 0.63354 0.0390573 0.0868088 0.724541
2 0.22568 0.943087 0.0673348 0.109563 0.713584
2 0.180982 0.324979 0.0335533 0.062954 0.667503
2 0.305286 0.264985 0.0464753 0.0709705 0.637959
9 0.14223 0.251303 0.0124597 0.051952 0.556072
0 0.771015 0.749997 0.0157425 0.0700445 0.533688
0 0.140353 0.441117 0.0121155 0.0554928 0.529838
2 0.801065 0.405646 0.0603168 0.0776505 0.441294
9 0.287266 0.797532 0.0325719 0.05519 0.419753
2 0.835543 0.43353 0.0330841 0.0700326 0.411807
9 0.624386 0.251352 0.0214216 0.0778964 0.411278
62 0.491742 0.127023 0.117806 0.139988 0.380857
9 0.734178 0.613593 0.0152115 0.0505303 0.361822
9 0.582376 0.280564 0.0154419 0.0466478 0.295125
0 0.362811 0.940694 0.0291725 0.084314 0.29274
9 0.116726 0.268148 0.015423 0.034058 0.287037
2 0.890262 0.465816 0.0756617 0.0893222 0.279041
0 0.033284 0.459039 0.0159572 0.0983099 0.268723
0 0.810368 0.735183 0.0139795 0.0708035 0.257024
