2 0.261955 0.40532 0.0384639 0.0665907 0.806453
2 0.634573 0.710285 0.0782679 0.10901 0.763859
2 0.393593 0.416735 0.0468678 0.0782238 0.756401
2 0.815016 0.367181 0.0412793 0.0598529 0.74865
2 0.222934 0.275378 0.0400638 0.0652377 0.745171
2 0.178432 0.144857 0.0412356 0.0696476 0.731139
2 0.231584 0.937014 0.0760795 0.121078 0.698584
2 0.362052 0.319894 0.0520867 0.0827971 0.698533
2 0.268132 0.27267 0.0479659 0.0648646 0.689115
2 0.166521 0.200868 0.0370091 0.0573633 0.603845
7 0.257628 0.554603 0.0369901 0.095725 0.533467
2 0.837024 0.407313 0.0319157 0.0416811 0.459803
0 0.701667 0.881648 0.0149559 0.0602203 0.445736
5 0.534929 0.28997 0.127469 0.0823665 0.402179
62 0.490915 0.129677 0.119466 0.143254 0.391523
2 0.166014 0.311077 0.0447895 0.0600848 0.302728
