2 0.788398 0.824219 0.0849815 0.122106 0.805875
2 0.145268 0.108266 0.0352496 0.0581895 0.670063
2 0.898672 0.94092 0.12005 0.115927 0.621958
2 0.783341 0.308281 0.0532555 0.0739404 0.612597
5 0.757554 0.26229 0.0901155 0.127326 0.575125
2 0.0310491 0.591254 0.0616959 0.074226 0.567001
62 0.492289 0.129982 0.117486 0.140736 0.529855
0 0.18065 0.534494 0.0139882 0.0556468 0.491221
0 0.788562 0.535589 0.0134668 0.0514667 0.480142
0 0.285098 0.641711 0.0133121 0.0567958 0.439999
62 0.0237085 0.156419 0.0471565 0.168481 0.432549
9 0.298 0.808051 0.0146187 0.029778 0.289275
0 0.915884 0.59139 0.0141556 0.0602843 0.281483
2 0.674475 0.34872 0.0598301 0.0578234 0.277874
0 0.537328 0.361359 0.0100603 0.0421624 0.275035
