5 0.846608 0.902315 0.200321 0.18867 0.903803
5 0.170705 0.119372 0.0808594 0.138261 0.871386
2 0.60247 0.674805 0.0759701 0.107717 0.851229
2 0.505626 0.543023 0.0711943 0.108711 0.839171
2 0.414966 0.360872 0.0574055 0.0719042 0.815799
2 0.402651 0.433393 0.0552175 0.076816 0.80626
2 0.736981 0.364125 0.073669 0.0658659 0.789782
2 0.312606 0.323555 0.0408366 0.0711663 0.754739
2 0.278472 0.806017 0.0507508 0.104595 0.741516
2 0.119132 0.057523 0.0278427 0.0352908 0.451827
5 0.82214 0.300122 0.0312996 0.0753504 0.432499
5 0.53717 0.290116 0.128527 0.0824743 0.320187
