5 0.67939 0.370339 0.168195 0.124725 0.925549
5 0.236043 0.205875 0.0847381 0.136284 0.881293
2 0.56652 0.632369 0.0733982 0.0972036 0.867332
2 0.282165 0.482553 0.0413042 0.0721091 0.800359
2 0.420355 0.361505 0.0636117 0.0766703 0.80001
2 0.851499 0.946436 0.106714 0.105263 0.747743
2 0.138386 0.0983381 0.0371308 0.0521978 0.622521
2 0.122398 0.142236 0.0379006 0.0541438 0.537928
5 0.533275 0.289986 0.117927 0.0819038 0.369396
5 0.105462 0.175428 0.0373941 0.0907408 0.342588
5 0.496397 0.93678 0.103895 0.122496 0.306992
9 0.155264 0.914908 0.00822906 0.0399763 0.290547
5 0.0973029 0.173735 0.0535743 0.0935973 0.275462
