2 0.126125 0.877127 0.0955331 0.105395 0.818057
2 0.68386 0.5253 0.061324 0.0687354 0.72912
0 0.0171259 0.546514 0.0162134 0.0561593 0.556531
0 0.364784 0.942716 0.0321431 0.096324 0.490078
0 0.759789 0.656816 0.0118612 0.0625802 0.452146
2 0.224798 0.365551 0.0388169 0.0832369 0.433118
0 0.776652 0.714713 0.0124834 0.0620063 0.429489
0 0.681773 0.87001 0.0118511 0.0640876 0.424348
0 0.794864 0.535033 0.010713 0.0555953 0.423494
5 0.764843 0.260759 0.115503 0.133753 0.40793
0 0.871417 0.656751 0.0120207 0.0567747 0.378224
0 0.744864 0.695332 0.0137011 0.0617469 0.377075
0 0.132284 0.481919 0.0124609 0.0644116 0.368685
0 0.121356 0.499557 0.0130235 0.055805 0.368432
0 0.832241 0.633459 0.0124861 0.0590259 0.365453
0 0.850781 0.743226 0.0149178 0.0606591 0.353694
0 0.166108 0.414373 0.0116107 0.0562473 0.350293
0 0.0862574 0.504389 0.0183278 0.0527746 0.349525
0 0.792591 0.747415 0.0165463 0.0764099 0.347717
0 0.829169 0.671526 0.0137564 0.0653926 0.338549
0 0.860262 0.645501 0.0118526 0.05025 0.306679
0 0.819802 0.659632 0.0128395 0.0604492 0.280811
9 0.0345194 0.201717 0.0138849 0.0361616 0.263919
