2 0.286086 0.437906 0.0317082 0.0551011 0.767697
0 0.145675 0.483663 0.0135471 0.0557427 0.585434
0 0.8644 0.570135 0.0144808 0.0597773 0.568446
0 0.78845 0.756755 0.0148279 0.0600596 0.51219
0 0.786194 0.551419 0.0153515 0.0640208 0.511528
0 0.973917 0.550073 0.0159916 0.0537775 0.496756
0 0.116315 0.498097 0.0105495 0.0515298 0.483543
9 0.0351758 0.199809 0.0150946 0.0367697 0.479356
0 0.832705 0.505496 0.0174326 0.0571793 0.435015
0 0.404027 0.297689 0.0111089 0.0489288 0.36898
0 0.87415 0.576029 0.015284 0.0585098 0.314132
0 0.967837 0.78001 0.0146763 0.0467406 0.285622
