2 0.756558 0.786641 0.086024 0.118502 0.823744
0 0.718263 0.67183 0.0133384 0.0651249 0.668124
9 0.155117 0.91237 0.0083631 0.0415346 0.58571
2 0.0969922 0.0191262 0.0296463 0.0382524 0.500173
0 0.0640965 0.519714 0.0157853 0.0540651 0.496373
3 0.237034 0.392785 0.0368235 0.0679065 0.469664
9 0.303917 0.552921 0.0356051 0.0678226 0.41559
0 0.693642 0.600793 0.0137078 0.069715 0.414907
2 0.303879 0.553291 0.0354729 0.0668418 0.40883
0 0.756896 0.633711 0.0142727 0.0605487 0.347979
9 0.286804 0.797882 0.0341422 0.0526657 0.335514
2 0.243341 0.970158 0.0568809 0.0587463 0.319325
0 0.692992 0.608443 0.0164314 0.0853331 0.311754
0 0.0917014 0.482241 0.0122323 0.0556817 0.309234
0 0.743085 0.566396 0.0158191 0.0579439 0.301258
2 0.799922 0.383245 0.0298094 0.0496613 0.296763
0 0.161668 0.40423 0.0163131 0.0528575 0.287974
