5 0.543969 0.907059 0.216111 0.180838 0.858892
2 0.244341 0.360991 0.0446875 0.0730577 0.842444
5 0.306846 0.28693 0.0946041 0.145875 0.836537
2 0.176101 0.230006 0.0375174 0.0565207 0.798411
2 0.121314 0.16179 0.0346949 0.0475024 0.724933
0 0.204591 0.696433 0.014645 0.0721483 0.68489
7 0.2895 0.49099 0.0513385 0.192936 0.681961
2 0.103838 0.201152 0.0288236 0.043233 0.623897
6 0.90417 0.045703 0.190879 0.0898056 0.528609
2 0.81282 0.292347 0.0466564 0.0637219 0.513203
7 0.664352 0.746473 0.0785 0.130063 0.492425
5 0.279248 0.848975 0.0651935 0.293287 0.478654
2 0.824403 0.400315 0.0506908 0.0627729 0.438582
9 0.0347767 0.204238 0.0130893 0.0356398 0.394791
5 0.289379 0.490904 0.05182 0.193062 0.387862
5 0.537556 0.290432 0.120186 0.0843179 0.383564
62 0.490644 0.153003 0.121006 0.186004 0.355837
5 0.463496 0.939511 0.156125 0.118386 0.305377
7 0.0850817 0.0713036 0.070141 0.110187 0.261742
0 0.0410856 0.555981 0.0149963 0.067613 0.252957
