2 0.542916 0.546037 0.0754332 0.0848738 0.873337
2 0.139015 0.591188 0.0854216 0.0791445 0.864021
2 0.155256 0.688185 0.0927257 0.100375 0.858048
5 0.166484 0.123533 0.0769804 0.121129 0.851071
2 0.516597 0.466901 0.0615041 0.0760974 0.817627
2 0.400129 0.571152 0.0715319 0.0818505 0.79732
2 0.304615 0.253768 0.0426792 0.068034 0.760967
2 0.255761 0.251168 0.043064 0.0675979 0.741132
2 0.213229 0.204127 0.040391 0.0560516 0.732186
2 0.690358 0.432706 0.0638098 0.0658427 0.727372
2 0.787703 0.420395 0.064206 0.0908073 0.620248
2 0.255489 0.437756 0.0376889 0.0689754 0.589453
2 0.274318 0.202742 0.036695 0.0540529 0.505983
62 0.49232 0.134428 0.118693 0.14396 0.503672
2 0.822795 0.372338 0.0313141 0.0466075 0.497627
5 0.812293 0.280866 0.0503804 0.0906286 0.491235
9 0.289302 0.795377 0.0361271 0.0515871 0.469933
2 0.629937 0.418749 0.0631914 0.0666221 0.404265
2 0.679678 0.36485 0.0741357 0.0687547 0.308127
0 0.906441 0.902851 0.0149521 0.0656937 0.289986
9 0.156269 0.91344 0.0105697 0.044101 0.282962
0 0.935028 0.940184 0.0174583 0.0636278 0.271219
