2 0.797853 0.380938 0.0560467 0.0628466 0.689054
2 0.814684 0.402313 0.0525891 0.0741943 0.590713
5 0.0649853 0.405203 0.129964 0.178948 0.561482
0 0.220998 0.62211 0.0130747 0.0562251 0.493693
0 0.408175 0.79226 0.0146246 0.0675744 0.462343
0 0.971555 0.576294 0.0153019 0.0726808 0.454757
0 0.355327 0.84318 0.0147382 0.05859 0.443423
0 0.297736 0.739767 0.013905 0.066196 0.421439
0 0.897127 0.734283 0.0118927 0.0577277 0.412845
0 0.8777 0.733986 0.0156178 0.0580607 0.4002
0 0.459279 0.631768 0.0196587 0.055132 0.384525
9 0.0348386 0.203799 0.0140544 0.0320671 0.381731
0 0.589095 0.519579 0.0149371 0.0572852 0.313294
0 0.834281 0.663347 0.0152233 0.0511373 0.3
0 0.777507 0.670952 0.0153736 0.0605006 0.286038
0 0.776751 0.740926 0.0137317 0.0612081 0.272627
0 0.156594 0.603787 0.0190068 0.0506448 0.268673
0 0.658171 0.679505 0.0129164 0.0618734 0.267064
0 0.851312 0.693813 0.0129417 0.0573174 0.257161
0 0.123641 0.490849 0.0173314 0.0542579 0.250371
