5 0.0770885 0.648205 0.151087 0.150528 0.901114
5 0.247915 0.222475 0.0647323 0.113178 0.830487
2 0.378057 0.584484 0.0835295 0.0918566 0.813793
2 0.648123 0.49783 0.076065 0.079847 0.808914
2 0.140791 0.51977 0.080956 0.0951508 0.771985
2 0.190513 0.283956 0.0398102 0.0582481 0.770854
2 0.589616 0.472064 0.0756502 0.0899928 0.717239
2 0.162698 0.73619 0.10424 0.117967 0.692152
2 0.194361 0.171021 0.0380217 0.0558307 0.489097
0 0.364601 0.943573 0.0322803 0.0971836 0.485864
0 0.791625 0.744671 0.0116529 0.0578315 0.429408
0 0.725899 0.662431 0.0139853 0.0631607 0.390445
5 0.0479003 0.408812 0.0955658 0.167475 0.367072
0 0.115661 0.476481 0.0141417 0.0465929 0.356516
0 0.983898 0.548534 0.0118643 0.0562695 0.341337
0 0.748473 0.688717 0.013587 0.0663993 0.339492
0 0.925401 0.851417 0.0149609 0.0669284 0.319045
0 0.905029 0.53127 0.011377 0.0511358 0.295766
2 0.15401 0.608038 0.0491147 0.0541423 0.293448
0 0.0702233 0.514024 0.0139653 0.0564353 0.268191
