5 0.13954 0.607155 0.224642 0.157003 0.932444
2 0.300614 0.666706 0.0870651 0.0971569 0.864472
2 0.129282 0.70439 0.0965114 0.102506 0.84916
2 0.311155 0.25746 0.0495572 0.0641049 0.824784
2 0.628255 0.591164 0.0492815 0.0998331 0.804514
2 0.229552 0.222215 0.0426175 0.0558223 0.733463
2 0.267216 0.205651 0.0398936 0.0599369 0.721248
2 0.155944 0.131488 0.0379161 0.0480908 0.678999
2 0.669572 0.482744 0.0720085 0.0836831 0.671513
2 0.712591 0.335355 0.0773223 0.054362 0.645503
5 0.539132 0.291028 0.127879 0.0828573 0.645059
2 0.680752 0.740614 0.0688692 0.113536 0.6387
2 0.195542 0.180995 0.0386408 0.0519841 0.636658
2 0.233758 0.159867 0.0379282 0.0553536 0.60397
0 0.769686 0.767782 0.0118832 0.0589791 0.454663
2 0.840498 0.399975 0.0301201 0.0500814 0.413719
9 0.269451 0.271632 0.0136672 0.0437021 0.361665
62 0.492271 0.129932 0.118387 0.139564 0.352667
