5 0.769384 0.26412 0.117155 0.126119 0.586127
7 0.247562 0.223266 0.0591828 0.114181 0.565725
0 0.362312 0.775049 0.0270415 0.0752443 0.52164
2 0.0332869 0.605323 0.0665737 0.0702949 0.514601
0 0.264356 0.356384 0.0101629 0.048055 0.457266
5 0.0641107 0.407495 0.128212 0.171707 0.438469
5 0.247594 0.223564 0.0590689 0.11509 0.408358
5 0.0231941 0.120604 0.0455777 0.235925 0.402593
62 0.4922 0.129407 0.118805 0.136247 0.338162
0 0.818772 0.615251 0.0152611 0.0528286 0.337484
0 0.431099 0.839907 0.018586 0.103746 0.251449
