5 0.286419 0.206302 0.0858284 0.130178 0.889834
2 0.191855 0.24912 0.0392268 0.050504 0.856414
2 0.790245 0.899003 0.0858967 0.126541 0.842373
2 0.250934 0.312435 0.0508912 0.0678988 0.814799
2 0.108605 0.219664 0.0407881 0.0520885 0.793029
2 0.223495 0.205729 0.0352219 0.0559903 0.745185
2 0.15664 0.18378 0.0371835 0.0489162 0.652947
5 0.0873243 0.639872 0.102211 0.0994599 0.614197
2 0.130705 0.091798 0.037428 0.0483407 0.604483
2 0.813102 0.292123 0.0472923 0.0587401 0.600504
5 0.535604 0.288239 0.131806 0.0807237 0.512494
2 0.110713 0.140506 0.0368648 0.0526462 0.503158
2 0.0871656 0.639478 0.102377 0.0988731 0.487819
2 0.169082 0.13822 0.038077 0.0583531 0.458239
2 0.0972386 0.0446294 0.0326239 0.0479789 0.392862
62 0.492535 0.128535 0.11697 0.138203 0.346855
2 0.203059 0.168921 0.0430906 0.0616307 0.266407
0 0.158638 0.975588 0.0230478 0.0481203 0.264328
0 0.139542 0.978652 0.0155216 0.0414575 0.262047
