2 0.267841 0.651942 0.0949401 0.0876271 0.803503
2 0.460615 0.572578 0.0810352 0.0894637 0.795644
2 0.245904 0.183902 0.0408429 0.057383 0.753505
2 0.599005 0.516068 0.0716291 0.0851773 0.74198
2 0.296946 0.248673 0.0451257 0.0546093 0.730489
2 0.231974 0.287023 0.0400551 0.0583407 0.714642
62 0.492076 0.13113 0.117376 0.137955 0.677942
2 0.204728 0.104391 0.0387435 0.053806 0.591384
2 0.66401 0.396671 0.0694716 0.0591526 0.587055
9 0.289434 0.795519 0.0376497 0.0534824 0.528737
2 0.258369 0.254845 0.0467514 0.0613282 0.514866
9 0.156088 0.914615 0.00912676 0.0402941 0.420546
2 0.805821 0.332943 0.0468163 0.0539406 0.309074
0 0.119217 0.968601 0.0140502 0.0603268 0.292519
5 0.760135 0.260867 0.0918184 0.125747 0.272419
0 0.697153 0.618958 0.0135403 0.0662518 0.270832
0 0.107431 0.524827 0.0109596 0.0567462 0.261451
