5 0.0887877 0.571729 0.177044 0.185586 0.945571
5 0.717578 0.918741 0.263156 0.157972 0.930444
5 0.240873 0.215835 0.0849761 0.142776 0.891666
2 0.619368 0.466962 0.0687818 0.0713611 0.847663
2 0.566712 0.536506 0.0892837 0.0797775 0.828614
2 0.446979 0.507582 0.0782445 0.0645612 0.813766
2 0.182272 0.640321 0.0884999 0.0901432 0.812909
2 0.713196 0.33764 0.0752022 0.0551559 0.764149
2 0.797189 0.384377 0.0615648 0.062581 0.759602
2 0.197149 0.12177 0.0427805 0.0620361 0.635763
5 0.87191 0.953333 0.144361 0.0904402 0.593028
2 0.154757 0.12747 0.033727 0.0443468 0.574201
2 0.775032 0.43446 0.054579 0.0650298 0.548428
2 0.308523 0.241697 0.0456106 0.0559801 0.545368
2 0.16206 0.0838581 0.0364427 0.0636241 0.543865
2 0.126005 0.0819069 0.0343519 0.0471885 0.521068
5 0.535608 0.28824 0.134113 0.0826466 0.504444
62 0.491604 0.130431 0.118367 0.142145 0.466224
2 0.0763622 0.746422 0.0271354 0.0598172 0.389038
1 0.261387 0.698779 0.0348381 0.0484266 0.370472
2 0.414285 0.967262 0.0576624 0.0636312 0.336607
2 0.0899091 0.0378596 0.0361575 0.0547099 0.310138
2 0.767466 0.435892 0.0702671 0.0723158 0.278233
2 0.211041 0.283025 0.0175519 0.0435803 0.271439
0 0.661062 0.617993 0.016787 0.0587158 0.268468
3 0.261295 0.697231 0.0351922 0.0520052 0.261911
