5 0.159151 0.620314 0.183217 0.171727 0.93033
2 0.347489 0.612476 0.0852048 0.0896502 0.878578
2 0.629069 0.563374 0.0644575 0.0902849 0.873912
2 0.62068 0.477058 0.0620952 0.0705317 0.870005
2 0.590007 0.660582 0.0571154 0.116719 0.820065
2 0.232773 0.227144 0.0411374 0.0549351 0.787573
2 0.0630207 0.617373 0.0628654 0.0773497 0.785851
5 0.169876 0.121835 0.0802827 0.143714 0.683491
5 0.524017 0.288349 0.105339 0.0802818 0.64151
0 0.269193 0.729398 0.0153357 0.0569129 0.544784
2 0.102852 0.214599 0.0347922 0.0485984 0.489807
2 0.121138 0.0933196 0.024839 0.0458984 0.429713
0 0.113841 0.967731 0.0162354 0.0629878 0.378378
0 0.694842 0.871337 0.0129047 0.064288 0.359653
