2 0.167958 0.693043 0.0944286 0.0886324 0.869288
2 0.187372 0.159615 0.0316244 0.0595476 0.763967
62 0.491328 0.140775 0.116885 0.131813 0.721971
2 0.307595 0.255352 0.0392489 0.067816 0.68725
7 0.245068 0.215209 0.088368 0.162484 0.590127
2 0.116549 0.23049 0.0373365 0.051801 0.569236
5 0.0227616 0.12069 0.044947 0.236985 0.50024
7 0.205271 0.479385 0.127833 0.183998 0.498554
2 0.140537 0.100372 0.0338403 0.0590185 0.48208
5 0.245241 0.214622 0.0885138 0.163478 0.418924
9 0.287571 0.794692 0.0370756 0.0531782 0.401852
2 0.290112 0.206312 0.0242169 0.0363087 0.331715
2 0.142357 0.273172 0.0375455 0.0592452 0.32878
9 0.736086 0.613564 0.0144592 0.0401087 0.295926
