2 0.298566 0.68714 0.0380375 0.0773716 0.784893
2 0.179734 0.252924 0.0378781 0.0520549 0.783909
2 0.827356 0.405811 0.0592765 0.0630649 0.671214
0 0.0897358 0.528291 0.0110286 0.0500195 0.494956
5 0.110549 0.119866 0.0306787 0.0548831 0.481381
2 0.112593 0.229841 0.0377384 0.0504005 0.477818
62 0.491485 0.127985 0.119063 0.138556 0.463205
0 0.149869 0.451162 0.0190388 0.0733604 0.347775
5 0.526185 0.333932 0.113065 0.120922 0.341606
5 0.762682 0.262096 0.117439 0.13343 0.334229
0 0.772556 0.732715 0.0134001 0.058391 0.333959
9 0.0350121 0.206658 0.0134437 0.0296272 0.313411
0 0.404651 0.302463 0.0127069 0.0508825 0.302777
