5 0.74839 0.82116 0.189567 0.298446 0.942843
5 0.0980216 0.0436236 0.0698871 0.0872473 0.867015
2 0.424758 0.44533 0.0563705 0.0800995 0.8525
2 0.54192 0.598227 0.0692611 0.0916263 0.799595
2 0.240017 0.230284 0.0400253 0.0581926 0.761305
2 0.334153 0.351685 0.0467371 0.0754853 0.709022
2 0.243411 0.525094 0.0362092 0.0683706 0.701344
2 0.163095 0.138517 0.0522278 0.0659582 0.6007
9 0.286448 0.798374 0.0340553 0.0510111 0.558395
2 0.786016 0.382163 0.0343609 0.0646788 0.534202
2 0.836964 0.403016 0.0343109 0.0406935 0.496301
62 0.492102 0.135244 0.118368 0.145531 0.495622
7 0.252189 0.885325 0.0488647 0.106662 0.431397
2 0.252255 0.885214 0.0490117 0.106565 0.370163
2 0.823887 0.285042 0.0294798 0.050233 0.335222
9 0.1552 0.914568 0.0080364 0.039849 0.326015
9 0.177387 0.2851 0.0159024 0.0401956 0.316432
5 0.769572 0.2588 0.108048 0.122357 0.300793
