5 0.601305 0.907504 0.24915 0.180155 0.883967
2 0.25436 0.242977 0.0449457 0.0680905 0.847315
2 0.304634 0.253195 0.0449259 0.0644244 0.825781
5 0.174856 0.192345 0.0803007 0.131811 0.809781
5 0.13633 0.0789334 0.0726438 0.109438 0.748762
5 0.0228538 0.12671 0.0452297 0.248644 0.713431
2 0.69025 0.389215 0.0607343 0.0627207 0.687754
5 0.0824047 0.0328632 0.063078 0.0657263 0.645662
2 0.813226 0.293147 0.0476612 0.0582006 0.614225
2 0.280981 0.965629 0.0848025 0.0675281 0.572263
62 0.49221 0.133229 0.117651 0.13006 0.558573
2 0.123818 0.143161 0.036056 0.0553861 0.505775
0 0.0177777 0.567444 0.0170932 0.0655407 0.377091
2 0.065807 0.0678262 0.0370211 0.0487632 0.364166
5 0.540404 0.290082 0.131754 0.0797818 0.319936
7 0.174522 0.192419 0.081112 0.131863 0.316576
2 0.150698 0.269872 0.047508 0.0579504 0.302137
5 0.55215 0.905025 0.342562 0.177341 0.296624
2 0.21914 0.20851 0.0211584 0.0341904 0.288368
0 0.13501 0.492884 0.0129431 0.0592055 0.252552
