2 0.202962 0.708819 0.0929615 0.104105 0.819223
2 0.610472 0.472323 0.0705588 0.0816608 0.790809
2 0.192274 0.285773 0.0414572 0.0663194 0.744339
2 0.459075 0.485975 0.0749014 0.069802 0.736104
2 0.41981 0.61457 0.0825054 0.0961548 0.717552
2 0.208777 0.185848 0.0394043 0.0608597 0.694168
2 0.261827 0.264929 0.043759 0.0544774 0.670104
62 0.49185 0.132164 0.119142 0.143654 0.654932
2 0.797219 0.380603 0.0431403 0.0688251 0.550878
9 0.142226 0.25171 0.0138312 0.0505282 0.411159
0 0.102184 0.510629 0.0108747 0.0563805 0.368298
2 0.66803 0.389477 0.06206 0.0634079 0.302487
2 0.29994 0.236363 0.042621 0.0701043 0.291567
