2 0.226642 0.692415 0.0932683 0.102306 0.873189
5 0.127976 0.0714123 0.0734948 0.119605 0.822447
2 0.19402 0.170708 0.038935 0.0655919 0.766951
2 0.234315 0.165619 0.0418121 0.0604508 0.734847
2 0.732165 0.405196 0.0627358 0.0746951 0.720607
2 0.276157 0.213294 0.0382502 0.0651646 0.715247
2 0.819033 0.318908 0.0371536 0.0552714 0.677896
2 0.172571 0.130184 0.0311275 0.0606803 0.528174
0 0.0153081 0.55625 0.0154809 0.0703294 0.366376
2 0.520918 0.525526 0.121894 0.169954 0.358407
2 0.798678 0.407421 0.0823303 0.0922662 0.341615
2 0.535677 0.490402 0.091985 0.0992202 0.333762
62 0.491677 0.129671 0.118671 0.139034 0.279222
5 0.532541 0.293713 0.127026 0.0896118 0.269225
