5 0.2907 0.555304 0.199112 0.177356 0.932518
2 0.148717 0.699188 0.0924518 0.103379 0.872831
2 0.176705 0.160859 0.0375268 0.0554381 0.759844
2 0.325453 0.255283 0.0487524 0.0676369 0.736091
2 0.220928 0.203743 0.0402915 0.0630973 0.711025
2 0.489636 0.453995 0.0852943 0.0876287 0.695163
62 0.492442 0.134326 0.117102 0.147965 0.65978
7 0.268639 0.178438 0.0456622 0.0711809 0.516528
2 0.114594 0.152786 0.0337602 0.0517492 0.49755
2 0.146949 0.11854 0.0304063 0.0308164 0.444213
2 0.172548 0.584963 0.0484987 0.0736007 0.443052
5 0.770758 0.261679 0.114289 0.128018 0.384128
9 0.155629 0.914452 0.00973845 0.04132 0.374165
2 0.252206 0.380057 0.0292312 0.055916 0.367906
