5 0.722146 0.311211 0.162957 0.138911 0.921175
5 0.751155 0.929743 0.269633 0.135925 0.912256
2 0.223518 0.667956 0.0994177 0.105757 0.898207
2 0.381855 0.583941 0.0925467 0.109368 0.886058
5 0.14613 0.548428 0.180924 0.196776 0.83506
2 0.195414 0.268197 0.0413243 0.0511228 0.821719
2 0.588973 0.419649 0.0769618 0.0601889 0.821694
2 0.656435 0.722194 0.0591074 0.107185 0.818804
2 0.752847 0.813486 0.0891647 0.123703 0.728068
5 0.242165 0.21249 0.083158 0.152326 0.702114
2 0.169516 0.209416 0.0422356 0.0703821 0.700989
2 0.315062 0.263431 0.0312844 0.0457252 0.624022
62 0.491674 0.129425 0.118664 0.139339 0.568666
2 0.186402 0.166269 0.0329956 0.0594887 0.549898
0 0.139855 0.97256 0.0215334 0.0522051 0.541039
5 0.234731 0.134894 0.0773954 0.10092 0.536387
0 0.165158 0.977265 0.0193366 0.0445553 0.492661
5 0.152503 0.106205 0.0548952 0.101977 0.428189
2 0.81226 0.290825 0.0444679 0.0621928 0.340424
2 0.13882 0.175699 0.0388058 0.05262 0.334251
5 0.539666 0.292333 0.129352 0.0861603 0.319009
2 0.0728495 0.0222612 0.0351075 0.041653 0.298569
0 0.365264 0.946373 0.0331281 0.0972582 0.272071
2 0.286717 0.228207 0.0255197 0.0485387 0.267821
0 0.743901 0.704912 0.0115916 0.0562881 0.259008
