2 0.206661 0.190607 0.0381218 0.0597307 0.721166
2 0.238469 0.231132 0.0354889 0.0637172 0.698786
2 0.01899 0.606037 0.0378057 0.0613426 0.651668
9 0.155576 0.912097 0.00926454 0.0409181 0.614444
2 0.797998 0.842696 0.0864598 0.121323 0.613165
0 0.268983 0.360142 0.017791 0.0571486 0.549633
0 0.713911 0.709186 0.0135802 0.0576096 0.521927
0 0.256117 0.366492 0.0122697 0.0502048 0.508711
0 0.365436 0.94542 0.0325659 0.0965478 0.498467
0 0.683178 0.704842 0.0167843 0.0561596 0.47428
5 0.771331 0.266208 0.106746 0.110234 0.422777
2 0.748433 0.400504 0.0629311 0.0681291 0.39499
9 0.734789 0.608856 0.0138527 0.0410539 0.379383
0 0.230695 0.372824 0.0151289 0.0576391 0.362155
9 0.288805 0.794796 0.0374809 0.0517341 0.353656
0 0.06695 0.493224 0.0173695 0.0674568 0.338391
0 0.0189353 0.521878 0.0180649 0.05809 0.336513
2 0.312998 0.251212 0.0433931 0.0695268 0.333305
62 0.492362 0.126095 0.117916 0.134368 0.326608
9 0.584177 0.295463 0.0171919 0.0640127 0.311219
0 0.857341 0.557274 0.01287 0.0575955 0.304015
0 0.665562 0.547475 0.00975304 0.051835 0.286157
9 0.624505 0.24921 0.0224534 0.0778524 0.264511
