5 0.606196 0.894516 0.264912 0.205327 0.927149
2 0.239456 0.657941 0.0905257 0.0875292 0.872837
5 0.252173 0.232605 0.0588012 0.108022 0.847504
2 0.217382 0.485578 0.0561555 0.0766366 0.83749
5 0.168144 0.0583363 0.0677918 0.116673 0.799177
5 0.845276 0.938139 0.225958 0.119056 0.692617
2 0.192235 0.171513 0.0380908 0.0619317 0.675209
2 0.124331 0.153878 0.0357797 0.0485444 0.656249
62 0.492498 0.12904 0.117146 0.137178 0.637249
2 0.149204 0.121554 0.0456758 0.0636876 0.61896
2 0.221307 0.14018 0.0427464 0.0675682 0.534532
2 0.808608 0.871113 0.0965033 0.11673 0.471449
2 0.295803 0.232012 0.0504899 0.0864216 0.442883
5 0.522741 0.288816 0.104899 0.0794943 0.434533
5 0.0219007 0.121883 0.0432053 0.241485 0.359705
5 0.0568123 0.407553 0.113625 0.16433 0.345106
5 0.296073 0.231516 0.0507977 0.0849501 0.338875
