2 0.262325 0.253769 0.0482634 0.0671993 0.819999
2 0.184793 0.329331 0.0384639 0.0672992 0.729079
2 0.0328767 0.595978 0.0657535 0.0770001 0.673615
9 0.625946 0.250154 0.0251926 0.0828884 0.541435
9 0.289014 0.797738 0.0357015 0.0458318 0.514128
9 0.117174 0.267943 0.0144545 0.0333523 0.428551
9 0.155931 0.912627 0.00972369 0.0414059 0.41547
62 0.492066 0.12788 0.117762 0.135348 0.396139
9 0.735374 0.611414 0.01234 0.0395931 0.359367
9 0.144951 0.250527 0.0194914 0.0517261 0.338013
9 0.582862 0.282994 0.0177092 0.0525627 0.268495
0 0.72703 0.656057 0.0149643 0.0554339 0.266462
9 0.385244 0.224562 0.0112535 0.0397319 0.253662
