5 0.315298 0.306959 0.0978848 0.151654 0.863848
2 0.625238 0.682059 0.0713747 0.107179 0.81891
2 0.161244 0.90679 0.0907369 0.0987781 0.815927
2 0.173672 0.139341 0.0433578 0.0645996 0.795741
2 0.376068 0.316794 0.0469679 0.0741248 0.771786
2 0.865095 0.969155 0.0774527 0.0597026 0.758393
2 0.804903 0.296156 0.0460869 0.0518823 0.575438
0 0.711943 0.885329 0.0156572 0.0688343 0.547961
2 0.285152 0.960432 0.0408819 0.0767544 0.465358
0 0.365302 0.945577 0.0332273 0.0951836 0.373425
62 0.485551 0.149707 0.132271 0.181794 0.334897
5 0.53688 0.290618 0.132939 0.084225 0.314295
