2 0.258518 0.256537 0.0421974 0.0653102 0.79488
2 0.772154 0.818219 0.0795742 0.123727 0.755473
62 0.491947 0.13084 0.118929 0.147951 0.754617
2 0.306898 0.255293 0.0459852 0.065846 0.752216
2 0.2277 0.218205 0.0388412 0.0518707 0.680815
2 0.0328517 0.595457 0.0657034 0.0811691 0.652472
0 0.159801 0.507278 0.0170344 0.0561978 0.581309
9 0.736244 0.613357 0.0106159 0.0383057 0.436398
9 0.142209 0.251074 0.0129629 0.0518489 0.408358
0 0.344593 0.539626 0.0144408 0.0689545 0.330841
9 0.582264 0.258581 0.0168954 0.0869063 0.265022
5 0.771743 0.266785 0.116151 0.119376 0.257278
