5 0.196294 0.158186 0.0800543 0.131374 0.854459
2 0.139214 0.578846 0.0838758 0.0823417 0.843579
2 0.267963 0.462669 0.0475947 0.0630196 0.827076
2 0.0517123 0.646634 0.0884121 0.0691714 0.821913
2 0.459842 0.55046 0.06972 0.0765554 0.820717
2 0.246258 0.245415 0.044232 0.0576808 0.811667
2 0.677565 0.761451 0.0660849 0.118127 0.799801
2 0.645727 0.454134 0.062921 0.0620461 0.798109
5 0.12763 0.0746372 0.0747284 0.114469 0.71239
2 0.301036 0.239441 0.0385881 0.0599977 0.698167
2 0.71182 0.335143 0.0789504 0.0557176 0.687263
2 0.667349 0.5112 0.0714448 0.10096 0.661396
7 0.794848 0.36162 0.0797914 0.103291 0.541398
5 0.197731 0.69624 0.100658 0.117108 0.42928
62 0.492075 0.128547 0.117651 0.137247 0.377779
5 0.0222776 0.123273 0.0439388 0.241775 0.32072
0 0.733793 0.746388 0.0133111 0.0520148 0.295512
0 0.494365 0.363213 0.0119871 0.0503586 0.285337
9 0.155292 0.914576 0.00905108 0.0426053 0.283874
2 0.197795 0.695766 0.101149 0.118382 0.270256
2 0.24751 0.174894 0.0326861 0.0540137 0.262599
