5 0.779279 0.369678 0.0940889 0.120363 0.879798
2 0.299783 0.6305 0.0851359 0.0877073 0.86572
2 0.608213 0.562823 0.059545 0.0951781 0.85254
2 0.490604 0.485196 0.0665335 0.0627363 0.817452
2 0.243856 0.497942 0.0747278 0.0808487 0.812883
5 0.209004 0.133689 0.0779123 0.129951 0.75234
2 0.818559 0.408194 0.0580665 0.0692583 0.682718
2 0.154929 0.126396 0.039708 0.0528464 0.664985
5 0.0223999 0.124675 0.0440406 0.244745 0.65665
2 0.589073 0.469364 0.0761232 0.091128 0.647182
2 0.121113 0.0844704 0.0376164 0.0474302 0.613706
2 0.214832 0.202271 0.0347967 0.0515443 0.581426
62 0.491167 0.1291 0.119063 0.137 0.488802
2 0.317605 0.240284 0.0451904 0.0759718 0.479577
2 0.107166 0.20864 0.0376572 0.0713314 0.405737
2 0.0804295 0.0290199 0.0375992 0.0552513 0.393239
5 0.165018 0.0576877 0.0578648 0.0999914 0.380919
5 0.317692 0.240109 0.0448065 0.0762018 0.280734
0 0.907877 0.910509 0.0208132 0.0652149 0.254895
