2 0.283179 0.291467 0.0436234 0.0634354 0.833498
2 0.676836 0.764872 0.0750269 0.120713 0.829715
2 0.811397 0.374732 0.0505972 0.058371 0.776402
2 0.208726 0.162893 0.0442513 0.0553699 0.74881
2 0.296337 0.246426 0.0443201 0.0478574 0.711937
2 0.157617 0.193955 0.0393 0.0552444 0.706841
5 0.172463 0.0991056 0.0595389 0.115576 0.699592
2 0.819688 0.942796 0.0936117 0.112469 0.591206
62 0.492439 0.131513 0.117901 0.13662 0.475628
2 0.261182 0.204942 0.0464966 0.0575191 0.451045
2 0.102766 0.1288 0.0242558 0.0389166 0.440576
6 0.899315 0.0461394 0.20007 0.0912219 0.429987
2 0.822436 0.288791 0.0283243 0.0439475 0.428143
2 0.26234 0.953743 0.088922 0.0916251 0.390889
5 0.524661 0.292059 0.108006 0.0863441 0.374299
2 0.112369 0.230793 0.0365067 0.0474617 0.372902
7 0.239747 0.134732 0.0462184 0.0732102 0.33873
