2 0.534449 0.510976 0.0719522 0.0857046 0.844451
2 0.0895606 0.785002 0.0608983 0.0865891 0.841265
5 0.162997 0.11571 0.0744968 0.122997 0.840707
2 0.203577 0.523628 0.0629949 0.0693147 0.831632
2 0.25988 0.258268 0.0418476 0.0654029 0.807573
2 0.316184 0.245716 0.0433384 0.0603334 0.772065
2 0.328992 0.567075 0.0792503 0.0784202 0.770448
2 0.220388 0.202896 0.0406552 0.0584078 0.764111
2 0.670338 0.405585 0.0673786 0.0591779 0.751858
2 0.27181 0.205748 0.0452687 0.0567848 0.697677
2 0.727821 0.410035 0.0605165 0.0688124 0.690356
62 0.492173 0.129773 0.117158 0.131137 0.501431
0 0.70633 0.824553 0.0152168 0.0677256 0.462524
2 0.111595 0.0616739 0.0322017 0.0605677 0.447544
5 0.542875 0.290903 0.139311 0.086181 0.386044
0 0.479753 0.42849 0.0164177 0.0472182 0.280518
