5 0.534015 0.362934 0.168473 0.137903 0.893814
5 0.160356 0.167401 0.0816251 0.130052 0.862499
2 0.292935 0.239225 0.0437128 0.0520071 0.747569
2 0.805697 0.379791 0.0600252 0.0658878 0.692264
62 0.492 0.137122 0.118081 0.140845 0.68967
2 0.291527 0.630028 0.0373414 0.0819182 0.502214
5 0.763633 0.263653 0.0990524 0.132245 0.425444
9 0.155946 0.914259 0.00984173 0.0410472 0.41328
7 0.248842 0.935301 0.0988769 0.128262 0.408533
9 0.286944 0.797927 0.0333847 0.0551302 0.403942
5 0.0220784 0.123511 0.0436318 0.240934 0.370799
9 0.843283 0.224018 0.0105663 0.0329475 0.349656
2 0.824513 0.428842 0.067363 0.0706659 0.324819
2 0.235538 0.326142 0.0387458 0.0689711 0.286349
3 0.235115 0.325795 0.0393108 0.0697867 0.281759
9 0.121822 0.378878 0.0108159 0.0395596 0.26078
0 0.700869 0.867006 0.0150455 0.0703142 0.25697
