2 0.242535 0.226882 0.0475139 0.0759585 0.793812
2 0.106637 0.0592173 0.0347644 0.0598371 0.626188
2 0.804014 0.377482 0.0596397 0.0648031 0.625913
2 0.83469 0.409286 0.0535458 0.0683029 0.623144
5 0.769991 0.25871 0.106867 0.12985 0.563225
0 0.393769 0.847095 0.0182035 0.0634979 0.491558
0 0.145784 0.586477 0.0204258 0.0677205 0.468284
9 0.288285 0.793064 0.0337152 0.0503089 0.459375
0 0.559822 0.684327 0.0182293 0.0586411 0.424359
0 0.479229 0.845691 0.0150896 0.0564716 0.394485
0 0.1554 0.393395 0.0149178 0.0512595 0.362708
5 0.0223023 0.119631 0.0438194 0.235403 0.348803
0 0.751944 0.74046 0.0128876 0.0682804 0.301661
0 0.406226 0.823598 0.0133602 0.0591322 0.282433
9 0.142676 0.250096 0.0135045 0.046999 0.274234
0 0.990199 0.539714 0.0120672 0.0594199 0.26331
0 0.11276 0.616091 0.0152281 0.0594864 0.262031
0 0.803683 0.640373 0.0148129 0.0557894 0.258274
