2 0.18658 0.104704 0.0384791 0.0488664 0.810722
2 0.804807 0.379466 0.0601263 0.0587161 0.744143
0 0.366338 0.753286 0.0173623 0.0670234 0.576446
9 0.0353328 0.199229 0.0142654 0.0346328 0.414253
0 0.748935 0.638255 0.0183928 0.0598806 0.410015
0 0.178395 0.416324 0.010611 0.0470207 0.397286
0 0.881752 0.705249 0.0190477 0.0681078 0.381184
0 0.551728 0.675723 0.0158411 0.059794 0.374396
0 0.270201 0.873284 0.015308 0.0653937 0.339784
0 0.258139 0.613995 0.013836 0.0582304 0.311889
2 0.848482 0.404922 0.0315811 0.0391829 0.294515
62 0.49211 0.126054 0.117712 0.13655 0.290031
0 0.365771 0.944169 0.0332558 0.100052 0.266926
0 0.689012 0.596629 0.0136205 0.0566664 0.254336
