2 0.260134 0.247398 0.0446927 0.0671856 0.778009
0 0.570404 0.769414 0.0140014 0.0694053 0.686807
2 0.841457 0.441179 0.0683853 0.0634025 0.606062
0 0.292169 0.381906 0.0136134 0.0603446 0.601672
0 0.132347 0.477077 0.0211365 0.054647 0.558492
2 0.804619 0.376224 0.0518612 0.0645554 0.525525
9 0.288925 0.793018 0.0343408 0.0502482 0.496396
5 0.0223402 0.121624 0.0442007 0.237472 0.450675
9 0.155718 0.912357 0.00899072 0.0418467 0.430123
2 0.802196 0.290408 0.0639985 0.0671293 0.428587
0 0.0318338 0.535541 0.0121454 0.0473738 0.426858
5 0.802042 0.290234 0.0640862 0.0669734 0.415301
0 0.895455 0.677343 0.0156269 0.0610604 0.390218
0 0.604602 0.782643 0.0174932 0.057834 0.38721
0 0.354919 0.556182 0.0120191 0.0496416 0.342646
0 0.787995 0.735118 0.0172629 0.0578644 0.331724
9 0.379576 0.142918 0.0170045 0.0632958 0.33085
0 0.718472 0.765976 0.0143734 0.0686591 0.306281
0 0.948943 0.668177 0.0183453 0.0579955 0.281092
0 0.165981 0.372673 0.0139756 0.0488814 0.273183
0 0.918834 0.639526 0.0154743 0.0537175 0.258269
9 0.571345 0.226702 0.0128849 0.0446579 0.251024
