2 0.260537 0.25738 0.043113 0.0674594 0.670522
2 0.185173 0.163475 0.0413278 0.0669699 0.643374
2 0.223442 0.209849 0.0435246 0.0670271 0.616411
62 0.492029 0.138572 0.118729 0.145965 0.57762
2 0.283946 0.198435 0.0399839 0.0478611 0.563901
2 0.301582 0.253903 0.0517531 0.0638007 0.549709
7 0.150796 0.0964195 0.0342003 0.12057 0.487326
2 0.802487 0.382182 0.0653465 0.0683683 0.397597
0 0.559331 0.384381 0.0118682 0.0467107 0.379287
9 0.420241 0.471769 0.0123404 0.0463515 0.365151
0 0.216752 0.362611 0.0119527 0.0542637 0.324578
5 0.150997 0.0967239 0.0347288 0.122074 0.32222
7 0.248814 0.15487 0.0473157 0.0694356 0.303163
0 0.4071 0.617186 0.0112356 0.0522263 0.275025
