2 0.248768 0.365892 0.0383277 0.0613599 0.765933
2 0.111329 0.879712 0.068854 0.0923157 0.745015
2 0.183523 0.330161 0.0392212 0.0667852 0.739378
0 0.732328 0.68793 0.013553 0.0556922 0.700882
2 0.0331833 0.59559 0.0663666 0.0795235 0.673837
0 0.105793 0.494698 0.0154937 0.0695193 0.611034
9 0.14261 0.250682 0.0138943 0.0537464 0.563227
0 0.429108 0.313664 0.0132437 0.0522576 0.495232
0 0.93397 0.621148 0.0154102 0.0556836 0.493897
2 0.118969 0.149695 0.0371373 0.0534408 0.493381
9 0.735023 0.614734 0.0130835 0.0470546 0.47158
9 0.117232 0.268289 0.0143312 0.0335724 0.451507
9 0.62553 0.252454 0.0231709 0.0783789 0.404897
62 0.491839 0.129212 0.117622 0.14005 0.404146
9 0.286791 0.799435 0.0349944 0.0544825 0.396316
0 0.0662436 0.307362 0.00994799 0.0408037 0.351446
5 0.0648561 0.403465 0.129712 0.183172 0.340992
9 0.583817 0.287053 0.0153957 0.0357487 0.323362
0 0.806701 0.548213 0.011375 0.0540074 0.286408
