2 0.252865 0.244382 0.0405708 0.065337 0.82619
2 0.0320397 0.618002 0.0636145 0.0683213 0.820833
2 0.200201 0.176869 0.0382526 0.0619394 0.760679
0 0.36492 0.943311 0.0324077 0.0958659 0.49518
0 0.419538 0.347359 0.0128969 0.0483144 0.426679
0 0.120313 0.491125 0.00997596 0.0479206 0.403397
5 0.0630641 0.405192 0.125938 0.177686 0.386367
9 0.155289 0.91369 0.00880535 0.0395094 0.381346
5 0.532035 0.285184 0.119273 0.0754394 0.350578
0 0.69232 0.865971 0.011622 0.0623856 0.341971
0 0.166674 0.412162 0.0105175 0.039901 0.33144
0 0.827466 0.717932 0.0130024 0.0597283 0.32873
0 0.831479 0.558773 0.0126846 0.0507787 0.304487
0 0.788509 0.750577 0.0122334 0.0587073 0.300035
0 0.758796 0.687983 0.0135426 0.0531556 0.292904
0 0.79306 0.601657 0.0134392 0.0580529 0.252339
