5 0.627636 0.894125 0.263712 0.20624 0.918691
5 0.821161 0.937404 0.180824 0.121711 0.844523
5 0.191524 0.114286 0.0678553 0.120809 0.774315
2 0.252387 0.25705 0.0419982 0.0603064 0.743315
2 0.308031 0.27143 0.047562 0.0615268 0.708161
2 0.26796 0.211613 0.0382671 0.0652503 0.611768
7 0.241578 0.155721 0.04607 0.0888342 0.385676
2 0.127103 0.0850784 0.0323768 0.0503833 0.344543
62 0.489829 0.13238 0.122817 0.139269 0.33444
2 0.179924 0.333587 0.0402351 0.0526669 0.295464
5 0.241376 0.157709 0.0455956 0.0902323 0.276905
