5 0.326495 0.540061 0.194881 0.173145 0.915692
2 0.355486 0.624811 0.0833084 0.0802636 0.841323
2 0.78819 0.835022 0.092371 0.122638 0.799467
2 0.617371 0.405384 0.0764937 0.0546548 0.788241
2 0.317338 0.252073 0.0400943 0.0636111 0.761598
2 0.264575 0.254708 0.0391264 0.0697912 0.727294
2 0.697536 0.347572 0.0678457 0.0555167 0.66002
2 0.421147 0.476121 0.0830116 0.0726929 0.65493
9 0.221629 0.442065 0.023559 0.0534563 0.603787
2 0.227802 0.217725 0.039852 0.0717804 0.599172
2 0.193428 0.166031 0.0354657 0.0633626 0.579461
2 0.182849 0.33011 0.0370624 0.0512632 0.503255
5 0.767387 0.259227 0.109046 0.130798 0.503124
2 0.244094 0.175697 0.0368615 0.0517589 0.458757
2 0.158556 0.121608 0.0396441 0.0699671 0.423198
0 0.328918 0.457856 0.0143898 0.046293 0.368897
9 0.155468 0.915309 0.00923622 0.0410504 0.339893
2 0.101032 0.0432327 0.041485 0.0680479 0.309424
0 0.707316 0.685673 0.0160325 0.0534 0.281446
0 0.372573 0.444353 0.0161763 0.0408614 0.266469
5 0.526799 0.294991 0.113884 0.0924969 0.264018
9 0.583847 0.285478 0.00856686 0.0253486 0.251776
