2 0.114159 0.763219 0.0857548 0.0995365 0.879872
2 0.483251 0.530571 0.0752496 0.0872481 0.841887
2 0.265141 0.635387 0.0891863 0.0959123 0.818219
2 0.229272 0.613825 0.0927273 0.0787214 0.811786
2 0.803579 0.377156 0.0590694 0.062815 0.783589
5 0.229576 0.196101 0.0851749 0.15055 0.712458
2 0.121922 0.0722073 0.0386536 0.0616836 0.572632
2 0.154371 0.20349 0.0399989 0.0491445 0.513916
62 0.490919 0.128638 0.119493 0.137109 0.505248
2 0.114648 0.145609 0.0360372 0.048057 0.501986
3 0.134147 0.584696 0.0407011 0.0493611 0.447974
2 0.239142 0.129842 0.0460395 0.0610786 0.396657
5 0.23921 0.131061 0.0474717 0.0643893 0.38984
2 0.275447 0.193848 0.0244649 0.0343872 0.377353
3 0.213953 0.507761 0.0302808 0.0451597 0.3295
0 0.688689 0.873825 0.0140408 0.061781 0.285918
