5 0.262496 0.242761 0.0892312 0.138621 0.848125
2 0.331369 0.354896 0.0466611 0.0656705 0.745211
0 0.169344 0.420945 0.0166832 0.0519951 0.561868
0 0.831176 0.681675 0.0116434 0.0475052 0.49995
0 0.692915 0.865288 0.016326 0.0643338 0.476411
0 0.119315 0.482351 0.0129421 0.0524853 0.470544
0 0.107208 0.502819 0.0114499 0.0531694 0.465068
0 0.0324781 0.502852 0.0154389 0.0633293 0.45947
0 0.948827 0.669873 0.0159718 0.0655387 0.445949
0 0.773139 0.615444 0.0158257 0.0605951 0.402218
7 0.820207 0.385786 0.040741 0.0872336 0.376011
0 0.432855 0.305379 0.00901384 0.0419369 0.346162
0 0.365192 0.944398 0.0335207 0.0964688 0.326954
9 0.0347188 0.202735 0.0136675 0.0333621 0.319523
0 0.798308 0.614409 0.0137777 0.0402049 0.300665
0 0.443238 0.320187 0.00866156 0.046965 0.299613
0 0.858294 0.584895 0.0160097 0.0512375 0.296267
0 0.808201 0.741415 0.0134548 0.0687948 0.277459
0 0.978491 0.592737 0.0121 0.0585575 0.265236
0 0.803184 0.670831 0.0120346 0.0660812 0.263305
0 0.771399 0.677719 0.01229 0.057255 0.259495
