2 0.12472 0.0750793 0.0339843 0.0531288 0.798878
0 0.319716 0.472455 0.0132835 0.0553416 0.657194
0 0.466579 0.823322 0.021464 0.0776567 0.609617
9 0.034915 0.199503 0.015411 0.0371074 0.579827
0 0.388486 0.612601 0.0183134 0.0600942 0.459975
0 0.651285 0.861954 0.0134428 0.0745344 0.439442
0 0.439048 0.800671 0.0187525 0.0695635 0.42201
0 0.159141 0.436115 0.0113309 0.0548045 0.401767
0 0.558064 0.498485 0.0112024 0.0510357 0.366663
0 0.720988 0.717876 0.0131989 0.0576697 0.351162
5 0.761583 0.261778 0.119303 0.135007 0.34363
0 0.968725 0.624375 0.0175903 0.0570406 0.34003
0 0.298552 0.540657 0.0176537 0.0479962 0.284633
2 0.842498 0.424866 0.0328453 0.0493947 0.279458
0 0.885449 0.698874 0.0126656 0.0583042 0.271818
