5 0.27721 0.84546 0.0888971 0.301494 0.92917
5 0.313076 0.303405 0.0974187 0.156526 0.896954
5 0.292355 0.5422 0.0615052 0.209842 0.892464
5 0.554665 0.915026 0.20753 0.164717 0.870027
5 0.173746 0.120725 0.0768178 0.132886 0.868962
5 0.26823 0.365961 0.0680747 0.163049 0.795255
2 0.186585 0.230326 0.0388333 0.0560225 0.751762
2 0.549127 0.604293 0.0705447 0.115209 0.709205
2 0.809045 0.388424 0.0552509 0.0618554 0.705906
62 0.492188 0.132329 0.117538 0.145698 0.697591
2 0.763991 0.318422 0.0623529 0.0648814 0.548234
5 0.02044 0.125701 0.0405663 0.246961 0.509292
2 0.812894 0.290997 0.0478951 0.0576782 0.484898
5 0.768475 0.272423 0.104189 0.155762 0.479502
2 0.113348 0.129291 0.0316714 0.0539419 0.293441
5 0.471677 0.933936 0.172393 0.128509 0.293014
2 0.0778107 0.0248258 0.0382851 0.0482814 0.251586
