5 0.694658 0.750331 0.189166 0.272579 0.952545
5 0.248311 0.225683 0.0901176 0.142975 0.894341
2 0.464913 0.501166 0.0804773 0.0773382 0.859235
2 0.632205 0.533164 0.0633828 0.0885156 0.849055
2 0.665671 0.40968 0.0704355 0.0621124 0.773142
2 0.228677 0.323606 0.0340752 0.0525993 0.755148
5 0.0223293 0.124544 0.0441186 0.246122 0.68989
2 0.813486 0.293365 0.0466902 0.0540614 0.635492
5 0.287085 0.200758 0.0766234 0.137984 0.634341
2 0.193688 0.176566 0.0341783 0.0523317 0.631892
2 0.0986051 0.055678 0.035418 0.0480446 0.603645
0 0.146539 0.467807 0.0116551 0.0523673 0.511725
62 0.492542 0.12831 0.116775 0.136252 0.429214
2 0.202853 0.115872 0.0322734 0.0523146 0.413683
2 0.168688 0.137314 0.04379 0.0566702 0.392526
5 0.537803 0.289784 0.124618 0.0811707 0.337639
9 0.155333 0.915255 0.0081811 0.0404928 0.314183
0 0.132584 0.48638 0.0129368 0.0569736 0.308125
