2 0.856168 0.914589 0.11271 0.163068 0.852549
2 0.152531 0.645838 0.0874008 0.0835182 0.799141
2 0.168552 0.729095 0.0847317 0.0896179 0.797301
2 0.119826 0.144073 0.0386772 0.0510864 0.682066
2 0.681499 0.471005 0.0678083 0.079491 0.663605
2 0.16639 0.215294 0.0360927 0.0575322 0.610814
2 0.608501 0.425209 0.0573339 0.0703032 0.577593
2 0.214318 0.263227 0.0357151 0.0497735 0.529567
2 0.255896 0.261569 0.0426578 0.0651613 0.513518
2 0.269059 0.207573 0.0369926 0.0603324 0.511079
2 0.225241 0.212863 0.0439409 0.0601058 0.49278
0 0.363958 0.94559 0.0318738 0.095283 0.460951
9 0.288239 0.795051 0.0356731 0.0549471 0.460485
2 0.659952 0.356405 0.0546955 0.0603775 0.44088
62 0.492575 0.131926 0.117417 0.135288 0.440133
2 0.299815 0.256377 0.0413668 0.0666022 0.428959
0 0.0622344 0.299512 0.0126459 0.0477098 0.406532
2 0.104892 0.213868 0.0325024 0.0528385 0.394416
9 0.736745 0.613073 0.012006 0.0408123 0.392937
0 0.779507 0.606374 0.00995865 0.0548438 0.356962
5 0.0230941 0.122048 0.0454111 0.238866 0.278762
9 0.155662 0.914383 0.00904377 0.0418067 0.278361
9 0.584405 0.287172 0.0122101 0.0323585 0.261131
0 0.112894 0.974519 0.0133315 0.0501373 0.2534
