2 0.264529 0.259558 0.0435752 0.0661241 0.789645
2 0.22684 0.157381 0.042306 0.0512752 0.78312
2 0.794696 0.387299 0.0654459 0.068395 0.781996
7 0.826969 0.863218 0.111709 0.174451 0.710244
2 0.838477 0.441784 0.0660833 0.0648683 0.665667
5 0.810377 0.279662 0.0457043 0.0797691 0.635422
0 0.288483 0.697462 0.0165984 0.0607049 0.629957
0 0.229596 0.483753 0.0121038 0.0513253 0.618192
0 0.255076 0.717886 0.0134479 0.0605849 0.529097
0 0.309853 0.630193 0.0134796 0.0528532 0.520941
9 0.155584 0.913077 0.00898447 0.0414537 0.478003
0 0.713297 0.734858 0.0149135 0.0611938 0.429971
0 0.831833 0.629997 0.0138443 0.0539834 0.405603
9 0.287539 0.793664 0.0335939 0.0500383 0.405159
0 0.944508 0.879463 0.0129971 0.0627109 0.340357
0 0.0805673 0.437989 0.0142424 0.0498411 0.317426
0 0.479152 0.68555 0.0168705 0.0565214 0.305674
0 0.604829 0.360425 0.01039 0.049895 0.305403
0 0.554476 0.747631 0.0127736 0.0543213 0.304489
0 0.892818 0.626306 0.0117947 0.0553658 0.289806
9 0.646601 0.477407 0.0127899 0.0474753 0.278987
9 0.571191 0.228203 0.0116487 0.0424556 0.277703
9 0.0347986 0.202275 0.0140673 0.0377488 0.252124
