2 0.269966 0.262842 0.0436299 0.0692637 0.852349
2 0.35366 0.381373 0.0489 0.077042 0.8431
2 0.191145 0.164687 0.0395706 0.0573558 0.812633
2 0.470505 0.396583 0.0666315 0.0574009 0.7928
2 0.153245 0.11189 0.0390407 0.0610605 0.792464
2 0.1048 0.0546639 0.0350077 0.0595034 0.764916
2 0.829459 0.438499 0.0641558 0.067033 0.557961
2 0.681123 0.34852 0.0619754 0.0557503 0.553107
5 0.76898 0.260834 0.119168 0.131243 0.497054
0 0.493716 0.332492 0.0109251 0.0466377 0.330186
0 0.121721 0.505029 0.014322 0.057489 0.319454
0 0.4754 0.51762 0.0185484 0.0599245 0.307778
0 0.421294 0.294299 0.0125372 0.0449064 0.306029
9 0.0352191 0.205604 0.0128034 0.0346668 0.288304
