2 0.437671 0.546629 0.0914796 0.104304 0.870735
2 0.0482261 0.617004 0.0891321 0.0782228 0.86298
2 0.229016 0.429992 0.0433809 0.0648716 0.813548
2 0.254232 0.253198 0.0382905 0.0574335 0.790654
2 0.303 0.246505 0.042657 0.0573017 0.71117
2 0.263496 0.193782 0.0398725 0.0606728 0.609451
2 0.18127 0.156723 0.0345709 0.0533169 0.579727
2 0.120038 0.0783312 0.03448 0.0450424 0.569789
2 0.215298 0.199257 0.0404196 0.0542151 0.551161
62 0.491883 0.128894 0.116889 0.134867 0.534209
2 0.675592 0.35216 0.0736804 0.0615058 0.520424
2 0.102069 0.722165 0.0892037 0.119958 0.509584
2 0.150953 0.12178 0.0348768 0.050609 0.386715
9 0.15584 0.914678 0.00873415 0.0409422 0.337453
0 0.0659624 0.550054 0.010046 0.0493955 0.314488
0 0.178391 0.392648 0.0113943 0.0573562 0.303446
0 0.943426 0.874817 0.0140774 0.0636946 0.264257
5 0.534869 0.293485 0.131902 0.0917068 0.252727
