5 0.19903 0.164309 0.0768889 0.125006 0.835705
2 0.448966 0.516687 0.0793488 0.0697991 0.826222
2 0.253323 0.250916 0.0403612 0.0672579 0.786188
5 0.285894 0.210177 0.0910965 0.136693 0.741578
5 0.136668 0.0819613 0.0706979 0.108944 0.74043
2 0.809243 0.441723 0.0634394 0.0763763 0.566918
2 0.086504 0.0891349 0.0332789 0.0489705 0.530493
0 0.364846 0.943474 0.0332004 0.0970154 0.375205
0 0.00671823 0.535648 0.0129717 0.0513507 0.364333
0 0.0856094 0.505199 0.0163044 0.0646834 0.354392
0 0.128425 0.972295 0.0157887 0.0530353 0.347184
0 0.12932 0.479167 0.0129402 0.0496889 0.318589
2 0.145436 0.198269 0.0470742 0.0742803 0.289804
5 0.145307 0.198419 0.0474077 0.0741989 0.283458
7 0.812359 0.273843 0.0446657 0.0793261 0.271241
0 0.146779 0.444265 0.0155391 0.0822242 0.260435
