2 0.302949 0.242022 0.0447339 0.0688116 0.782747
2 0.791155 0.830454 0.0884091 0.129855 0.755255
2 0.205017 0.122679 0.0409024 0.0509441 0.704119
0 0.366515 0.813036 0.0202525 0.0708778 0.601014
2 0.180833 0.325044 0.0335122 0.0650258 0.567716
0 0.854298 0.566699 0.0126539 0.0586697 0.556922
9 0.155522 0.91219 0.00825596 0.041866 0.51066
0 0.346067 0.806044 0.0139834 0.063737 0.475673
9 0.821314 0.348242 0.0128309 0.034402 0.436962
9 0.289158 0.795067 0.0372879 0.0513523 0.434829
9 0.624234 0.24832 0.0196239 0.0767348 0.37916
9 0.571181 0.226044 0.0137857 0.0469314 0.332355
9 0.734865 0.614491 0.0156167 0.049274 0.312767
2 0.815845 0.421495 0.0280424 0.0394589 0.299939
0 0.0336751 0.526441 0.0136895 0.0558536 0.286937
0 0.794918 0.636875 0.0119099 0.0574204 0.280921
