2 0.306574 0.618994 0.0755525 0.0955388 0.836021
2 0.205896 0.504331 0.0605465 0.0653385 0.830596
2 0.62542 0.509351 0.0725601 0.0727039 0.817635
2 0.867099 0.966389 0.0860176 0.0648088 0.764063
2 0.758575 0.851198 0.0773562 0.126666 0.745714
2 0.693221 0.385686 0.0549253 0.0575432 0.695172
5 0.0215055 0.123682 0.0425358 0.240086 0.654668
2 0.15516 0.228316 0.0419832 0.0527152 0.62488
2 0.111887 0.127889 0.0262514 0.0425995 0.508046
7 0.145503 0.089571 0.0728922 0.129823 0.460842
9 0.288564 0.796989 0.0329459 0.0476471 0.425738
7 0.661347 0.71466 0.0767708 0.150201 0.379992
2 0.842937 0.416233 0.0521709 0.0475206 0.372132
5 0.0981445 0.0435523 0.0626555 0.0871045 0.351947
5 0.145519 0.0895849 0.0726323 0.129713 0.346979
2 0.29706 0.230347 0.0291163 0.0488277 0.313234
5 0.237582 0.212539 0.102175 0.152681 0.293559
7 0.235375 0.21291 0.105914 0.15303 0.28566
0 0.00586346 0.569399 0.0117269 0.0704144 0.274375
