0 0.516781 0.747337 0.0147463 0.0592021 0.560004
2 0.819122 0.282716 0.0377541 0.0531827 0.556645
0 0.284898 0.653451 0.0172832 0.0531559 0.546304
0 0.529926 0.751128 0.0123177 0.0627594 0.537802
0 0.70915 0.827971 0.0139334 0.0657969 0.532436
0 0.405118 0.806579 0.0150574 0.0723107 0.496305
0 0.788987 0.622596 0.0152636 0.053361 0.477706
0 0.527026 0.486293 0.0132662 0.0492718 0.437674
0 0.516328 0.834962 0.0194107 0.0668148 0.431409
9 0.0351696 0.199968 0.0149209 0.0366063 0.381792
0 0.287774 0.345359 0.0115711 0.0464752 0.284352
62 0.492026 0.126635 0.118028 0.139561 0.280999
0 0.561849 0.473347 0.0178989 0.0505606 0.278356
0 0.628408 0.313463 0.00913086 0.0443094 0.251908
9 0.572102 0.227661 0.0148487 0.0451366 0.25136
