5 0.456288 0.373595 0.141818 0.14965 0.941149
5 0.541875 0.921434 0.177743 0.153996 0.865651
5 0.239288 0.307426 0.074744 0.148054 0.839911
2 0.20429 0.17792 0.0432079 0.071963 0.752864
2 0.438838 0.471516 0.0579102 0.0872367 0.707159
2 0.726826 0.832333 0.0936235 0.114492 0.706613
5 0.292425 0.272948 0.0923915 0.148297 0.688082
2 0.73465 0.363693 0.0613031 0.0569294 0.67119
2 0.142911 0.104743 0.0339756 0.0585239 0.614874
2 0.142549 0.176053 0.0346681 0.0539324 0.558985
62 0.491516 0.141199 0.1177 0.145769 0.511264
9 0.736069 0.611354 0.0141093 0.0412738 0.508904
5 0.523945 0.29137 0.102538 0.091994 0.444002
5 0.0231154 0.121798 0.0456284 0.238721 0.438965
9 0.155226 0.911936 0.00909219 0.044544 0.421883
2 0.116882 0.235908 0.0398714 0.0613696 0.420606
2 0.805124 0.329638 0.0523766 0.0536897 0.420482
0 0.220107 0.533288 0.0113373 0.0525099 0.402487
2 0.0854474 0.0337283 0.0287651 0.0426541 0.385455
9 0.583406 0.28634 0.0109671 0.0303788 0.357226
0 0.364829 0.947701 0.0354983 0.100129 0.349364
2 0.812062 0.280738 0.0449331 0.0524987 0.279489
