2 0.528359 0.514336 0.0823633 0.0800466 0.897079
2 0.175153 0.631292 0.103532 0.0883604 0.888539
2 0.612621 0.54742 0.0658644 0.0850552 0.874594
5 0.240488 0.206804 0.0834176 0.154815 0.845506
2 0.308164 0.252171 0.0450136 0.0594532 0.843732
2 0.714894 0.410634 0.0721195 0.077479 0.745916
5 0.139064 0.0839257 0.0715727 0.112895 0.733855
2 0.779334 0.42389 0.067542 0.0721135 0.702281
5 0.536898 0.293967 0.126336 0.090944 0.59692
2 0.193078 0.148858 0.0514707 0.0865819 0.564331
3 0.492745 0.385046 0.0204412 0.0402273 0.369048
0 0.690509 0.873785 0.0120255 0.0639523 0.290792
