2 0.221718 0.958586 0.0791266 0.081899 0.728009
2 0.128625 0.861548 0.104974 0.11065 0.69703
2 0.238949 0.38715 0.0417588 0.0760774 0.505603
9 0.734751 0.610136 0.0151628 0.0394224 0.49671
2 0.0343431 0.60009 0.0686862 0.0866455 0.475882
0 0.364979 0.943731 0.0320627 0.0949644 0.464651
0 0.718168 0.666917 0.0147827 0.0605616 0.436143
9 0.288019 0.797411 0.032748 0.055611 0.419531
9 0.142428 0.250661 0.0133709 0.0518598 0.388544
0 0.171552 0.406279 0.0102927 0.0483161 0.373596
0 0.732417 0.675801 0.0146086 0.0600188 0.366849
0 0.85907 0.628625 0.0109772 0.0528993 0.358721
0 0.891084 0.627023 0.0113102 0.0555817 0.341626
9 0.117628 0.266948 0.0135803 0.0346382 0.327189
0 0.439252 0.320697 0.0118288 0.0534298 0.307115
0 0.451015 0.322922 0.0128206 0.0564082 0.266181
