2 0.133717 0.71205 0.0867763 0.0902827 0.856522
2 0.373746 0.590804 0.0834349 0.0904152 0.748064
2 0.235549 0.311738 0.0431699 0.0625214 0.73445
2 0.595039 0.435067 0.0772162 0.063245 0.701949
2 0.233068 0.234335 0.0403588 0.0559428 0.606891
5 0.522508 0.294365 0.104396 0.0958082 0.564504
2 0.186938 0.218005 0.0333364 0.0534222 0.545566
2 0.276522 0.568788 0.0888635 0.125848 0.526325
2 0.298589 0.25655 0.0472898 0.0698968 0.494192
62 0.492629 0.130996 0.117044 0.132786 0.483978
9 0.290959 0.794496 0.0401694 0.0551373 0.47772
2 0.196179 0.174738 0.0434902 0.0617775 0.475813
2 0.104831 0.111091 0.0307948 0.0485353 0.420738
2 0.169979 0.301313 0.0433361 0.0638051 0.366322
9 0.155721 0.915388 0.00926135 0.0433061 0.361721
2 0.765355 0.392443 0.0613029 0.0671685 0.314067
2 0.27336 0.594097 0.0819753 0.0738588 0.306687
2 0.674004 0.492695 0.0512869 0.0835414 0.303049
9 0.584061 0.286489 0.00912895 0.0262204 0.26823
