2 0.288243 0.234247 0.0432164 0.0677536 0.689495
5 0.530102 0.303905 0.122497 0.111143 0.645746
2 0.191332 0.130356 0.0429132 0.0560393 0.626373
2 0.242912 0.181918 0.0391635 0.0602514 0.510571
62 0.492417 0.136706 0.117916 0.151895 0.505409
2 0.794077 0.386366 0.0616474 0.0648977 0.418748
7 0.19092 0.0813774 0.0520402 0.0847192 0.350463
5 0.0583703 0.410988 0.116534 0.168342 0.287596
2 0.824617 0.410521 0.0358482 0.0610146 0.286565
9 0.137903 0.311952 0.0153853 0.0485624 0.265092
0 0.917308 0.67416 0.0132505 0.0577034 0.251679
