2 0.765474 0.894018 0.0908914 0.134245 0.805302
2 0.196799 0.281225 0.0414916 0.0612622 0.800966
2 0.247635 0.188251 0.0412036 0.0585999 0.776245
2 0.188868 0.0892773 0.0381484 0.0454029 0.750683
2 0.126796 0.149277 0.0376646 0.0509097 0.726037
2 0.287757 0.301026 0.0492425 0.0628029 0.700146
2 0.378906 0.42131 0.057162 0.0712673 0.668696
9 0.142184 0.250997 0.0122296 0.0532425 0.54804
0 0.118394 0.973486 0.0148276 0.052675 0.490426
2 0.802607 0.411351 0.0686026 0.0763785 0.469534
9 0.734808 0.612805 0.0142399 0.0451814 0.462453
9 0.285405 0.802645 0.0362287 0.0453562 0.418845
0 0.779161 0.558295 0.0192348 0.0698202 0.392763
9 0.156066 0.910937 0.00988719 0.0435527 0.379788
2 0.0708233 0.0228864 0.0329325 0.0445661 0.376312
7 0.265193 0.881661 0.0552789 0.124811 0.36785
2 0.265515 0.881946 0.0551087 0.123243 0.362677
2 0.240495 0.468829 0.0347127 0.069352 0.36064
9 0.116609 0.267815 0.0161542 0.0341178 0.335451
0 0.0786985 0.5015 0.0149671 0.0543777 0.333171
62 0.491985 0.127224 0.117859 0.137561 0.319329
9 0.386388 0.2303 0.011852 0.0503944 0.310626
2 0.770777 0.394519 0.0510418 0.0601104 0.305683
9 0.626815 0.250232 0.0259944 0.0801637 0.296092
9 0.583219 0.287503 0.0135307 0.0361599 0.270715
2 0.110048 0.0557645 0.0220443 0.0264846 0.257912
