2 0.261679 0.709307 0.0452257 0.101085 0.711503
9 0.142914 0.250448 0.0136009 0.0536101 0.431283
9 0.624894 0.25216 0.0206881 0.0757326 0.420465
9 0.156091 0.912048 0.00915532 0.0401316 0.403667
0 0.0680509 0.518072 0.00977013 0.052446 0.371785
2 0.777154 0.379926 0.039499 0.0538223 0.355484
9 0.117566 0.267177 0.0143788 0.0345337 0.353345
9 0.57144 0.226076 0.0151484 0.0461444 0.327924
9 0.583547 0.286287 0.0156014 0.0412148 0.286021
9 0.583464 0.283233 0.0178185 0.0553229 0.265872
62 0.492502 0.127009 0.118449 0.134051 0.252634
