2 0.421722 0.500048 0.0767724 0.0702482 0.822822
2 0.315468 0.243239 0.0388112 0.0643597 0.796696
2 0.254591 0.261358 0.0409027 0.0518472 0.779721
2 0.228138 0.30828 0.0395936 0.0669483 0.778691
5 0.76082 0.311796 0.0734825 0.0778067 0.760231
2 0.217322 0.14319 0.0371402 0.0614526 0.730323
2 0.25676 0.205011 0.0443866 0.0538092 0.704567
2 0.136533 0.163213 0.0368992 0.050671 0.700651
62 0.492041 0.130578 0.117492 0.143676 0.593795
2 0.812482 0.292702 0.0477002 0.053846 0.591396
0 0.109584 0.972462 0.0160086 0.0545298 0.572304
2 0.717096 0.381467 0.0707117 0.0696039 0.558845
2 0.0995419 0.121233 0.029502 0.0515636 0.531035
2 0.100592 0.196508 0.0293682 0.0633422 0.436983
9 0.155571 0.915937 0.00795913 0.0395138 0.388208
5 0.526388 0.291789 0.10576 0.0859094 0.373364
0 0.135767 0.977058 0.0201209 0.0454631 0.310765
9 0.288371 0.796513 0.0327462 0.0483083 0.294752
0 0.131588 0.513218 0.0109088 0.0466313 0.276398
2 0.661345 0.367349 0.0433359 0.0578226 0.274059
2 0.0452672 0.0409668 0.0253005 0.0400493 0.270933
2 0.669703 0.366063 0.0603807 0.0611139 0.268184
