5 0.685371 0.359699 0.165089 0.116651 0.904861
2 0.470356 0.394265 0.0776306 0.078511 0.839373
5 0.205341 0.26926 0.0600586 0.112048 0.805716
2 0.0875329 0.835505 0.0562587 0.0876926 0.788614
5 0.07305 0.0579103 0.0714485 0.107936 0.696577
2 0.257354 0.964773 0.0665106 0.068926 0.644986
5 0.141273 0.0760118 0.0757094 0.131713 0.540972
2 0.28236 0.271747 0.0460145 0.0832917 0.517201
2 0.436613 0.475104 0.0614082 0.101295 0.508902
2 0.804775 0.358926 0.0577011 0.110233 0.508839
2 0.286907 0.650778 0.0402805 0.110651 0.489611
2 0.165422 0.30843 0.0407611 0.0578977 0.429719
5 0.533331 0.290934 0.128151 0.0853435 0.402386
2 0.680962 0.785477 0.043851 0.0740129 0.28888
0 0.693456 0.881404 0.0147448 0.062247 0.284335
0 0.115136 0.914836 0.0240839 0.0678831 0.279941
2 0.115103 0.229558 0.0330972 0.0427078 0.259342
