2 0.52819 0.68804 0.0887743 0.099437 0.842873
2 0.30408 0.245767 0.0430334 0.0682574 0.708858
2 0.261028 0.268854 0.0462417 0.0612714 0.695132
2 0.232795 0.41652 0.0337968 0.0659336 0.619166
2 0.224694 0.222559 0.039444 0.0573707 0.537688
62 0.49266 0.137437 0.116559 0.123588 0.524967
2 0.60539 0.393196 0.0658418 0.0623967 0.505388
2 0.723462 0.470726 0.0627039 0.0761034 0.498727
9 0.289332 0.797054 0.0352633 0.0477498 0.469858
2 0.210131 0.269243 0.0400727 0.0563571 0.467673
0 0.683238 0.639674 0.0132442 0.0645903 0.439317
2 0.148808 0.26071 0.0430825 0.0727505 0.42889
9 0.155674 0.916894 0.00928726 0.0378343 0.307391
0 0.0979707 0.520182 0.0196812 0.0797236 0.30254
0 0.360835 0.947468 0.0390382 0.0970133 0.28477
0 0.844439 0.60283 0.0122206 0.0684141 0.266493
