2 0.0204849 0.606091 0.0407544 0.056046 0.702831
2 0.75088 0.481396 0.0520167 0.0903298 0.702806
0 0.719907 0.660289 0.0134605 0.0608499 0.632449
9 0.141811 0.251468 0.011606 0.0534009 0.542187
2 0.819666 0.416682 0.0377472 0.0431394 0.540331
0 0.106436 0.506207 0.0128096 0.0750317 0.530577
9 0.287178 0.801034 0.0323565 0.0496728 0.485576
0 0.418191 0.321576 0.012096 0.0513483 0.449232
62 0.492553 0.126763 0.117997 0.137812 0.44196
0 0.0823825 0.513167 0.0138915 0.0816823 0.424406
0 0.159341 0.475843 0.0164735 0.0709665 0.403545
9 0.735792 0.610186 0.0114715 0.0396435 0.386662
0 0.983023 0.751207 0.013662 0.0688568 0.378305
9 0.155815 0.913011 0.00917025 0.0393073 0.364114
9 0.571813 0.227098 0.0145739 0.0451733 0.347936
2 0.815389 0.368574 0.0272259 0.0358141 0.314826
0 0.885912 0.618721 0.0111574 0.0533439 0.308744
0 0.88048 0.526924 0.0119995 0.0485343 0.30734
0 0.484008 0.3352 0.0107317 0.0467531 0.27592
0 0.137001 0.426703 0.0118014 0.0570145 0.270778
9 0.583679 0.28453 0.0145504 0.0340384 0.267099
0 0.134327 0.426883 0.0157139 0.055383 0.263992
0 0.0827347 0.529243 0.0127093 0.0561049 0.262789
9 0.622273 0.249505 0.0161128 0.0768689 0.259063
0 0.130761 0.426584 0.0105344 0.055078 0.257734
