2 0.0863134 0.717375 0.0487353 0.0978638 0.753611
2 0.729171 0.843322 0.0842157 0.128901 0.752464
2 0.285858 0.762913 0.0432509 0.122824 0.742066
2 0.563661 0.389623 0.0743754 0.0642148 0.712228
2 0.208425 0.279911 0.0415263 0.0642983 0.694572
2 0.798372 0.842804 0.0857223 0.119852 0.675663
0 0.73239 0.676096 0.0115578 0.0604168 0.563727
0 0.75499 0.704658 0.0158615 0.0631566 0.518186
2 0.0135855 0.605812 0.0268779 0.0564891 0.504402
2 0.0974983 0.859397 0.0676195 0.102986 0.446894
5 0.770126 0.259215 0.108706 0.126955 0.395323
9 0.117724 0.267361 0.014024 0.0344123 0.390175
0 0.180969 0.3913 0.0162393 0.0680845 0.380847
0 0.817889 0.65278 0.0127937 0.0610945 0.371745
62 0.492125 0.126973 0.117686 0.139441 0.344631
0 0.804044 0.657605 0.0150017 0.0599004 0.340736
2 0.748323 0.399323 0.0656006 0.0688222 0.337561
2 0.28058 0.974125 0.045933 0.051749 0.33698
9 0.14172 0.250007 0.012387 0.0516914 0.322437
7 0.0976468 0.859579 0.0673602 0.102614 0.319024
9 0.285762 0.76261 0.0429856 0.124139 0.283044
9 0.583342 0.282897 0.0127659 0.0325101 0.275331
2 0.901016 0.471447 0.0541378 0.0643317 0.261204
2 0.115481 0.0686778 0.0184281 0.034416 0.256492
0 0.443221 0.321784 0.0102357 0.0490473 0.252317
