2 0.417009 0.364759 0.0650531 0.0724058 0.842053
2 0.292519 0.24927 0.0444125 0.0692507 0.813637
2 0.790895 0.825491 0.0888098 0.12462 0.794563
2 0.6201 0.391723 0.0704461 0.0667457 0.727563
2 0.188886 0.0889199 0.0386126 0.0459941 0.708499
0 0.181823 0.389061 0.012814 0.0606552 0.684329
2 0.17227 0.229279 0.0383213 0.0567513 0.628405
0 0.508905 0.360919 0.0110245 0.0483812 0.534735
9 0.736123 0.607377 0.0124565 0.0360553 0.519286
9 0.156177 0.911354 0.00977409 0.0422984 0.477224
2 0.265353 0.834096 0.0470897 0.0709296 0.358974
0 0.711162 0.652832 0.0150995 0.0687124 0.350857
0 0.0779635 0.498434 0.0152599 0.0557299 0.321498
0 0.0338806 0.535751 0.0108516 0.0464758 0.282929
0 0.0667689 0.504017 0.0131617 0.0548776 0.259268
0 0.137142 0.353937 0.0154652 0.058817 0.257912
