5 0.138729 0.860116 0.176155 0.221559 0.890738
2 0.820714 0.934226 0.0966782 0.131385 0.872208
2 0.36877 0.383101 0.0491272 0.07783 0.829358
2 0.111 0.0584651 0.0408557 0.0603076 0.788571
2 0.172943 0.138585 0.0416019 0.0657285 0.749358
2 0.78496 0.392163 0.0715118 0.0709307 0.695588
2 0.814567 0.417591 0.0609112 0.0658084 0.643867
2 0.245 0.143366 0.0380836 0.0630794 0.509771
2 0.181732 0.332559 0.0382526 0.053337 0.354099
62 0.485685 0.14165 0.130449 0.165286 0.300169
0 0.672906 0.866128 0.0130588 0.0648697 0.289137
0 0.658086 0.618076 0.0163462 0.0500739 0.28052
