2 0.189718 0.679395 0.0925141 0.0911029 0.89654
5 0.236045 0.14409 0.0788986 0.120431 0.888247
5 0.0572828 0.651626 0.11064 0.128125 0.87696
2 0.270679 0.677344 0.0896017 0.101804 0.864241
2 0.215837 0.498193 0.0577071 0.0730711 0.826448
2 0.0827758 0.575612 0.0705454 0.0627049 0.818383
2 0.493797 0.556719 0.116327 0.116725 0.706721
2 0.318843 0.250036 0.0424958 0.0592803 0.696326
2 0.23952 0.414786 0.030354 0.0531933 0.670501
0 0.143163 0.483187 0.0111524 0.0544413 0.652612
2 0.176944 0.155398 0.0320463 0.0530554 0.481867
0 0.0801124 0.525361 0.01212 0.0440799 0.408979
5 0.0217348 0.12777 0.0428539 0.249911 0.405923
5 0.536529 0.292336 0.131469 0.0889922 0.391971
2 0.748305 0.458348 0.0756491 0.0661097 0.337524
2 0.0671429 0.779051 0.0274443 0.083078 0.322273
0 0.0798424 0.439463 0.0119771 0.0457691 0.313151
0 0.161951 0.402209 0.0108593 0.0562546 0.296357
0 0.928947 0.663834 0.0130613 0.0554094 0.294053
0 0.932398 0.599633 0.011681 0.0579185 0.260948
