5 0.153704 0.103762 0.0734648 0.11858 0.886534
2 0.640534 0.482857 0.0743677 0.0771817 0.827226
2 0.108642 0.219596 0.0400464 0.0536068 0.788263
2 0.218395 0.204506 0.0415418 0.0538311 0.786687
2 0.798666 0.382551 0.0690741 0.0629574 0.754368
2 0.264181 0.258685 0.0414909 0.0628754 0.734675
62 0.492091 0.132139 0.118034 0.14108 0.695544
2 0.278028 0.219212 0.0396015 0.0586224 0.644473
2 0.237013 0.1665 0.039539 0.0619186 0.641554
2 0.813353 0.294166 0.0468045 0.0536841 0.57598
2 0.781818 0.457687 0.0914324 0.0686138 0.561384
0 0.53803 0.822008 0.0159876 0.068497 0.298888
9 0.035361 0.205664 0.0157983 0.0396863 0.256096
