2 0.73348 0.835403 0.0978835 0.150182 0.839697
2 0.136157 0.844823 0.0968375 0.0995711 0.798933
2 0.538036 0.57206 0.0690146 0.103326 0.737854
0 0.142623 0.473779 0.0136325 0.0524036 0.693133
2 0.181231 0.323361 0.0333954 0.0646182 0.687559
2 0.438375 0.442799 0.0589458 0.0814052 0.665418
0 0.693049 0.643975 0.0118665 0.0593877 0.543529
9 0.736564 0.610882 0.0130493 0.0456746 0.519943
0 0.766891 0.600398 0.0172247 0.0687965 0.454972
9 0.142493 0.250028 0.0123652 0.0513101 0.447342
0 0.0909038 0.52554 0.0128802 0.0540027 0.441117
9 0.286997 0.798459 0.0337114 0.0535831 0.424548
9 0.117356 0.267319 0.0142987 0.033889 0.366511
9 0.583863 0.286087 0.0155798 0.0422038 0.363151
9 0.584111 0.292132 0.0164343 0.0577045 0.251956
