5 0.591486 0.634146 0.153856 0.23617 0.931381
2 0.129879 0.164607 0.0363532 0.0473429 0.818456
7 0.27346 0.742283 0.0605157 0.258205 0.789427
2 0.328964 0.35604 0.0487811 0.076826 0.779139
2 0.296563 0.245874 0.0437511 0.0658626 0.759364
2 0.210954 0.294692 0.0395833 0.0631994 0.741957
2 0.792899 0.398323 0.0844284 0.113238 0.474443
2 0.153481 0.0828345 0.0370358 0.0547962 0.465459
62 0.492327 0.135535 0.114514 0.121991 0.435835
2 0.380203 0.342063 0.0563758 0.0724542 0.431618
5 0.762681 0.267426 0.112502 0.133539 0.428015
0 0.829548 0.638574 0.0142307 0.0596051 0.423209
0 0.96939 0.561169 0.0109978 0.0549196 0.301297
0 0.88245 0.614838 0.0127392 0.061613 0.277627
