5 0.297037 0.559094 0.168683 0.162369 0.939375
5 0.244476 0.156627 0.0783719 0.117039 0.882835
2 0.200132 0.705076 0.0920825 0.0997179 0.869124
5 0.25276 0.237897 0.0636199 0.113993 0.852952
2 0.59081 0.50197 0.0710274 0.0815264 0.852629
2 0.429907 0.464598 0.0711955 0.069684 0.8186
2 0.245972 0.414137 0.0366911 0.0673514 0.80432
2 0.058166 0.644311 0.0893567 0.0724258 0.792952
2 0.307455 0.246656 0.0451671 0.0567565 0.768667
5 0.5329 0.292591 0.121489 0.0859717 0.529171
2 0.835592 0.435797 0.0638523 0.0751344 0.380836
0 0.135501 0.972526 0.0141133 0.0549474 0.373973
0 0.703522 0.887155 0.0123463 0.0619375 0.345895
0 0.117533 0.970532 0.0190237 0.057785 0.335338
5 0.767178 0.261376 0.110543 0.131599 0.317561
