2 0.118908 0.134079 0.0384985 0.0477836 0.808121
2 0.270614 0.203137 0.0440644 0.0634886 0.756093
9 0.15545 0.914295 0.00917232 0.0429192 0.555665
0 0.819312 0.612703 0.013114 0.062973 0.488002
9 0.121174 0.375683 0.0132304 0.0349599 0.439716
0 0.704002 0.884692 0.0155579 0.0680257 0.421987
0 0.802069 0.615198 0.0170124 0.0784949 0.411276
62 0.492722 0.131641 0.115715 0.132991 0.400266
5 0.0225952 0.121341 0.0444711 0.237644 0.372226
9 0.287737 0.798554 0.0325811 0.0526896 0.363241
0 0.792079 0.503576 0.0103971 0.049785 0.353616
5 0.769673 0.261706 0.114218 0.123801 0.347445
0 0.0650915 0.550386 0.015327 0.0545687 0.322026
0 0.86878 0.710735 0.0196323 0.0868944 0.316395
0 0.494038 0.35812 0.0111267 0.0542438 0.302038
0 0.517957 0.355549 0.0104221 0.0499783 0.281069
9 0.584098 0.285917 0.0093174 0.0281091 0.269551
