7 0.128825 0.544308 0.112682 0.139733 0.906349
7 0.301193 0.218924 0.0613244 0.11283 0.825266
2 0.418098 0.562922 0.0793858 0.0860194 0.819302
2 0.665022 0.43889 0.0688554 0.0754913 0.79729
0 0.808241 0.737254 0.016367 0.0713701 0.605651
2 0.251864 0.242571 0.045458 0.0774533 0.592752
0 0.764891 0.645539 0.0138214 0.0599445 0.586044
0 0.365635 0.943339 0.0347153 0.0970513 0.527828
0 0.882342 0.708036 0.0154858 0.0573215 0.50751
0 0.77805 0.692975 0.0117846 0.0567042 0.482987
0 0.854996 0.735588 0.0140696 0.0578042 0.364377
0 0.934544 0.577006 0.0153296 0.0500309 0.359213
9 0.155062 0.912352 0.00844085 0.0414822 0.34669
2 0.824449 0.37065 0.0238554 0.0425401 0.325964
5 0.0636752 0.405456 0.127345 0.173073 0.319201
0 0.146678 0.320691 0.0118584 0.0501913 0.31529
0 0.927525 0.754713 0.0169174 0.0667915 0.301058
0 0.918122 0.634108 0.0135809 0.0528505 0.300288
0 0.772232 0.533055 0.0103989 0.0606757 0.281005
5 0.536281 0.303069 0.122715 0.109935 0.268026
0 0.823612 0.527101 0.0128918 0.0499754 0.264464
