5 0.203585 0.166222 0.0831915 0.130397 0.884805
2 0.47896 0.512583 0.0616319 0.0893263 0.828037
2 0.662384 0.745452 0.0777422 0.114343 0.80171
2 0.126656 0.146507 0.0369626 0.0437578 0.769559
2 0.280549 0.654266 0.0365568 0.0867633 0.762538
2 0.317769 0.327207 0.0537056 0.0820182 0.758386
2 0.230227 0.312313 0.0366872 0.0509931 0.753798
2 0.184058 0.271164 0.0415829 0.0498526 0.747435
5 0.524414 0.289391 0.0992556 0.080716 0.577139
2 0.0913989 0.0427317 0.0326602 0.0504635 0.55157
2 0.903576 0.979423 0.0835184 0.039227 0.547224
7 0.260078 0.51488 0.0372555 0.0867221 0.467045
62 0.491911 0.129057 0.117845 0.138262 0.451734
2 0.137656 0.0941847 0.0390752 0.064613 0.433955
5 0.179698 0.210032 0.0403493 0.06763 0.335845
2 0.179422 0.210032 0.0407252 0.0680787 0.32811
