7 0.526811 0.551678 0.0938242 0.166052 0.907775
5 0.304884 0.234867 0.0878284 0.136452 0.876245
2 0.798561 0.84764 0.0889683 0.12445 0.873346
2 0.356228 0.38276 0.0498648 0.0787532 0.82099
2 0.44563 0.483245 0.0581808 0.0948303 0.808778
2 0.551282 0.394598 0.0723709 0.0613171 0.726718
2 0.765673 0.350419 0.0547176 0.0570117 0.707373
7 0.278408 0.743305 0.0700513 0.261453 0.646982
2 0.263349 0.506779 0.0342251 0.0808195 0.623773
62 0.49219 0.136273 0.118977 0.144623 0.558897
5 0.278607 0.743278 0.0695368 0.261734 0.54964
5 0.769342 0.258332 0.107225 0.121715 0.44163
7 0.804103 0.372518 0.0530239 0.115018 0.424293
9 0.155533 0.91498 0.00842586 0.0416416 0.358468
2 0.688324 0.347848 0.0405741 0.0536156 0.300477
2 0.218777 0.147384 0.0355646 0.0543941 0.289649
