2 0.191072 0.515384 0.067897 0.08631 0.795507
2 0.172553 0.734419 0.0941233 0.106297 0.794116
2 0.252557 0.392715 0.0347034 0.0726738 0.672434
2 0.296825 0.24044 0.0432164 0.0697736 0.657244
5 0.756698 0.267582 0.0987686 0.133546 0.631992
2 0.63285 0.455347 0.0683514 0.0753457 0.630818
62 0.492023 0.132765 0.116927 0.135893 0.615588
2 0.0982772 0.700052 0.0760707 0.102056 0.6008
9 0.288166 0.79583 0.0347753 0.0509469 0.578088
2 0.338286 0.545718 0.0752354 0.0694862 0.576512
2 0.220829 0.342596 0.0304285 0.035603 0.425164
9 0.156063 0.915976 0.00935156 0.0358744 0.376332
2 0.217612 0.33158 0.03695 0.0555449 0.371479
0 0.104252 0.519462 0.0205396 0.0716593 0.326062
9 0.0481676 0.119051 0.019962 0.0364095 0.287092
9 0.120732 0.374312 0.0110121 0.0392201 0.27026
