2 0.180658 0.31965 0.0432944 0.0638759 0.738961
62 0.491592 0.130376 0.117251 0.149445 0.613216
2 0.769576 0.471822 0.0657318 0.0796643 0.59403
2 0.281422 0.279673 0.0527555 0.07906 0.51775
0 0.118965 0.578761 0.0115417 0.0583237 0.482783
0 0.943448 0.662805 0.015382 0.0782007 0.426449
9 0.155717 0.91399 0.0093302 0.0407133 0.420234
9 0.289039 0.797182 0.0379639 0.0456463 0.412241
9 0.735618 0.608689 0.0124158 0.0340902 0.359207
0 0.534052 0.842606 0.0148201 0.0680657 0.349839
0 0.810947 0.666323 0.0162006 0.0603999 0.34159
2 0.184224 0.0851782 0.0351439 0.0565513 0.304212
0 0.956059 0.774996 0.0118576 0.0570085 0.282208
0 0.676204 0.65814 0.0125414 0.064442 0.264436
0 0.863118 0.639988 0.00970535 0.0570951 0.263726
0 0.365445 0.947694 0.0331386 0.100826 0.255577
2 0.180658 0.31965 0.0432944 0.0638759 0.738961
62 0.491592 0.130376 0.117251 0.149445 0.613216
2 0.769576 0.471822 0.0657318 0.0796643 0.59403
2 0.281422 0.279673 0.0527555 0.07906 0.51775
0 0.118965 0.578761 0.0115417 0.0583237 0.482783
0 0.943448 0.662805 0.015382 0.0782007 0.426449
9 0.155717 0.91399 0.0093302 0.0407133 0.420234
9 0.289039 0.797182 0.0379639 0.0456463 0.412241
9 0.735618 0.608689 0.0124158 0.0340902 0.359207
0 0.534052 0.842606 0.0148201 0.0680657 0.349839
0 0.810947 0.666323 0.0162006 0.0603999 0.34159
2 0.184224 0.0851782 0.0351439 0.0565513 0.304212
0 0.956059 0.774996 0.0118576 0.0570085 0.282208
0 0.676204 0.65814 0.0125414 0.064442 0.264436
0 0.863118 0.639988 0.00970535 0.0570951 0.263726
0 0.365445 0.947694 0.0331386 0.100826 0.255577
