2 0.162484 0.692445 0.100949 0.112234 0.88766
2 0.368743 0.532658 0.0857345 0.0720039 0.858288
2 0.22121 0.3007 0.0403298 0.0606416 0.818654
5 0.108454 0.134429 0.0488305 0.0938745 0.806491
5 0.673359 0.370167 0.152003 0.149326 0.794512
2 0.290828 0.229927 0.0403419 0.0642971 0.779574
2 0.176065 0.217518 0.0393957 0.0473338 0.740201
2 0.181853 0.160862 0.0376997 0.0602189 0.732553
5 0.0229953 0.121812 0.0455381 0.239953 0.715752
2 0.157461 0.121717 0.0418362 0.0506608 0.665938
7 0.621357 0.598292 0.0606079 0.261444 0.657713
2 0.220737 0.198522 0.0431068 0.0740028 0.638171
2 0.81785 0.286668 0.0356352 0.0573755 0.613416
5 0.535427 0.289863 0.132897 0.0831306 0.56935
2 0.165703 0.310296 0.0438715 0.0606436 0.543847
2 0.0888893 0.0379034 0.0348267 0.0508691 0.418911
2 0.23505 0.152804 0.0382846 0.0446012 0.418749
62 0.491912 0.128193 0.117064 0.139301 0.406874
2 0.0148426 0.40116 0.02961 0.0626484 0.375426
2 0.123138 0.0813768 0.0344519 0.0476566 0.365531
0 0.684361 0.885528 0.0139971 0.058429 0.364576
2 0.112446 0.227436 0.0382356 0.0450049 0.263044
0 0.93572 0.933499 0.0155529 0.0793955 0.25325
