2 0.312468 0.265115 0.0436583 0.067575 0.790838
2 0.138471 0.0975225 0.0343689 0.0543901 0.687342
0 0.524597 0.829622 0.023357 0.0650336 0.631236
9 0.288063 0.794471 0.0360651 0.0503381 0.554791
9 0.155464 0.913474 0.00872054 0.0407447 0.481425
0 0.30978 0.631637 0.0163268 0.0611106 0.451682
0 0.382818 0.626137 0.0118465 0.0587566 0.368638
0 0.590826 0.54691 0.0150038 0.0597208 0.350389
5 0.0228841 0.120605 0.0451684 0.23581 0.346451
62 0.491724 0.125783 0.117437 0.138787 0.336928
0 0.694141 0.710926 0.0127865 0.0618664 0.285989
0 0.191648 0.540539 0.012548 0.0569873 0.273673
0 0.299982 0.634204 0.0166423 0.0614173 0.268478
