5 0.224511 0.318275 0.0766629 0.153655 0.897879
5 0.355837 0.317352 0.106746 0.148824 0.87554
5 0.201164 0.161515 0.0821296 0.133134 0.846572
2 0.132813 0.088478 0.0372916 0.0579739 0.7186
62 0.49209 0.138283 0.11835 0.146705 0.698316
2 0.286062 0.669041 0.0403854 0.0910216 0.697363
2 0.733434 0.368489 0.067635 0.0551132 0.666941
9 0.285374 0.796807 0.0370518 0.0558144 0.491809
2 0.293283 0.923954 0.0419297 0.110617 0.414793
2 0.268909 0.179089 0.044779 0.0721145 0.408813
0 0.673676 0.878598 0.0132385 0.0617737 0.326342
5 0.760042 0.262691 0.0958553 0.124214 0.321752
0 0.109643 0.965959 0.0164774 0.0662793 0.264927
9 0.121388 0.379606 0.0122888 0.0414434 0.256114
