2 0.774593 0.4479 0.0604395 0.0729279 0.824201
5 0.183942 0.142556 0.0788395 0.119688 0.80756
5 0.272761 0.186898 0.0845523 0.132689 0.774542
0 0.0826615 0.489628 0.0124161 0.0533285 0.68428
0 0.77729 0.730365 0.0129759 0.0663052 0.654424
2 0.169327 0.306215 0.0476388 0.072961 0.602871
7 0.254217 0.227189 0.0673341 0.121419 0.583231
2 0.81888 0.288711 0.037009 0.0498727 0.58241
2 0.131461 0.0924432 0.0335082 0.0604785 0.575681
0 0.800988 0.706176 0.0136099 0.0582137 0.566314
0 0.365308 0.943548 0.0336436 0.0969274 0.516625
0 0.451642 0.343448 0.0130641 0.0516293 0.448189
0 0.731778 0.699316 0.00997314 0.05678 0.40834
9 0.0349432 0.200617 0.014547 0.036066 0.370638
0 0.963595 0.768487 0.0158173 0.0495572 0.347896
7 0.882437 0.447913 0.093391 0.116625 0.33131
9 0.735768 0.607349 0.0084693 0.0313749 0.298962
0 0.826031 0.741838 0.015012 0.0365428 0.2859
9 0.571831 0.226486 0.0143311 0.0459585 0.259577
2 0.122917 0.13504 0.0331057 0.0549825 0.256785
