5 0.240529 0.212383 0.085081 0.142741 0.925178
5 0.562138 0.904501 0.22663 0.185349 0.922225
7 0.682667 0.730413 0.146502 0.260986 0.887027
2 0.545844 0.641051 0.0726629 0.109443 0.849715
5 0.804884 0.304997 0.0636727 0.100882 0.835755
2 0.713211 0.338152 0.0755959 0.0547489 0.756044
2 0.306296 0.23414 0.0448071 0.0577127 0.749166
2 0.241116 0.302807 0.0402898 0.0605684 0.698674
5 0.0226285 0.123887 0.0446141 0.243155 0.647471
2 0.159457 0.216542 0.0370461 0.0492619 0.625747
2 0.187318 0.110252 0.040931 0.0573229 0.579953
2 0.185624 0.164972 0.0340866 0.0569304 0.523984
2 0.130269 0.0913212 0.0332004 0.0481666 0.499945
2 0.106831 0.133377 0.0370216 0.0552189 0.438647
2 0.072154 0.0167932 0.0335015 0.0335596 0.435514
5 0.538959 0.289748 0.136314 0.0815932 0.409197
2 0.124544 0.035066 0.034903 0.0541219 0.389242
2 0.165329 0.308498 0.0347404 0.0505847 0.317221
0 0.693261 0.883479 0.0140342 0.0578383 0.275439
