2 0.208071 0.1819 0.043729 0.0771069 0.763696
2 0.313733 0.252828 0.0438628 0.0606024 0.73528
2 0.239368 0.330976 0.0375799 0.0533686 0.726309
2 0.1348 0.160749 0.0416564 0.0592693 0.660054
2 0.820437 0.375868 0.032489 0.0417024 0.645371
2 0.231568 0.155526 0.0386854 0.0527075 0.633222
2 0.182018 0.329709 0.0381273 0.052397 0.615046
2 0.168598 0.135771 0.036369 0.0543258 0.608848
2 0.272874 0.204516 0.0430306 0.060546 0.595292
2 0.185055 0.102669 0.0335897 0.0544327 0.500603
2 0.111627 0.0653149 0.0372355 0.0601769 0.386941
5 0.524705 0.288128 0.106173 0.0809078 0.37112
7 0.812089 0.283683 0.0464154 0.0717056 0.309825
2 0.152756 0.292808 0.0392878 0.0565342 0.280289
5 0.0230958 0.11718 0.0453733 0.231237 0.271937
