2 0.164773 0.739021 0.104181 0.0892493 0.869855
2 0.121377 0.160188 0.0367546 0.0520146 0.733902
2 0.18637 0.161389 0.0370133 0.0593561 0.721103
2 0.804799 0.373751 0.0540463 0.0656199 0.704951
2 0.633357 0.713233 0.0557768 0.10944 0.676836
5 0.527658 0.292065 0.115696 0.0842801 0.65317
2 0.71286 0.33528 0.0767292 0.0538214 0.638291
62 0.491459 0.130037 0.118917 0.138243 0.533359
2 0.100074 0.193117 0.0269491 0.0529522 0.516925
2 0.749089 0.776596 0.0794332 0.116022 0.505388
0 0.249415 0.819128 0.0183381 0.0710659 0.445089
2 0.151253 0.118718 0.0312119 0.0524024 0.40611
2 0.101427 0.0529851 0.031078 0.0503055 0.405516
7 0.749292 0.7768 0.0793654 0.116839 0.398791
2 0.128006 0.0911166 0.0318576 0.0450147 0.376475
0 0.691048 0.862438 0.0134251 0.070227 0.319884
0 0.36497 0.945548 0.033193 0.0964935 0.298091
