5 0.696134 0.757149 0.177791 0.300883 0.928675
5 0.329227 0.323507 0.100786 0.155314 0.892707
2 0.529058 0.560346 0.0612061 0.0940557 0.860604
5 0.187416 0.243164 0.0751251 0.137679 0.84011
2 0.285023 0.433239 0.0346216 0.0689321 0.796981
2 0.192152 0.898772 0.0837532 0.105684 0.774162
2 0.160288 0.131626 0.038838 0.0519584 0.723198
2 0.103366 0.0573064 0.0354687 0.0483952 0.644022
5 0.0617356 0.403614 0.123459 0.163757 0.621594
0 0.682178 0.934505 0.0130034 0.0635062 0.381338
0 0.287922 0.538218 0.0150129 0.0576667 0.376907
2 0.0971886 0.186832 0.0256054 0.0517931 0.276366
