2 0.572938 0.644112 0.0680493 0.107102 0.840107
2 0.700582 0.728494 0.077741 0.114956 0.819074
2 0.797292 0.842444 0.086203 0.125417 0.816116
2 0.777559 0.399763 0.064702 0.0649634 0.774748
2 0.367642 0.595677 0.0966008 0.0979123 0.763654
2 0.130124 0.902461 0.0929562 0.112387 0.706472
2 0.243967 0.532956 0.0397515 0.0813341 0.64119
2 0.451143 0.478757 0.0791939 0.115547 0.630442
0 0.692315 0.624254 0.00945969 0.0580501 0.627472
2 0.521144 0.37695 0.072585 0.0624109 0.620647
2 0.139986 0.040579 0.0317579 0.0497652 0.563728
2 0.258866 0.7295 0.0434729 0.0986352 0.479556
0 0.76543 0.699203 0.0136631 0.070714 0.479288
0 0.791633 0.614373 0.0138237 0.0655706 0.46035
0 0.714495 0.624473 0.0136633 0.0677118 0.429661
0 0.734412 0.665163 0.0151622 0.0617866 0.381763
0 0.365241 0.944963 0.0335007 0.0959157 0.36643
2 0.407759 0.433273 0.0571769 0.066884 0.358785
9 0.141732 0.250362 0.0118339 0.051609 0.347187
0 0.781516 0.607962 0.0113638 0.0561806 0.318022
62 0.49188 0.126568 0.117397 0.140083 0.302261
