5 0.247806 0.218442 0.085929 0.135646 0.813307
2 0.839841 0.955826 0.0949026 0.0863054 0.800398
0 0.864383 0.600057 0.0135258 0.0609668 0.515128
0 0.905181 0.717989 0.0133749 0.0605516 0.513631
0 0.681226 0.860627 0.0150299 0.0639384 0.446958
0 0.14189 0.478724 0.0120193 0.0435255 0.362778
0 0.781756 0.651835 0.0112673 0.0699544 0.318736
0 0.70951 0.666081 0.014497 0.0536031 0.30234
0 0.364069 0.941916 0.0307166 0.0933173 0.301516
0 0.805419 0.603525 0.0145628 0.0561924 0.281517
9 0.0345392 0.200382 0.0144776 0.0383556 0.268894
0 0.696038 0.644534 0.0110199 0.0569521 0.258984
0 0.0559829 0.319469 0.0115855 0.0373429 0.256908
5 0.0644095 0.403656 0.128819 0.179488 0.252698
