2 0.250703 0.25054 0.0467927 0.0605913 0.860372
2 0.188583 0.0893754 0.038224 0.0459377 0.782146
2 0.188803 0.163971 0.0390167 0.0627534 0.762151
2 0.12565 0.0672637 0.0368154 0.0416687 0.710446
2 0.216256 0.148264 0.0426763 0.0647329 0.600784
2 0.802626 0.411578 0.0706823 0.0756271 0.595815
62 0.492086 0.127229 0.117649 0.133003 0.537311
0 0.507406 0.649816 0.0171631 0.064522 0.528059
9 0.117451 0.267732 0.0148316 0.0354781 0.521441
9 0.289638 0.797354 0.0374073 0.0478448 0.486538
2 0.311992 0.255201 0.0459534 0.058451 0.48614
9 0.155586 0.912619 0.0086695 0.0408786 0.451614
9 0.142298 0.250155 0.0134073 0.0520837 0.391656
0 0.823962 0.622831 0.0171898 0.0625081 0.339874
2 0.770039 0.393395 0.0500847 0.0605449 0.337107
9 0.58251 0.287027 0.0158415 0.0393015 0.333202
9 0.735343 0.609755 0.0133018 0.041489 0.328595
0 0.123984 0.980483 0.0183553 0.0385181 0.305709
0 0.805974 0.614356 0.00996437 0.0524914 0.288581
0 0.142989 0.418072 0.0154011 0.0556558 0.286513
9 0.624916 0.251397 0.0232822 0.0800322 0.275288
9 0.571956 0.227114 0.0165203 0.0464778 0.265297
