2 0.133599 0.702665 0.0888939 0.10598 0.873867
2 0.301935 0.721028 0.0570401 0.0885523 0.756308
2 0.26634 0.213949 0.0331335 0.0647045 0.749548
5 0.064178 0.405864 0.128197 0.175488 0.73796
2 0.18931 0.0889295 0.0372998 0.0456636 0.669558
2 0.210932 0.935659 0.097989 0.126971 0.653036
2 0.62999 0.380797 0.0770645 0.0521942 0.612002
0 0.137342 0.450435 0.0132752 0.0521874 0.497254
0 0.364341 0.941568 0.0311832 0.0936283 0.481339
9 0.1416 0.250172 0.0117051 0.0502645 0.397883
0 0.804899 0.574202 0.01243 0.0602846 0.390259
9 0.735849 0.608556 0.0117229 0.0361304 0.381933
9 0.583584 0.285925 0.0145102 0.0366387 0.310063
9 0.117233 0.267045 0.0148418 0.033724 0.302132
0 0.768024 0.545245 0.013477 0.058922 0.292396
0 0.769531 0.700674 0.0173236 0.074665 0.291039
9 0.287131 0.796861 0.0341771 0.0559781 0.288232
