5 0.253776 0.228711 0.0865338 0.142795 0.859957
2 0.200782 0.291246 0.0380469 0.0579622 0.8068
2 0.39291 0.409386 0.0477358 0.0816533 0.760971
5 0.281653 0.779936 0.065421 0.268848 0.702074
5 0.828001 0.93682 0.104798 0.122672 0.639162
7 0.281471 0.780012 0.065765 0.267513 0.598111
0 0.0170041 0.518828 0.0127175 0.0430469 0.523475
0 0.109871 0.491436 0.0142611 0.0468774 0.443227
0 0.945226 0.686263 0.0146885 0.0635344 0.432255
0 0.0886418 0.528153 0.0113899 0.0465308 0.431141
0 0.0387137 0.56293 0.0118976 0.0526601 0.38835
0 0.691856 0.859564 0.0126743 0.064133 0.365029
0 0.977553 0.591664 0.0156746 0.0868269 0.352322
0 0.772913 0.740777 0.0149445 0.0624371 0.332685
0 0.828249 0.623565 0.0150139 0.0522122 0.309343
0 0.746119 0.688494 0.0147221 0.0745049 0.301859
0 0.920543 0.64953 0.0159676 0.0577425 0.276919
0 0.771903 0.683852 0.0136408 0.0649333 0.252437
