5 0.0650661 0.404329 0.129637 0.176793 0.835339
2 0.0318754 0.618549 0.0633559 0.0660663 0.767905
2 0.805967 0.369346 0.0537817 0.0726448 0.650684
2 0.831056 0.402136 0.0551062 0.0657323 0.572344
0 0.851915 0.669617 0.0139385 0.0581327 0.439271
0 0.0866759 0.589398 0.0130643 0.0520784 0.412953
0 0.112827 0.757187 0.018109 0.0747314 0.326207
0 0.771035 0.716843 0.0133568 0.0590464 0.300624
0 0.356791 0.70681 0.011552 0.0518395 0.29624
0 0.38144 0.673014 0.017346 0.0584407 0.294592
0 0.161337 0.630244 0.0152466 0.0594552 0.28213
0 0.316734 0.757601 0.0142696 0.0634715 0.280395
0 0.286052 0.698832 0.0163247 0.0610728 0.273675
0 0.381415 0.797793 0.012038 0.0655704 0.266493
0 0.194653 0.624289 0.0117611 0.0556734 0.258254
0 0.747433 0.521497 0.0184021 0.0514928 0.256489
