5 0.246412 0.228627 0.0869007 0.148121 0.848068
5 0.557094 0.901027 0.282158 0.19702 0.605311
2 0.730073 0.334457 0.0687904 0.0689773 0.588357
5 0.538618 0.295324 0.134429 0.0959638 0.528552
5 0.287233 0.200556 0.0764711 0.136031 0.517542
2 0.192231 0.176409 0.0323601 0.0501113 0.478302
7 0.287046 0.200358 0.0764915 0.136811 0.448069
5 0.730013 0.334302 0.0692785 0.0689621 0.431576
2 0.812236 0.291917 0.0461851 0.0559692 0.339048
2 0.0985781 0.0536636 0.0365794 0.0526361 0.311428
5 0.80659 0.366806 0.057288 0.096931 0.299791
7 0.806266 0.365661 0.0570375 0.0973492 0.280062
2 0.806229 0.367717 0.0562864 0.0949343 0.268504
0 0.205349 0.744307 0.0139091 0.061046 0.260821
2 0.182605 0.0790255 0.035709 0.0516854 0.252705
