2 0.314224 0.26869 0.0475074 0.0720417 0.834543
0 0.0745674 0.536316 0.0190539 0.0630303 0.57351
9 0.28894 0.794751 0.0364638 0.0519928 0.509602
0 0.592167 0.367951 0.0128077 0.0502163 0.449812
62 0.491399 0.126005 0.118097 0.139192 0.434667
0 0.552266 0.563489 0.0132183 0.0636937 0.389262
0 0.145883 0.531995 0.0155442 0.0541803 0.376476
0 0.153646 0.346993 0.01253 0.0482107 0.356319
9 0.583226 0.286473 0.0147584 0.0370872 0.32564
9 0.571229 0.22778 0.0144239 0.0447609 0.283354
0 0.364693 0.943527 0.0321455 0.0916368 0.280902
