2 0.216316 0.365367 0.043833 0.0550986 0.810949
2 0.276098 0.44046 0.0341911 0.0570197 0.805828
2 0.863109 0.969917 0.0807327 0.0584378 0.788987
2 0.226555 0.289659 0.0402384 0.0586678 0.776873
2 0.727887 0.85073 0.090345 0.123037 0.758243
2 0.25693 0.349552 0.0442637 0.0506143 0.745001
2 0.8139 0.37432 0.0392303 0.0524094 0.665989
2 0.17861 0.105502 0.0380619 0.0613361 0.665128
2 0.124927 0.139614 0.0383506 0.0532905 0.606702
2 0.119149 0.23354 0.0351024 0.0519591 0.539006
7 0.444278 0.473135 0.0490332 0.0929036 0.507599
2 0.18244 0.248576 0.0296828 0.0501373 0.506322
2 0.741028 0.40822 0.065609 0.0691806 0.501308
2 0.836034 0.410044 0.0478176 0.0527232 0.490558
62 0.491619 0.130799 0.118449 0.141259 0.485017
5 0.526394 0.289532 0.101497 0.0805845 0.452394
2 0.813464 0.291956 0.046303 0.0598153 0.442627
2 0.305058 0.555437 0.0377724 0.0675993 0.440055
9 0.155179 0.915591 0.00874305 0.0399899 0.362932
2 0.717861 0.339237 0.0661108 0.0586322 0.361229
0 0.6773 0.861007 0.0128464 0.0581173 0.286655
0 0.365279 0.944443 0.0329659 0.0945462 0.273509
