5 0.274652 0.261697 0.0873712 0.137721 0.851294
2 0.482498 0.537122 0.0756561 0.0785398 0.840401
2 0.255834 0.405742 0.0393682 0.0567279 0.837121
2 0.550034 0.445387 0.0569545 0.0672273 0.830074
2 0.651684 0.482193 0.0702661 0.0806101 0.808556
2 0.326507 0.5698 0.075491 0.079038 0.808257
2 0.103323 0.718275 0.0664694 0.080966 0.766598
2 0.82222 0.942903 0.0832518 0.112004 0.761707
2 0.264345 0.54359 0.0770291 0.0770715 0.68286
5 0.537969 0.292843 0.13169 0.0894399 0.656007
2 0.338493 0.273385 0.0415962 0.0604315 0.592007
62 0.492155 0.130743 0.117644 0.138923 0.551803
2 0.122147 0.0819662 0.032724 0.048048 0.550295
2 0.24569 0.179128 0.0426431 0.0457564 0.538734
3 0.246378 0.65701 0.0331788 0.0616301 0.530137
2 0.81311 0.293251 0.0475061 0.0570118 0.524212
2 0.184789 0.160758 0.0396309 0.0567549 0.496878
2 0.215797 0.203918 0.032992 0.062065 0.451062
2 0.156706 0.0668365 0.0384346 0.0525198 0.305062
2 0.214026 0.138519 0.0407136 0.0567215 0.305023
9 0.288177 0.795318 0.0319013 0.0495824 0.292513
2 0.149386 0.114938 0.0318306 0.0543109 0.267169
0 0.65449 0.855886 0.0150556 0.0666402 0.260788
