2 0.670202 0.360058 0.067067 0.0701348 0.836193
0 0.758718 0.590523 0.0142227 0.0590168 0.471609
9 0.0363451 0.204222 0.0148883 0.0425675 0.468716
0 0.806552 0.721426 0.0170877 0.0687781 0.456313
0 0.365213 0.94451 0.0328149 0.0976179 0.449264
0 0.796572 0.658451 0.0145778 0.0545897 0.448066
0 0.981721 0.518269 0.0163221 0.0550578 0.432007
0 0.731032 0.66848 0.0139469 0.0599136 0.402662
0 0.680088 0.618793 0.0142015 0.0534476 0.384736
0 0.960335 0.76024 0.0165867 0.0619229 0.380156
0 0.0602779 0.547341 0.0126253 0.0551651 0.379841
0 0.663858 0.865693 0.0110075 0.0650926 0.378025
9 0.571447 0.226308 0.0131407 0.044121 0.349181
0 0.0851199 0.467204 0.0154935 0.0523404 0.343194
0 0.0422917 0.56434 0.0145603 0.0603894 0.336114
5 0.0547157 0.408437 0.109431 0.165116 0.334481
0 0.15428 0.469508 0.00888729 0.0470481 0.320482
0 0.0323916 0.535112 0.0129596 0.050342 0.316698
0 0.00925188 0.545864 0.0171374 0.0714038 0.310041
0 0.757711 0.597419 0.0125032 0.047988 0.268222
0 0.124108 0.483601 0.0169996 0.0644828 0.26353
0 0.0553996 0.48008 0.0117729 0.0640064 0.255604
