5 0.244922 0.217449 0.0870105 0.13894 0.881683
5 0.170926 0.125258 0.0751109 0.124573 0.826391
2 0.0352938 0.617319 0.0703521 0.0700855 0.820443
2 0.677629 0.348322 0.0514317 0.0629539 0.779786
2 0.0831435 0.761985 0.0528479 0.0924983 0.73376
2 0.22307 0.331784 0.0305859 0.0635897 0.658908
0 0.857372 0.771572 0.0166859 0.0675527 0.466016
5 0.0641187 0.402389 0.127549 0.165276 0.402647
2 0.1445 0.155291 0.0306687 0.0569361 0.381101
9 0.155386 0.913337 0.00843735 0.0392341 0.368316
0 0.684514 0.864567 0.0181196 0.0631917 0.35895
9 0.0352732 0.202067 0.0164668 0.0339046 0.350556
0 0.159838 0.433995 0.0125167 0.0539792 0.332353
0 0.878904 0.569707 0.0125715 0.0599704 0.326682
0 0.134406 0.975955 0.0283429 0.0474945 0.30917
62 0.490829 0.138114 0.11973 0.162645 0.284909
0 0.838927 0.535348 0.0106194 0.0433355 0.280278
0 0.966637 0.776051 0.0156719 0.0348145 0.270227
2 0.122449 0.0771485 0.026779 0.0492555 0.2701
