2 0.242723 0.35005 0.0380041 0.0672368 0.816256
2 0.823772 0.429135 0.0686089 0.0669957 0.772131
2 0.085231 0.849946 0.0443426 0.0805993 0.635274
0 0.761774 0.735702 0.013166 0.0677643 0.575448
7 0.827179 0.863307 0.111335 0.173897 0.501316
0 0.796296 0.666832 0.0133713 0.0647484 0.465264
0 0.544118 0.354783 0.00994892 0.0457397 0.451167
0 0.74104 0.717701 0.0117872 0.0527351 0.449659
0 0.78458 0.76015 0.0139922 0.0622837 0.430196
9 0.0555944 0.0991689 0.011381 0.0341662 0.391585
9 0.0349016 0.20248 0.0146495 0.0389417 0.376347
0 0.121231 0.481404 0.0141948 0.0701114 0.375902
0 0.87075 0.654332 0.0120632 0.0632335 0.3534
0 0.692895 0.646292 0.0132029 0.0618189 0.3476
9 0.288079 0.794775 0.0323804 0.0518517 0.330324
0 0.188629 0.4226 0.0106039 0.0425734 0.312623
9 0.155561 0.913236 0.009024 0.0415727 0.294729
0 0.207277 0.420712 0.0080574 0.0432683 0.273355
9 0.747088 0.614529 0.0124329 0.0665085 0.271658
