2 0.26352 0.258439 0.0459728 0.0678322 0.809741
2 0.197625 0.247965 0.0439015 0.0619557 0.805614
2 0.135173 0.155828 0.0365874 0.0491941 0.80033
2 0.816412 0.414708 0.057035 0.0633567 0.738941
2 0.213539 0.193078 0.0396158 0.0622649 0.736156
5 0.520438 0.923264 0.154045 0.150024 0.698243
62 0.492566 0.129433 0.116606 0.133282 0.597804
2 0.290106 0.394749 0.0296804 0.065716 0.555097
2 0.166018 0.310922 0.044081 0.0503261 0.537946
0 0.313782 0.733033 0.017104 0.0655814 0.460078
2 0.207653 0.350911 0.0385505 0.0532491 0.425418
5 0.537756 0.290926 0.127744 0.0843537 0.359443
0 0.679826 0.756135 0.0116205 0.055305 0.322307
5 0.0220247 0.123762 0.0435947 0.241782 0.287313
0 0.561422 0.637254 0.0175382 0.0593875 0.266174
62 0.499024 0.135135 0.100236 0.103812 0.261777
