2 0.306047 0.255588 0.0277836 0.0351093 0.534788
2 0.263204 0.265072 0.0296498 0.042685 0.517034
0 0.395537 0.684105 0.0159842 0.0629189 0.508187
2 0.0345758 0.596771 0.0688504 0.0750497 0.487988
9 0.289866 0.803002 0.0363838 0.0365651 0.486308
0 0.333181 0.74682 0.0163473 0.0635293 0.470554
2 0.127826 0.0421999 0.037954 0.0586316 0.445662
0 0.198599 0.509093 0.0146462 0.0602478 0.384393
2 0.902748 0.949292 0.0960972 0.101064 0.372509
0 0.126684 0.540849 0.013517 0.0472619 0.366682
0 0.359596 0.798327 0.011987 0.0616504 0.343985
62 0.492264 0.132681 0.11761 0.141242 0.321147
0 0.636413 0.800795 0.0179739 0.0801614 0.308879
5 0.768443 0.262946 0.110853 0.124105 0.306489
0 0.0686663 0.474955 0.0108313 0.0484382 0.295545
2 0.873946 0.430704 0.0349266 0.0345127 0.29501
0 0.280505 0.884231 0.0166488 0.0842702 0.286019
0 0.268034 0.479669 0.0108167 0.0500426 0.268757
0 0.721585 0.720724 0.0165866 0.0547238 0.268738
0 0.30761 0.349176 0.0100718 0.0482242 0.262499
2 0.306047 0.255588 0.0277836 0.0351093 0.534788
2 0.263204 0.265072 0.0296498 0.042685 0.517034
0 0.395537 0.684105 0.0159842 0.0629189 0.508187
2 0.0345758 0.596771 0.0688504 0.0750497 0.487988
9 0.289866 0.803002 0.0363838 0.0365651 0.486308
0 0.333181 0.74682 0.0163473 0.0635293 0.470554
2 0.127826 0.0421999 0.037954 0.0586316 0.445662
0 0.198599 0.509093 0.0146462 0.0602478 0.384393
2 0.902748 0.949292 0.0960972 0.101064 0.372509
0 0.126684 0.540849 0.013517 0.0472619 0.366682
0 0.359596 0.798327 0.011987 0.0616504 0.343985
62 0.492264 0.132681 0.11761 0.141242 0.321147
0 0.636413 0.800795 0.0179739 0.0801614 0.308879
5 0.768443 0.262946 0.110853 0.124105 0.306489
0 0.0686663 0.474955 0.0108313 0.0484382 0.295545
2 0.873946 0.430704 0.0349266 0.0345127 0.29501
0 0.280505 0.884231 0.0166488 0.0842702 0.286019
0 0.268034 0.479669 0.0108167 0.0500426 0.268757
0 0.721585 0.720724 0.0165866 0.0547238 0.268738
0 0.30761 0.349176 0.0100718 0.0482242 0.262499
