2 0.792586 0.841947 0.0945433 0.116067 0.871147
2 0.378664 0.339425 0.0457242 0.0617128 0.763192
2 0.317638 0.248488 0.0416032 0.0634393 0.740642
2 0.145279 0.0997817 0.0380092 0.0534753 0.739742
2 0.0713221 0.020452 0.0355065 0.0409041 0.628896
2 0.23969 0.158822 0.039135 0.056998 0.61679
5 0.304091 0.598746 0.0581381 0.220702 0.600773
5 0.524681 0.292298 0.104558 0.0866276 0.466423
2 0.400973 0.425623 0.0305179 0.057222 0.462694
62 0.491652 0.129384 0.118564 0.137928 0.381903
2 0.130028 0.0608367 0.0589607 0.0630233 0.323137
2 0.681737 0.341885 0.0275539 0.0375184 0.322297
9 0.0354269 0.205632 0.0147161 0.036082 0.307805
0 0.0158225 0.542412 0.0152034 0.0600359 0.289283
9 0.155592 0.915292 0.00861759 0.0399606 0.271896
2 0.989178 0.788419 0.0210457 0.0610457 0.261861
0 0.168321 0.985276 0.0130783 0.0287347 0.261067
