2 0.191207 0.712465 0.093471 0.103911 0.849752
2 0.519096 0.402628 0.082373 0.077031 0.846227
2 0.286153 0.625679 0.0886779 0.100291 0.829391
2 0.132348 0.686713 0.0909985 0.102888 0.821883
2 0.284924 0.233512 0.0451447 0.0682888 0.809051
2 0.175338 0.10156 0.0378811 0.0617843 0.766786
2 0.243337 0.158904 0.0393301 0.061716 0.697075
2 0.364966 0.332683 0.0512579 0.069874 0.627759
2 0.155382 0.873967 0.0913536 0.115662 0.59286
62 0.492109 0.130293 0.117595 0.144131 0.451997
9 0.735085 0.619089 0.0199483 0.0610735 0.450908
0 0.169912 0.428748 0.0114698 0.0471959 0.444212
2 0.820578 0.371604 0.0361248 0.0464839 0.439758
2 0.068935 0.780673 0.0521577 0.0803379 0.433819
9 0.287891 0.798578 0.0305197 0.0491104 0.431755
0 0.364624 0.942996 0.0314675 0.0938099 0.427089
0 0.535608 0.33812 0.0094553 0.0431958 0.346835
0 0.293686 0.867731 0.0160407 0.0720651 0.330807
0 0.95636 0.620567 0.0145283 0.0515489 0.303901
0 0.127749 0.505134 0.0138144 0.0603927 0.262863
2 0.191207 0.712465 0.093471 0.103911 0.849752
2 0.519096 0.402628 0.082373 0.077031 0.846227
2 0.286153 0.625679 0.0886779 0.100291 0.829391
2 0.132348 0.686713 0.0909985 0.102888 0.821883
2 0.284924 0.233512 0.0451447 0.0682888 0.809051
2 0.175338 0.10156 0.0378811 0.0617843 0.766786
2 0.243337 0.158904 0.0393301 0.061716 0.697075
2 0.364966 0.332683 0.0512579 0.069874 0.627759
2 0.155382 0.873967 0.0913536 0.115662 0.59286
62 0.492109 0.130293 0.117595 0.144131 0.451997
9 0.735085 0.619089 0.0199483 0.0610735 0.450908
0 0.169912 0.428748 0.0114698 0.0471959 0.444212
2 0.820578 0.371604 0.0361248 0.0464839 0.439758
2 0.068935 0.780673 0.0521577 0.0803379 0.433819
9 0.287891 0.798578 0.0305197 0.0491104 0.431755
0 0.364624 0.942996 0.0314675 0.0938099 0.427089
0 0.535608 0.33812 0.0094553 0.0431958 0.346835
0 0.293686 0.867731 0.0160407 0.0720651 0.330807
0 0.95636 0.620567 0.0145283 0.0515489 0.303901
0 0.127749 0.505134 0.0138144 0.0603927 0.262863
