2 0.255909 0.259334 0.0407894 0.0601942 0.78159
5 0.760407 0.311386 0.074696 0.0765867 0.760582
2 0.315888 0.261226 0.0484178 0.0767434 0.754204
5 0.108366 0.05272 0.0677347 0.10544 0.749133
2 0.63899 0.488551 0.0745021 0.0808499 0.737824
5 0.158732 0.0474514 0.0722834 0.0949029 0.733034
2 0.253034 0.16765 0.0424462 0.0594296 0.725
2 0.178197 0.154537 0.0342713 0.0491395 0.720443
2 0.813988 0.412607 0.0686535 0.0619665 0.681241
2 0.216403 0.188529 0.0428223 0.0730259 0.659879
2 0.14654 0.113019 0.0367303 0.044012 0.589771
2 0.813343 0.293218 0.0464758 0.0529655 0.537225
62 0.491739 0.130593 0.11896 0.141547 0.506589
5 0.147426 0.260601 0.0633019 0.116256 0.473628
0 0.565577 0.715853 0.015029 0.0560566 0.457263
2 0.67359 0.44176 0.0536533 0.060959 0.451175
5 0.536386 0.286286 0.124667 0.0752447 0.413405
0 0.41291 0.638386 0.0193 0.0648694 0.350425
