2 0.189074 0.0892164 0.0377868 0.045941 0.726562
2 0.132293 0.246641 0.040289 0.0561207 0.687178
2 0.161595 0.130345 0.0400609 0.062033 0.679643
0 0.209212 0.382194 0.0201264 0.0573556 0.600113
0 0.343052 0.502914 0.0143244 0.048683 0.548842
0 0.255571 0.344242 0.0176725 0.0824025 0.544155
9 0.624637 0.251947 0.0207161 0.0748813 0.495462
0 0.180189 0.38985 0.0128366 0.0469847 0.482584
62 0.492133 0.125561 0.118317 0.136854 0.424118
9 0.291185 0.803162 0.036198 0.0356242 0.410668
0 0.658292 0.56201 0.011101 0.0507356 0.368928
2 0.219518 0.204552 0.0435816 0.0709568 0.349827
9 0.290793 0.795348 0.0383851 0.051 0.330287
9 0.155952 0.912424 0.00933099 0.0413449 0.320098
0 0.154017 0.38788 0.0156833 0.0594922 0.314646
0 0.69129 0.577773 0.0121354 0.0532771 0.308479
9 0.73592 0.608619 0.0129925 0.0347313 0.306852
9 0.571661 0.225825 0.0141842 0.0440887 0.297483
0 0.138373 0.805006 0.0173923 0.056114 0.295921
0 0.335517 0.422588 0.0100352 0.0482045 0.294953
0 0.00576468 0.486299 0.0115019 0.0786672 0.272969
5 0.065327 0.40438 0.130071 0.178713 0.268502
0 0.364559 0.944544 0.031995 0.0961536 0.256321
0 0.680834 0.571835 0.0116859 0.058822 0.251845
