2 0.826361 0.94243 0.093795 0.113008 0.853605
2 0.107381 0.858292 0.0768651 0.0910509 0.735724
2 0.276759 0.878793 0.0490962 0.11543 0.721473
5 0.114225 0.143642 0.0485357 0.119889 0.642124
0 0.0289204 0.555073 0.0156886 0.0580344 0.492057
2 0.102626 0.0519633 0.0344694 0.0536014 0.450294
0 0.745943 0.692631 0.0129322 0.0571472 0.446915
0 0.130004 0.485258 0.0112331 0.0515494 0.441241
0 0.0171885 0.556524 0.0106056 0.0566747 0.399661
0 0.702992 0.649593 0.0129972 0.0710633 0.39883
2 0.286516 0.79365 0.0348259 0.0481316 0.387469
0 0.197696 0.455305 0.0137981 0.0529405 0.372903
0 0.716682 0.689916 0.0106459 0.0580556 0.36059
7 0.114327 0.143873 0.048591 0.117363 0.358386
0 0.77169 0.687123 0.0143204 0.0555514 0.337554
0 0.841169 0.748247 0.0135735 0.0584832 0.313076
0 0.882063 0.715901 0.0128433 0.0710147 0.289804
0 0.811999 0.711666 0.0124018 0.055599 0.276863
