5 0.293961 0.209935 0.0877457 0.130483 0.901979
2 0.282652 0.583982 0.0909124 0.069724 0.853391
5 0.227432 0.193809 0.0813709 0.151832 0.802694
2 0.205862 0.259569 0.0397249 0.0761738 0.77014
5 0.102696 0.0474332 0.068601 0.0948664 0.765973
2 0.173743 0.147248 0.0309505 0.0596075 0.692789
2 0.141315 0.104898 0.0302204 0.0459316 0.681147
2 0.129132 0.230082 0.0498254 0.0568121 0.59787
0 0.0463779 0.561414 0.0171243 0.0556724 0.379702
5 0.0618515 0.40673 0.123684 0.16809 0.353909
0 0.206402 0.33545 0.011739 0.0452986 0.301768
9 0.155613 0.915566 0.00870595 0.0398702 0.280626
0 0.107633 0.973888 0.0153551 0.0508915 0.279731
62 0.492282 0.132631 0.116539 0.138498 0.258818
