2 0.0323953 0.602304 0.0644106 0.0772998 0.770068
2 0.307498 0.573297 0.079166 0.0764513 0.725278
2 0.268466 0.531238 0.0761636 0.0826834 0.702805
2 0.820653 0.926348 0.106283 0.141672 0.696702
2 0.821211 0.365253 0.0275497 0.0526288 0.587549
2 0.651857 0.358772 0.0585083 0.0530918 0.586922
2 0.252942 0.244925 0.0418526 0.0674467 0.563587
62 0.492635 0.132411 0.117782 0.143213 0.428867
9 0.289359 0.796577 0.0385196 0.0515484 0.39153
2 0.209671 0.187969 0.0423708 0.0611173 0.386457
9 0.0549323 0.0964801 0.0118006 0.0322168 0.382473
2 0.14414 0.257363 0.04786 0.0683191 0.378111
2 0.630311 0.610651 0.0446744 0.141699 0.375046
7 0.630158 0.611363 0.0446478 0.140894 0.356578
0 0.818132 0.597496 0.011755 0.0622498 0.346117
0 0.421064 0.305352 0.0107685 0.0473117 0.336098
0 0.732077 0.656381 0.0135068 0.0607712 0.318727
0 0.752228 0.678949 0.0129936 0.036428 0.297724
0 0.751704 0.726411 0.0129215 0.0674418 0.296273
0 0.817627 0.732971 0.014925 0.072405 0.294601
9 0.144219 0.257177 0.0479835 0.0675512 0.29048
9 0.733306 0.611062 0.0143581 0.0395329 0.268468
9 0.155678 0.914447 0.00867324 0.0413845 0.262027
2 0.31436 0.266257 0.0299679 0.0439389 0.251068
