0 0.306807 0.3433 0.0114346 0.0515818 0.62227
62 0.491744 0.128223 0.117313 0.133519 0.576924
0 0.619161 0.576921 0.0116304 0.0547557 0.557278
0 0.44255 0.342373 0.0125708 0.0438228 0.555802
0 0.404691 0.518695 0.011663 0.0463882 0.516738
9 0.28929 0.795442 0.0357113 0.0494685 0.516571
0 0.237869 0.863446 0.0134712 0.060457 0.412337
0 0.293814 0.346762 0.0124044 0.0472077 0.400306
9 0.735472 0.612687 0.0136658 0.0393243 0.382853
0 0.782773 0.626339 0.0106565 0.060102 0.340366
0 0.708913 0.649259 0.0159917 0.0764225 0.330654
0 0.808348 0.611073 0.0121086 0.0400912 0.297445
9 0.142899 0.250477 0.0150882 0.0517533 0.281206
0 0.958245 0.570996 0.0125713 0.0486676 0.270392
