2 0.521491 0.515958 0.0828892 0.0902937 0.854033
2 0.232767 0.504691 0.064708 0.0757704 0.784922
2 0.234128 0.301491 0.0418994 0.0616943 0.769668
2 0.257583 0.261323 0.0404309 0.0601651 0.740021
5 0.118519 0.0594911 0.0735437 0.111499 0.733574
5 0.765715 0.260993 0.107872 0.127161 0.685315
2 0.728378 0.456335 0.06705 0.0683229 0.664162
2 0.168057 0.134199 0.0358645 0.0571993 0.660833
2 0.0473386 0.637865 0.0715699 0.0544484 0.587214
2 0.217785 0.201716 0.047434 0.0670894 0.581654
62 0.492192 0.136937 0.118089 0.139798 0.570486
2 0.26001 0.394044 0.0328094 0.0665461 0.526306
2 0.17358 0.204499 0.0328821 0.0511584 0.494469
0 0.245131 0.71872 0.0154901 0.0619644 0.443542
9 0.155728 0.913267 0.00949469 0.041861 0.37803
0 0.0947385 0.518913 0.0156417 0.0692602 0.301921
2 0.173582 0.304667 0.040981 0.0580878 0.294848
9 0.288698 0.798321 0.0371362 0.0478614 0.25968
