2 0.805593 0.369818 0.0522875 0.0778527 0.688852
0 0.378793 0.823863 0.0183966 0.0632735 0.551135
0 0.838001 0.709086 0.0120163 0.0526844 0.42321
0 0.709433 0.855184 0.0249775 0.075905 0.409227
0 0.970421 0.63478 0.0157711 0.0652573 0.390133
0 0.928276 0.765283 0.0160824 0.0552046 0.384556
0 0.36495 0.942101 0.0324108 0.0938137 0.360859
0 0.262849 0.402093 0.0162742 0.0507929 0.358647
0 0.526133 0.480207 0.0130445 0.056642 0.348176
9 0.0345732 0.202308 0.0138515 0.0327744 0.323111
0 0.917617 0.598699 0.0128445 0.0559397 0.295534
0 0.39209 0.27959 0.0114288 0.0479329 0.29537
13 0.287704 0.793345 0.0326378 0.0461538 0.284658
0 0.476828 0.657052 0.0118248 0.0517995 0.284529
0 0.736656 0.700912 0.0170856 0.0662579 0.281838
0 0.0575808 0.489965 0.0196889 0.080155 0.276593
0 0.808194 0.63558 0.0126015 0.0548404 0.268157
0 0.859566 0.686818 0.01056 0.0596532 0.253067
