5 0.378087 0.383846 0.112846 0.166499 0.938707
5 0.29686 0.217023 0.0890451 0.152643 0.87442
2 0.475297 0.519141 0.050279 0.0933094 0.83261
5 0.251459 0.912482 0.122333 0.171451 0.808721
2 0.264378 0.467058 0.0367374 0.0690972 0.806117
2 0.21692 0.200402 0.0421625 0.0721036 0.787982
2 0.155593 0.127268 0.0350766 0.0551899 0.657825
2 0.212146 0.135077 0.0385361 0.0552967 0.656855
2 0.139227 0.170704 0.0406119 0.0622024 0.603372
0 0.145514 0.514814 0.0113689 0.050072 0.556058
3 0.520285 0.403532 0.0294265 0.0360113 0.441162
2 0.164064 0.0828695 0.0421945 0.0592616 0.430848
2 0.692453 0.379399 0.0426587 0.0518236 0.381795
5 0.022198 0.122725 0.0437225 0.241992 0.322876
0 0.135342 0.976922 0.0157233 0.0448712 0.322207
2 0.811436 0.289291 0.0444105 0.0465129 0.265644
