2 0.327009 0.27393 0.0456822 0.0693541 0.776583
2 0.106539 0.0621593 0.0342431 0.0528126 0.699225
0 0.730889 0.660567 0.0128372 0.05908 0.658957
0 0.373025 0.808255 0.0149684 0.074292 0.535563
0 0.604842 0.554354 0.0159483 0.0449917 0.535549
0 0.0662245 0.527163 0.0168458 0.0609853 0.516627
9 0.734492 0.610239 0.0144054 0.0385975 0.506932
9 0.155828 0.913148 0.00893106 0.040008 0.488155
0 0.426214 0.82611 0.0174244 0.0714501 0.436538
0 0.415369 0.816336 0.0125824 0.0607581 0.425895
9 0.143081 0.250669 0.0150297 0.0521828 0.422773
0 0.364416 0.943624 0.0310261 0.094977 0.39548
0 0.145843 0.388128 0.0127553 0.0449315 0.390176
9 0.288885 0.795642 0.0358737 0.0485172 0.359803
0 0.345629 0.51292 0.014692 0.0522474 0.328708
5 0.0673747 0.403609 0.134749 0.180869 0.326585
9 0.117516 0.267925 0.0141647 0.0346071 0.319657
0 0.677554 0.608768 0.016162 0.0668092 0.317675
62 0.49219 0.128066 0.117945 0.141992 0.29862
9 0.62214 0.247409 0.0159666 0.0639748 0.291976
0 0.808242 0.55036 0.0140074 0.0564806 0.268164
