5 0.649934 0.914585 0.253642 0.165783 0.886347
2 0.172595 0.139617 0.0386851 0.0595041 0.73697
2 0.167397 0.201052 0.0351181 0.0525578 0.729629
62 0.492291 0.13064 0.117716 0.138705 0.617058
0 0.229552 0.91368 0.0138034 0.0654578 0.498467
2 0.10479 0.109977 0.0299012 0.0498443 0.482267
2 0.803342 0.300612 0.065675 0.0650072 0.437272
1 0.22492 0.699023 0.0342596 0.0398383 0.427296
5 0.715629 0.329099 0.0862764 0.0808501 0.423491
0 0.364698 0.946651 0.0330035 0.0980726 0.390822
2 0.0819136 0.0290028 0.0426095 0.056037 0.385388
2 0.890463 0.983066 0.0779228 0.0316786 0.37781
5 0.535832 0.289328 0.127985 0.0806106 0.337502
0 0.00898234 0.54165 0.0165451 0.0653431 0.308678
0 0.0307522 0.551255 0.0139553 0.0547825 0.274151
