2 0.0887067 0.581457 0.0837505 0.0858699 0.861958
2 0.157933 0.126048 0.0368659 0.0564994 0.766029
2 0.758689 0.780175 0.0839774 0.1182 0.765336
2 0.637461 0.382874 0.0653519 0.0677633 0.749811
2 0.271116 0.794595 0.0657547 0.12223 0.710549
9 0.141734 0.250717 0.0122492 0.0537652 0.526505
9 0.155121 0.913223 0.00874419 0.0417552 0.478921
9 0.117294 0.268076 0.0152426 0.0351655 0.464729
0 0.36485 0.946706 0.032753 0.0970272 0.450306
0 0.172423 0.402731 0.0133949 0.0533949 0.395821
0 0.0541982 0.324979 0.00783693 0.0393584 0.343302
0 0.186315 0.404906 0.0119116 0.0564323 0.313361
9 0.735086 0.610794 0.0136251 0.039852 0.308815
0 0.11417 0.47807 0.0122559 0.0588571 0.304223
9 0.582543 0.285396 0.0142775 0.0351569 0.2777
