62 0.49242 0.133567 0.118962 0.144051 0.575217
9 0.3572 0.470251 0.0137095 0.0482476 0.468281
2 0.304799 0.248422 0.0487229 0.0780517 0.448195
2 0.0333945 0.602417 0.066789 0.0746703 0.384527
0 0.531161 0.672133 0.014842 0.0705615 0.376827
62 0.0225547 0.157897 0.0447435 0.170285 0.375038
0 0.255246 0.635339 0.0123154 0.0562919 0.348438
9 0.735965 0.613614 0.00853968 0.030671 0.300599
0 0.13553 0.753914 0.0186372 0.0658808 0.287903
2 0.097645 0.0412522 0.0323926 0.0546023 0.28773
0 0.419111 0.675605 0.0162725 0.0645676 0.27699
0 0.163134 0.587603 0.015267 0.0594585 0.276263
