2 0.208988 0.302158 0.0444402 0.0601954 0.846817
2 0.292568 0.246828 0.0442515 0.067206 0.79871
2 0.486269 0.519613 0.0624918 0.0917721 0.713682
2 0.37977 0.342818 0.0441772 0.0692429 0.580559
2 0.65452 0.692713 0.0860146 0.106129 0.566964
9 0.141971 0.251205 0.0124989 0.0525278 0.541249
9 0.117071 0.267889 0.014518 0.0339924 0.52988
2 0.0832735 0.0311434 0.0353276 0.0525986 0.522616
0 0.364129 0.944277 0.0322367 0.0936273 0.502672
9 0.735192 0.612593 0.0138615 0.0527849 0.470455
9 0.65426 0.692127 0.0863892 0.105591 0.462329
9 0.155577 0.912909 0.00925665 0.0420561 0.438672
2 0.755739 0.336495 0.0560856 0.0625283 0.427003
9 0.571486 0.226335 0.0134467 0.0460885 0.384608
62 0.492078 0.126604 0.117986 0.139734 0.383293
2 0.246926 0.797496 0.0450037 0.103364 0.379163
9 0.582706 0.286529 0.0162319 0.0369768 0.319692
0 0.177536 0.399976 0.0111189 0.0498835 0.295868
0 0.135516 0.360484 0.018728 0.0689548 0.291384
