2 0.29422 0.656775 0.0875133 0.0972902 0.865815
2 0.279284 0.566282 0.0800373 0.0769721 0.838193
5 0.135033 0.0806243 0.0705057 0.117093 0.834999
2 0.0998185 0.731324 0.0830798 0.0920339 0.834788
2 0.24663 0.239486 0.0436286 0.0775558 0.808234
2 0.309445 0.252229 0.0413294 0.0594165 0.799576
2 0.184304 0.510718 0.0679171 0.0754263 0.794723
5 0.242766 0.155177 0.0927013 0.1403 0.777104
2 0.1435 0.182398 0.0388994 0.0625167 0.759458
2 0.0966046 0.66759 0.0961954 0.0903102 0.739842
2 0.686531 0.45698 0.0675584 0.0770849 0.672404
2 0.242548 0.380703 0.0314503 0.0650752 0.654714
2 0.746786 0.373008 0.059621 0.0562732 0.610264
2 0.209573 0.188373 0.0349276 0.0606236 0.560509
2 0.809686 0.323489 0.0415621 0.0497052 0.516329
5 0.536822 0.292918 0.128353 0.0905143 0.51429
2 0.166963 0.309867 0.0405711 0.0598704 0.482099
0 0.696779 0.880765 0.0137472 0.0622966 0.32402
0 0.92886 0.936249 0.0167046 0.0681207 0.313225
0 0.0927704 0.494413 0.00947862 0.0507517 0.253106
