2 0.180139 0.144594 0.0384044 0.0612025 0.757486
62 0.492083 0.132383 0.117565 0.152311 0.580419
0 0.0762499 0.536815 0.0150129 0.0516383 0.546894
9 0.289105 0.797855 0.0352616 0.0426553 0.535487
0 0.2802 0.532884 0.0137007 0.0512651 0.517052
0 0.054945 0.546732 0.0152701 0.0706083 0.486419
0 0.22098 0.949942 0.0167983 0.0674411 0.465733
0 0.756449 0.517055 0.0124853 0.0554993 0.427634
0 0.417636 0.60108 0.0136165 0.0549283 0.395006
2 0.247957 0.238253 0.0428023 0.0659566 0.391551
0 0.277855 0.8698 0.0160437 0.0561885 0.386962
0 0.213293 0.419535 0.0109887 0.0436908 0.344552
0 0.195336 0.362264 0.0142685 0.0464255 0.331562
0 0.533986 0.749695 0.0147717 0.0697676 0.313042
0 0.124043 0.965676 0.0164887 0.0676715 0.274955
0 0.778581 0.669336 0.013609 0.0621803 0.27436
0 0.362681 0.941301 0.034317 0.0926036 0.261482
2 0.180139 0.144594 0.0384044 0.0612025 0.757486
62 0.492083 0.132383 0.117565 0.152311 0.580419
0 0.0762499 0.536815 0.0150129 0.0516383 0.546894
9 0.289105 0.797855 0.0352616 0.0426553 0.535487
0 0.2802 0.532884 0.0137007 0.0512651 0.517052
0 0.054945 0.546732 0.0152701 0.0706083 0.486419
0 0.22098 0.949942 0.0167983 0.0674411 0.465733
0 0.756449 0.517055 0.0124853 0.0554993 0.427634
0 0.417636 0.60108 0.0136165 0.0549283 0.395006
2 0.247957 0.238253 0.0428023 0.0659566 0.391551
0 0.277855 0.8698 0.0160437 0.0561885 0.386962
0 0.213293 0.419535 0.0109887 0.0436908 0.344552
0 0.195336 0.362264 0.0142685 0.0464255 0.331562
0 0.533986 0.749695 0.0147717 0.0697676 0.313042
0 0.124043 0.965676 0.0164887 0.0676715 0.274955
0 0.778581 0.669336 0.013609 0.0621803 0.27436
0 0.362681 0.941301 0.034317 0.0926036 0.261482
