2 0.25997 0.265877 0.0418095 0.0675917 0.710902
2 0.804225 0.38013 0.0551033 0.0683102 0.641579
2 0.836178 0.413342 0.0419674 0.0552027 0.532695
0 0.713656 0.854712 0.0233014 0.0710731 0.478622
0 0.691053 0.618964 0.0185371 0.0633926 0.460645
0 0.733489 0.621451 0.0154694 0.06349 0.418154
0 0.215333 0.590394 0.0125697 0.0524758 0.416202
0 0.365211 0.94357 0.0349259 0.0968136 0.410529
0 0.487909 0.635061 0.0204676 0.0570166 0.369098
0 0.282932 0.490042 0.0165802 0.0620491 0.359319
0 0.533109 0.703881 0.0117395 0.0587028 0.346467
0 0.544464 0.651266 0.0172949 0.0542511 0.341921
0 0.780859 0.553948 0.0129698 0.0518385 0.312301
0 0.513562 0.426129 0.0127601 0.0532037 0.306333
0 0.876955 0.651589 0.0157425 0.0624313 0.30588
0 0.872098 0.599554 0.0136662 0.0557419 0.293305
62 0.492246 0.125883 0.116733 0.136543 0.28401
0 0.180228 0.549978 0.0170461 0.0529939 0.278383
0 0.265112 0.783881 0.014489 0.0440826 0.277666
0 0.16265 0.638327 0.0158629 0.0569399 0.269191
