5 0.811367 0.279591 0.0459501 0.0811578 0.683259
0 0.756197 0.726819 0.0126093 0.0685577 0.681365
2 0.721617 0.350276 0.0668724 0.0581958 0.596991
7 0.82701 0.86326 0.112473 0.175824 0.531817
0 0.769977 0.740041 0.0126279 0.0601813 0.521741
7 0.112108 0.105606 0.0539485 0.0929625 0.518573
9 0.0346018 0.201405 0.0138502 0.0378699 0.510655
0 0.843991 0.749128 0.0137333 0.0607354 0.480253
0 0.0184653 0.533111 0.0124035 0.0552556 0.465638
2 0.874302 0.453927 0.10701 0.106825 0.429686
0 0.81823 0.48138 0.014749 0.0563427 0.399083
0 0.791619 0.633136 0.0116883 0.0634527 0.388188
0 0.784304 0.743436 0.0141288 0.0613217 0.366131
0 0.145139 0.958114 0.0165166 0.0707128 0.364908
9 0.287727 0.794451 0.0321437 0.0513173 0.357264
0 0.780114 0.66243 0.0100463 0.0593336 0.356363
0 0.0677339 0.560255 0.0137517 0.060355 0.35421
5 0.112191 0.1056 0.0536103 0.0934173 0.322738
0 0.732637 0.667242 0.0113262 0.0456153 0.303331
9 0.155473 0.912396 0.00920529 0.0398624 0.292926
0 0.743499 0.646371 0.00987568 0.0535846 0.288476
9 0.57156 0.228637 0.0139807 0.0417235 0.284644
0 0.732613 0.710296 0.0112841 0.0490696 0.273134
