2 0.312367 0.263194 0.0487394 0.0611811 0.757629
0 0.789343 0.676451 0.0140039 0.0611627 0.610803
0 0.759149 0.587569 0.0132408 0.0561682 0.559983
0 0.846276 0.706423 0.0137508 0.0589912 0.549751
0 0.0535789 0.239757 0.0124224 0.0438235 0.526282
0 0.814885 0.753571 0.014439 0.0565182 0.515808
0 0.0622066 0.503869 0.0095691 0.0488339 0.484604
0 0.932344 0.671392 0.0190737 0.0630029 0.48027
0 0.365433 0.943977 0.034 0.0967651 0.437092
0 0.156045 0.451585 0.0124784 0.0519899 0.414726
7 0.169775 0.308025 0.0485525 0.0803964 0.414282
2 0.169834 0.308171 0.0482707 0.0795164 0.409471
0 0.913673 0.737812 0.0151306 0.0605604 0.403568
0 0.170114 0.445739 0.0124959 0.0527228 0.380644
0 0.797515 0.759098 0.0168071 0.0736671 0.356398
0 0.80994 0.519423 0.0113453 0.0507633 0.351747
9 0.0347955 0.199968 0.0131349 0.0378697 0.34329
0 0.817397 0.512065 0.00982819 0.0542912 0.33125
0 0.739457 0.625029 0.0125477 0.059472 0.282537
