2 0.281565 0.21183 0.0408099 0.0628577 0.747562
2 0.259447 0.258586 0.0459508 0.066146 0.700818
2 0.181781 0.324134 0.0337093 0.0655482 0.684263
2 0.330472 0.268668 0.0442848 0.0690366 0.64217
62 0.492216 0.126157 0.118148 0.139658 0.6247
2 0.786322 0.829304 0.077774 0.127452 0.604162
0 0.781228 0.625271 0.0135592 0.0616967 0.588566
2 0.181293 0.156713 0.0424082 0.0552592 0.52634
0 0.684421 0.581242 0.0144184 0.0604848 0.460954
9 0.117233 0.266958 0.0132214 0.0336947 0.448188
2 0.0314279 0.596098 0.0628559 0.072848 0.423892
0 0.364764 0.943761 0.0321815 0.0932383 0.361813
9 0.291506 0.795698 0.0404479 0.0514681 0.350873
9 0.155686 0.911154 0.00840132 0.0410346 0.327394
9 0.14312 0.249911 0.0166072 0.0502984 0.295351
0 0.754765 0.625508 0.0147833 0.0437695 0.27993
9 0.735902 0.610926 0.0128856 0.0393992 0.265302
2 0.811669 0.363234 0.0475616 0.0712475 0.264899
0 0.529204 0.613909 0.0126513 0.0549783 0.256065
