2 0.189328 0.233891 0.0442596 0.0618063 0.787764
2 0.404444 0.359284 0.0556763 0.0773955 0.78432
2 0.516932 0.400426 0.082168 0.0719382 0.760448
7 0.236258 0.918249 0.102567 0.162182 0.744113
2 0.856561 0.965489 0.0789951 0.0686127 0.709571
2 0.235077 0.342623 0.0393782 0.0705039 0.667056
62 0.49177 0.132739 0.118086 0.15212 0.626462
2 0.771747 0.405891 0.063387 0.0670488 0.529296
9 0.287854 0.799267 0.0332261 0.0503576 0.507611
2 0.154484 0.280326 0.0357332 0.0547492 0.504973
0 0.135148 0.480123 0.0145967 0.050395 0.394166
0 0.158059 0.46484 0.0131486 0.0537174 0.392006
2 0.653114 0.951214 0.0899432 0.0918152 0.377694
0 0.364784 0.943487 0.0311545 0.0946855 0.346667
5 0.0631371 0.432546 0.125673 0.118095 0.338785
0 0.107064 0.523519 0.0124346 0.0587989 0.334766
0 0.0235922 0.54408 0.0162527 0.057426 0.307808
9 0.155992 0.911314 0.00906227 0.0414069 0.303277
0 0.118808 0.97038 0.0138909 0.0568651 0.278012
5 0.0646622 0.40263 0.129028 0.181499 0.256058
2 0.189328 0.233891 0.0442596 0.0618063 0.787764
2 0.404444 0.359284 0.0556763 0.0773955 0.78432
2 0.516932 0.400426 0.082168 0.0719382 0.760448
7 0.236258 0.918249 0.102567 0.162182 0.744113
2 0.856561 0.965489 0.0789951 0.0686127 0.709571
2 0.235077 0.342623 0.0393782 0.0705039 0.667056
62 0.49177 0.132739 0.118086 0.15212 0.626462
2 0.771747 0.405891 0.063387 0.0670488 0.529296
9 0.287854 0.799267 0.0332261 0.0503576 0.507611
2 0.154484 0.280326 0.0357332 0.0547492 0.504973
0 0.135148 0.480123 0.0145967 0.050395 0.394166
0 0.158059 0.46484 0.0131486 0.0537174 0.392006
2 0.653114 0.951214 0.0899432 0.0918152 0.377694
0 0.364784 0.943487 0.0311545 0.0946855 0.346667
5 0.0631371 0.432546 0.125673 0.118095 0.338785
0 0.107064 0.523519 0.0124346 0.0587989 0.334766
0 0.0235922 0.54408 0.0162527 0.057426 0.307808
9 0.155992 0.911314 0.00906227 0.0414069 0.303277
0 0.118808 0.97038 0.0138909 0.0568651 0.278012
5 0.0646622 0.40263 0.129028 0.181499 0.256058
