2 0.29719 0.238565 0.0434393 0.0655419 0.816957
2 0.231429 0.34086 0.0405702 0.0733621 0.767494
2 0.196219 0.178047 0.0408135 0.0524774 0.762091
2 0.135005 0.212226 0.0407763 0.0534104 0.735371
2 0.158409 0.134206 0.0366521 0.047246 0.683086
5 0.023291 0.124706 0.0458539 0.245564 0.650943
2 0.717008 0.42215 0.0614861 0.0733081 0.622768
62 0.492236 0.130154 0.117223 0.131809 0.611549
2 0.134874 0.0894571 0.033909 0.0553172 0.549431
2 0.103401 0.710139 0.0989723 0.138525 0.459892
7 0.0981051 0.0410811 0.0498116 0.0807558 0.436878
9 0.155677 0.915363 0.00883186 0.0408627 0.415788
0 0.365385 0.94598 0.033956 0.0981033 0.362455
5 0.536319 0.29179 0.127995 0.0863007 0.314707
9 0.573545 0.228836 0.0169609 0.0433541 0.262846
