2 0.430033 0.449844 0.0558019 0.0744047 0.84305
2 0.271546 0.612265 0.0378191 0.0760074 0.822744
2 0.20698 0.322973 0.0422443 0.0667187 0.795781
2 0.28183 0.778762 0.0451633 0.100761 0.684733
2 0.272393 0.492058 0.0355581 0.0724462 0.602183
2 0.711869 0.335581 0.0777781 0.0551787 0.587683
5 0.879197 0.933893 0.155232 0.129337 0.511186
5 0.542738 0.288964 0.142042 0.0796018 0.491675
2 0.82386 0.397111 0.0306175 0.0613633 0.40845
62 0.491856 0.130074 0.118024 0.135328 0.327601
2 0.0726396 0.0183999 0.0286877 0.0367999 0.28627
0 0.128005 0.962001 0.0173053 0.0659665 0.260381
