2 0.261081 0.253623 0.0471678 0.068256 0.79828
2 0.321028 0.259573 0.0465077 0.0666504 0.730684
9 0.156143 0.911793 0.00887508 0.0410031 0.566184
9 0.289737 0.793373 0.0366707 0.0534732 0.548228
0 0.36604 0.945227 0.0348302 0.0984155 0.475046
0 0.283899 0.651502 0.0130407 0.0502882 0.444084
0 0.846033 0.642088 0.0163849 0.0587518 0.421681
9 0.735295 0.613891 0.0166005 0.0541473 0.399191
0 0.302033 0.646649 0.0179329 0.073378 0.389015
0 0.757551 0.567726 0.00921478 0.0367511 0.340226
0 0.154179 0.418628 0.012919 0.0567606 0.334566
9 0.623269 0.23681 0.0154299 0.050538 0.313047
0 0.621606 0.619055 0.0171497 0.0543179 0.309897
0 0.129753 0.413372 0.0122759 0.059466 0.261661
62 0.491955 0.124611 0.117967 0.139305 0.25658
