2 0.123093 0.137837 0.034833 0.0527456 0.725724
2 0.808998 0.373265 0.0445014 0.0563034 0.661646
62 0.491676 0.129528 0.117653 0.134101 0.477548
2 0.839001 0.409098 0.0425407 0.0436521 0.46195
2 0.106441 0.217546 0.0363692 0.0468353 0.456878
0 0.0797866 0.558134 0.0187077 0.0614717 0.35838
0 0.780029 0.755651 0.0207165 0.0712545 0.333076
0 0.934657 0.670356 0.0118916 0.05611 0.321941
0 0.225838 0.876383 0.0181496 0.0794386 0.292524
9 0.0346735 0.203102 0.0137009 0.0341521 0.289932
0 0.875872 0.713722 0.0140842 0.0585429 0.277026
0 0.284935 0.965895 0.0181475 0.0679752 0.266177
0 0.951302 0.731686 0.0241013 0.0642095 0.259507
0 0.700104 0.845688 0.0149874 0.0672114 0.254333
0 0.89588 0.741077 0.0123074 0.0624366 0.25026
