5 0.279213 0.196852 0.100427 0.165436 0.81841
2 0.218096 0.211971 0.0391169 0.0553111 0.779935
2 0.286582 0.293672 0.0508359 0.0714061 0.754137
2 0.134673 0.0922754 0.0393461 0.0594215 0.703327
2 0.174952 0.14512 0.0428532 0.0686413 0.673296
2 0.173961 0.0794386 0.0343137 0.0450158 0.596215
2 0.208956 0.13678 0.0425606 0.0620871 0.480435
0 0.703592 0.884619 0.0150215 0.0613488 0.455718
0 0.970127 0.608253 0.014888 0.0637713 0.399045
62 0.494181 0.129032 0.113453 0.133545 0.373833
2 0.0863255 0.0901906 0.027564 0.0467989 0.371729
0 0.0724363 0.539691 0.0156553 0.0637179 0.329447
0 0.109712 0.971632 0.0178653 0.0548845 0.287612
0 0.365117 0.946956 0.0335372 0.0987796 0.277395
0 0.131555 0.967834 0.0179122 0.0626285 0.27632
9 0.155655 0.915179 0.00892718 0.0401774 0.274282
5 0.533385 0.291853 0.125183 0.084509 0.267953
5 0.0228506 0.123763 0.0454098 0.245226 0.260589
