2 0.31955 0.665343 0.0891225 0.0964006 0.853312
2 0.266884 0.258803 0.0428164 0.0687985 0.763341
2 0.218919 0.208405 0.0397635 0.0613748 0.759685
2 0.808537 0.406149 0.0604036 0.0800396 0.706147
2 0.42683 0.550635 0.108698 0.108202 0.660968
2 0.242604 0.377846 0.0350026 0.0687325 0.646866
9 0.291919 0.796423 0.0430875 0.0524682 0.541844
9 0.155788 0.915347 0.00890701 0.0392617 0.44356
0 0.517791 0.336361 0.00963793 0.0400983 0.42957
5 0.757023 0.262253 0.0939545 0.130779 0.428537
0 0.770169 0.535555 0.0115141 0.0540648 0.406251
0 0.793904 0.621715 0.0113907 0.0563487 0.375547
62 0.492572 0.134452 0.117852 0.132843 0.369393
9 0.735754 0.60919 0.012089 0.0407642 0.341054
0 0.709853 0.656522 0.0166456 0.0682183 0.319567
0 0.833725 0.570516 0.0139246 0.0602222 0.315721
9 0.121819 0.378728 0.0128284 0.0387714 0.295176
0 0.770684 0.610975 0.0160886 0.0596149 0.293359
9 0.109533 0.213294 0.0228156 0.0576102 0.290797
0 0.031598 0.543351 0.010253 0.057879 0.276383
0 0.364902 0.945318 0.0332664 0.0972026 0.271871
5 0.0568778 0.408266 0.113375 0.169583 0.261481
5 0.530688 0.301056 0.116124 0.106704 0.256386
