5 0.399009 0.408915 0.116189 0.175985 0.934907
2 0.798642 0.912248 0.0893199 0.134767 0.822666
2 0.806339 0.37156 0.0619434 0.0787565 0.798199
2 0.265938 0.598513 0.0327445 0.0894977 0.791357
2 0.268238 0.177542 0.0447903 0.069442 0.783179
2 0.13762 0.0953713 0.0323873 0.0606753 0.567776
2 0.155784 0.282334 0.0419816 0.0610275 0.533298
5 0.765103 0.261107 0.113182 0.133573 0.508085
9 0.736699 0.609574 0.0181999 0.0528554 0.445598
2 0.171263 0.0976403 0.031427 0.0567063 0.427379
0 0.364634 0.944391 0.0332669 0.0911875 0.416094
9 0.287506 0.797033 0.0330933 0.0538618 0.388183
9 0.155719 0.913644 0.00798812 0.0405572 0.384995
9 0.121141 0.376342 0.0125219 0.0358636 0.316856
0 0.670493 0.875036 0.0117863 0.0593916 0.315769
