5 0.558451 0.904001 0.223043 0.186812 0.930477
5 0.813888 0.881267 0.190065 0.228185 0.921071
5 0.270219 0.709864 0.066609 0.254754 0.895548
5 0.238152 0.304027 0.0595334 0.119943 0.867159
5 0.699697 0.327931 0.123501 0.151605 0.847768
2 0.572767 0.651299 0.0701391 0.097031 0.841428
2 0.470292 0.521093 0.0586021 0.0886019 0.839456
2 0.466821 0.39237 0.0735994 0.062845 0.823985
2 0.224817 0.204734 0.0393299 0.0594057 0.783771
2 0.328371 0.351078 0.046618 0.0675359 0.768439
2 0.275424 0.42797 0.0383666 0.0746579 0.742368
2 0.178589 0.332792 0.0458201 0.0620763 0.619702
2 0.831218 0.404099 0.0586889 0.061971 0.613617
2 0.0623901 0.016926 0.0334193 0.033852 0.48422
2 0.14882 0.117843 0.0350175 0.0469548 0.355147
2 0.152911 0.290902 0.0353739 0.0558187 0.344007
