2 0.169339 0.306417 0.0477408 0.0749066 0.597043
0 0.93008 0.632439 0.0160118 0.0645582 0.565776
0 0.0668927 0.529851 0.0142228 0.0502097 0.563745
0 0.323299 0.589085 0.0195192 0.0932549 0.53749
0 0.338726 0.564463 0.0166682 0.0570101 0.531869
0 0.618399 0.746682 0.0164789 0.0580963 0.52945
0 0.797162 0.662729 0.0148888 0.0650922 0.523196
0 0.728547 0.751996 0.0117069 0.0597727 0.508615
0 0.554533 0.596241 0.0158037 0.0603635 0.499535
2 0.812964 0.367809 0.0389648 0.0548628 0.479291
0 0.168503 0.511369 0.0145223 0.0459913 0.462303
0 0.754763 0.757816 0.0141608 0.0593623 0.378202
0 0.70906 0.844566 0.0153692 0.0669856 0.363025
0 0.146164 0.401586 0.0130482 0.0554331 0.358926
0 0.381327 0.572854 0.0137305 0.0593553 0.356023
9 0.0349946 0.202041 0.0133365 0.0321679 0.347628
2 0.820711 0.407048 0.0394783 0.0513294 0.346407
0 0.268517 0.551927 0.0131608 0.0604146 0.336857
0 0.533945 0.593887 0.0204944 0.0610529 0.312642
0 0.36504 0.940985 0.0334486 0.0933417 0.30632
9 0.37085 0.400403 0.0222218 0.0524145 0.296159
0 0.548202 0.770091 0.0214573 0.0560313 0.280878
0 0.493268 0.851352 0.0150032 0.0651282 0.280739
0 0.977526 0.652559 0.0184187 0.0781328 0.269689
62 0.49233 0.125511 0.116788 0.136051 0.266712
0 0.995509 0.549582 0.00819778 0.0547217 0.265157
0 0.257492 0.568691 0.0120077 0.0507472 0.265054
0 0.901024 0.754293 0.0170324 0.0611004 0.25801
