2 0.804133 0.447522 0.0638798 0.0784896 0.771256
7 0.179143 0.198357 0.0558796 0.106433 0.731448
9 0.142932 0.251183 0.0143323 0.054802 0.678096
2 0.231052 0.306246 0.0406786 0.0698624 0.660683
0 0.138047 0.468891 0.0104525 0.0496614 0.56596
0 0.125363 0.968342 0.016519 0.0630391 0.554753
0 0.064891 0.528469 0.0114113 0.0571692 0.535602
9 0.286371 0.798494 0.0343992 0.054639 0.499288
5 0.0626795 0.406955 0.125359 0.180311 0.479649
0 0.363111 0.945008 0.0288993 0.094261 0.462384
9 0.155771 0.911808 0.0097394 0.0425707 0.435615
9 0.11724 0.267754 0.0155026 0.0343786 0.388365
0 0.802727 0.553803 0.0123116 0.0622416 0.376448
9 0.582775 0.285571 0.0145521 0.036693 0.32205
0 0.820456 0.562214 0.011272 0.0589767 0.316191
0 0.110994 0.968731 0.0141471 0.0602915 0.314952
9 0.623152 0.249381 0.0172361 0.0683623 0.301013
9 0.378789 0.143395 0.0174201 0.0643744 0.285659
62 0.492324 0.126822 0.117696 0.13683 0.27903
