2 0.307267 0.256222 0.0404921 0.0596486 0.805032
2 0.263234 0.196636 0.0432299 0.0608017 0.78189
2 0.0971531 0.0410347 0.029541 0.0452191 0.773958
2 0.189146 0.0892808 0.0373311 0.0460366 0.757262
2 0.81808 0.402021 0.0409254 0.0659883 0.62756
2 0.205891 0.181933 0.0395838 0.0664237 0.624483
0 0.690963 0.623688 0.0144405 0.0598625 0.619048
9 0.155982 0.91223 0.00879202 0.0395515 0.597587
9 0.290467 0.794452 0.0383583 0.0529471 0.51206
9 0.626443 0.248809 0.0243567 0.0807167 0.425816
0 0.138847 0.444927 0.0144486 0.0622026 0.35172
0 0.923598 0.707263 0.0148609 0.0684191 0.310363
9 0.256918 0.838553 0.0150981 0.0455136 0.305741
9 0.735655 0.612259 0.012586 0.0451603 0.305162
62 0.492256 0.126676 0.118849 0.141661 0.27107
