2 0.219491 0.27627 0.0410028 0.0621532 0.811217
7 0.198671 0.88853 0.10995 0.198153 0.771794
2 0.158343 0.193844 0.0377578 0.0544017 0.74371
0 0.763271 0.527324 0.0117434 0.0533357 0.552299
2 0.0346899 0.596876 0.0693797 0.0823914 0.511866
0 0.0716484 0.521279 0.0159514 0.0607661 0.459699
9 0.286993 0.798158 0.0334872 0.058017 0.416328
9 0.73557 0.610969 0.0147451 0.0417779 0.380021
9 0.117196 0.267028 0.0142901 0.033812 0.357538
9 0.572745 0.226652 0.0164976 0.0449232 0.353567
9 0.140435 0.248797 0.011603 0.0519633 0.315075
0 0.452697 0.32847 0.00949421 0.0660118 0.307308
9 0.621876 0.250921 0.0165518 0.074511 0.286229
9 0.27417 0.53057 0.0377824 0.0895128 0.279657
2 0.274574 0.535392 0.0372325 0.0774984 0.272886
9 0.583585 0.285535 0.0145472 0.0349158 0.252241
