2 0.192536 0.541795 0.0683125 0.0806604 0.769598
2 0.365825 0.618083 0.0847335 0.0851735 0.768062
62 0.491983 0.134085 0.118208 0.144023 0.755195
2 0.161467 0.125331 0.0366158 0.05663 0.667893
2 0.550173 0.449955 0.0702856 0.0709395 0.657255
2 0.238984 0.23274 0.0396478 0.0679774 0.650664
2 0.0334494 0.593115 0.0668987 0.0789012 0.624341
5 0.0635735 0.437982 0.127147 0.110928 0.436988
2 0.204264 0.184335 0.0403326 0.0542164 0.414189
2 0.0469668 0.70962 0.0936071 0.128956 0.412222
9 0.141904 0.251878 0.0120383 0.0495928 0.397664
2 0.307879 0.259855 0.0475084 0.0597054 0.381528
2 0.623226 0.368177 0.0565731 0.0605986 0.324035
9 0.386599 0.221828 0.0115908 0.0382907 0.302126
9 0.120682 0.376023 0.0114519 0.0318709 0.294498
9 0.15264 0.268223 0.0113274 0.0234085 0.257165
0 0.0849329 0.527818 0.0118012 0.0590449 0.251214
