2 0.457917 0.470907 0.069305 0.0978493 0.786451
2 0.230501 0.163096 0.0409019 0.0573401 0.77979
2 0.0877069 0.842038 0.0724538 0.0838179 0.775558
2 0.350528 0.358081 0.0508503 0.0793371 0.766508
2 0.394349 0.475341 0.0398127 0.0843984 0.641306
2 0.187455 0.245886 0.0395946 0.058481 0.608883
0 0.983475 0.563552 0.0132313 0.0554743 0.501069
9 0.155651 0.91155 0.00959942 0.0431208 0.476076
0 0.0721308 0.521248 0.0189432 0.069912 0.46772
0 0.780499 0.734191 0.0203506 0.106916 0.462405
0 0.0581462 0.53487 0.0124713 0.0603695 0.450699
0 0.116868 0.272105 0.0171875 0.0683089 0.439928
62 0.491887 0.128346 0.11774 0.143598 0.382681
0 0.157726 0.461093 0.0135741 0.0537142 0.376624
5 0.768459 0.264779 0.112259 0.11695 0.367414
9 0.734757 0.612592 0.0149582 0.0456026 0.34338
9 0.583642 0.285779 0.0130196 0.0346078 0.329406
7 0.270912 0.86607 0.0450971 0.115279 0.319403
0 0.136633 0.978047 0.0141994 0.0419927 0.312634
0 0.938949 0.624937 0.0140934 0.0509477 0.312196
0 0.146555 0.398537 0.013043 0.0505385 0.270171
2 0.270796 0.869557 0.0441814 0.107773 0.266874
2 0.69092 0.368244 0.0691605 0.0566416 0.2582
0 0.44235 0.301482 0.00885134 0.0439928 0.258066
0 0.671998 0.534609 0.014607 0.0549708 0.253937
0 0.0985395 0.496332 0.0107659 0.0584066 0.25264
2 0.457917 0.470907 0.069305 0.0978493 0.786451
2 0.230501 0.163096 0.0409019 0.0573401 0.77979
2 0.0877069 0.842038 0.0724538 0.0838179 0.775558
2 0.350528 0.358081 0.0508503 0.0793371 0.766508
2 0.394349 0.475341 0.0398127 0.0843984 0.641306
2 0.187455 0.245886 0.0395946 0.058481 0.608883
0 0.983475 0.563552 0.0132313 0.0554743 0.501069
9 0.155651 0.91155 0.00959942 0.0431208 0.476076
0 0.0721308 0.521248 0.0189432 0.069912 0.46772
0 0.780499 0.734191 0.0203506 0.106916 0.462405
0 0.0581462 0.53487 0.0124713 0.0603695 0.450699
0 0.116868 0.272105 0.0171875 0.0683089 0.439928
62 0.491887 0.128346 0.11774 0.143598 0.382681
0 0.157726 0.461093 0.0135741 0.0537142 0.376624
5 0.768459 0.264779 0.112259 0.11695 0.367414
9 0.734757 0.612592 0.0149582 0.0456026 0.34338
9 0.583642 0.285779 0.0130196 0.0346078 0.329406
7 0.270912 0.86607 0.0450971 0.115279 0.319403
0 0.136633 0.978047 0.0141994 0.0419927 0.312634
0 0.938949 0.624937 0.0140934 0.0509477 0.312196
0 0.146555 0.398537 0.013043 0.0505385 0.270171
2 0.270796 0.869557 0.0441814 0.107773 0.266874
2 0.69092 0.368244 0.0691605 0.0566416 0.2582
0 0.44235 0.301482 0.00885134 0.0439928 0.258066
0 0.671998 0.534609 0.014607 0.0549708 0.253937
0 0.0985395 0.496332 0.0107659 0.0584066 0.25264
