2 0.265362 0.585199 0.0827414 0.0906842 0.808951
2 0.0800564 0.670175 0.0892656 0.0787832 0.798222
2 0.465703 0.496877 0.0757673 0.0740267 0.727904
2 0.254407 0.257504 0.0439733 0.0616405 0.710586
2 0.418672 0.568086 0.0804026 0.0826731 0.682394
2 0.216541 0.200361 0.0435678 0.0732245 0.681878
2 0.245835 0.368408 0.0363411 0.0661099 0.65991
2 0.498132 0.567289 0.0673548 0.0886322 0.655541
2 0.614984 0.473964 0.0714398 0.0773042 0.61153
2 0.318951 0.248258 0.0416784 0.0624703 0.603503
3 0.317039 0.739075 0.0336451 0.0541056 0.485162
62 0.492281 0.135513 0.118631 0.147601 0.471031
2 0.651531 0.414317 0.0654621 0.0695284 0.455477
2 0.85364 0.414997 0.0267418 0.0414191 0.403064
0 0.816012 0.781529 0.0168207 0.0998732 0.389667
9 0.287488 0.795476 0.0363245 0.0511169 0.356085
0 0.364396 0.941671 0.0316353 0.0871667 0.337729
9 0.121652 0.374635 0.0112532 0.0365896 0.309013
9 0.155732 0.91566 0.00841341 0.0406959 0.303869
5 0.522079 0.299384 0.112246 0.108492 0.263138
0 0.679001 0.68249 0.0218459 0.0998983 0.254196
2 0.761793 0.409185 0.0535554 0.0700917 0.250933
