2 0.264588 0.258986 0.0456732 0.0614051 0.732486
9 0.289551 0.802215 0.0346565 0.0333238 0.584585
2 0.759856 0.966143 0.108171 0.0677148 0.473567
0 0.577818 0.552967 0.0128181 0.0508752 0.41838
0 0.560411 0.75478 0.0130403 0.0617204 0.411781
0 0.755494 0.575302 0.0108677 0.0548219 0.405019
0 0.368792 0.645642 0.01305 0.0717127 0.395444
2 0.771506 0.405961 0.0639568 0.0648785 0.390413
9 0.735054 0.609232 0.0141913 0.0382499 0.345785
62 0.492637 0.128812 0.118222 0.143407 0.329567
0 0.0929163 0.580794 0.0097995 0.0489107 0.326562
0 0.348696 0.831075 0.0148428 0.0531921 0.294693
0 0.938671 0.653509 0.0169435 0.0645847 0.294339
0 0.306141 0.831096 0.0114821 0.0676025 0.288154
0 0.619451 0.764994 0.0189086 0.0653883 0.268875
0 0.833758 0.658032 0.0185123 0.0604486 0.252807
2 0.264588 0.258986 0.0456732 0.0614051 0.732486
9 0.289551 0.802215 0.0346565 0.0333238 0.584585
2 0.759856 0.966143 0.108171 0.0677148 0.473567
0 0.577818 0.552967 0.0128181 0.0508752 0.41838
0 0.560411 0.75478 0.0130403 0.0617204 0.411781
0 0.755494 0.575302 0.0108677 0.0548219 0.405019
0 0.368792 0.645642 0.01305 0.0717127 0.395444
2 0.771506 0.405961 0.0639568 0.0648785 0.390413
9 0.735054 0.609232 0.0141913 0.0382499 0.345785
62 0.492637 0.128812 0.118222 0.143407 0.329567
0 0.0929163 0.580794 0.0097995 0.0489107 0.326562
0 0.348696 0.831075 0.0148428 0.0531921 0.294693
0 0.938671 0.653509 0.0169435 0.0645847 0.294339
0 0.306141 0.831096 0.0114821 0.0676025 0.288154
0 0.619451 0.764994 0.0189086 0.0653883 0.268875
0 0.833758 0.658032 0.0185123 0.0604486 0.252807
