2 0.352141 0.287594 0.0430961 0.0650018 0.708416
2 0.256928 0.732856 0.0417443 0.0979435 0.703063
2 0.458913 0.38114 0.0694516 0.0648721 0.67226
2 0.16323 0.0574145 0.0376134 0.049608 0.670732
0 0.693877 0.558613 0.0112791 0.0560636 0.600641
0 0.810103 0.483136 0.010681 0.0531114 0.541298
0 0.767715 0.642206 0.0133755 0.0613887 0.529758
2 0.284194 0.925643 0.0504817 0.113581 0.526146
9 0.155824 0.910528 0.0092757 0.0408573 0.499609
9 0.736089 0.610613 0.0109556 0.041609 0.455279
0 0.762477 0.544571 0.0115709 0.0557978 0.447273
9 0.583526 0.285965 0.0150501 0.0383602 0.430922
9 0.623985 0.251022 0.0192122 0.0744671 0.411901
9 0.141891 0.248954 0.0112775 0.0510797 0.381977
0 0.697659 0.636635 0.012359 0.0584983 0.374072
0 0.132854 0.499672 0.0102623 0.0541 0.312007
0 0.120265 0.5055 0.0101378 0.0501809 0.30016
9 0.572281 0.22688 0.016499 0.0467596 0.284422
9 0.679797 0.36023 0.00960827 0.0264292 0.258743
0 0.363416 0.939526 0.0282668 0.0827033 0.252683
