2 0.181352 0.148765 0.03731 0.0579308 0.797623
2 0.263177 0.26177 0.0426262 0.0676537 0.763877
2 0.306976 0.265196 0.0482358 0.0595146 0.754267
2 0.135662 0.0892528 0.0362831 0.0536149 0.743264
2 0.226855 0.206001 0.0415731 0.0597667 0.686505
2 0.031486 0.596107 0.0629719 0.0759649 0.678596
0 0.302901 0.418837 0.0122811 0.0487743 0.558464
0 0.553072 0.831221 0.0168223 0.0691383 0.527382
2 0.828045 0.43739 0.0563496 0.0846381 0.453938
62 0.492051 0.126278 0.118184 0.137266 0.436838
0 0.204696 0.37925 0.0114106 0.0459652 0.428735
0 0.110701 0.512118 0.012904 0.0578395 0.389575
0 0.25293 0.360369 0.0164583 0.065795 0.38812
9 0.291269 0.794928 0.0399565 0.0546967 0.377907
9 0.624718 0.249651 0.0221184 0.0795008 0.368708
9 0.155893 0.911663 0.00858164 0.0410648 0.312607
9 0.583991 0.286241 0.0162714 0.0413371 0.29836
9 0.117546 0.266838 0.0146349 0.0348034 0.29611
9 0.572045 0.227164 0.0141675 0.043227 0.285466
0 0.364871 0.940912 0.031855 0.0929927 0.277657
0 0.177713 0.388919 0.0113853 0.0499346 0.274367
0 0.104393 0.510733 0.0164756 0.0616202 0.25976
