5 0.244993 0.146876 0.0806591 0.123197 0.863432
2 0.310481 0.245809 0.0451529 0.0557805 0.832965
5 0.060576 0.407496 0.120931 0.171117 0.7879
5 0.251028 0.230291 0.0643599 0.112554 0.774765
2 0.461522 0.492018 0.0723503 0.0692659 0.695989
2 0.194401 0.236785 0.0327297 0.0574405 0.688498
5 0.111991 0.197292 0.0449459 0.106748 0.653948
2 0.204567 0.176063 0.0343399 0.0641496 0.539535
0 0.129769 0.96812 0.0155571 0.0632339 0.438292
2 0.0760877 0.0199954 0.0237124 0.0395508 0.40635
0 0.132853 0.491081 0.0131151 0.055938 0.364341
9 0.155396 0.914447 0.00868936 0.0417596 0.34408
5 0.157178 0.102526 0.0826213 0.135119 0.335532
0 0.0102802 0.563589 0.0121806 0.0531125 0.329166
5 0.53458 0.29157 0.128464 0.0867705 0.327192
9 0.0346108 0.205619 0.0136687 0.0329032 0.326947
0 0.0688602 0.531811 0.0126037 0.0564819 0.326626
0 0.0851178 0.520302 0.0146992 0.0699444 0.295394
0 0.147478 0.412496 0.00965781 0.0444125 0.288712
0 0.54289 0.344883 0.00909805 0.0428367 0.274352
62 0.491485 0.128705 0.11818 0.134466 0.272223
2 0.111869 0.196542 0.044402 0.105184 0.269136
