5 0.56581 0.910021 0.220863 0.174682 0.900074
2 0.250439 0.664962 0.0937251 0.0939579 0.886141
2 0.612399 0.690363 0.0644815 0.106888 0.853031
2 0.600744 0.483938 0.0770231 0.0725544 0.839734
2 0.242484 0.600549 0.0833246 0.0818743 0.819284
2 0.247994 0.432781 0.0516046 0.0785529 0.779142
2 0.535676 0.452777 0.0705311 0.0667235 0.776387
5 0.234767 0.200894 0.0842407 0.149211 0.772994
2 0.304041 0.238921 0.0404425 0.0677495 0.7717
2 0.755671 0.41366 0.066222 0.0792898 0.759861
2 0.178455 0.234681 0.0371833 0.056014 0.707448
2 0.724939 0.371757 0.0737524 0.0731205 0.690339
5 0.53645 0.293072 0.131108 0.0845256 0.655197
5 0.757369 0.849454 0.190199 0.28926 0.638305
2 0.213562 0.117495 0.0267694 0.0280916 0.529495
2 0.641006 0.414023 0.0763721 0.0625666 0.482924
0 0.462411 0.834625 0.0184564 0.0651181 0.407137
2 0.103992 0.0564584 0.0306801 0.0517323 0.388923
2 0.822059 0.32518 0.0281809 0.049369 0.388232
2 0.0366318 0.610527 0.0730443 0.10894 0.379689
7 0.0367784 0.61064 0.0734043 0.108721 0.335584
2 0.163393 0.0739929 0.0325014 0.0461319 0.300415
62 0.492222 0.129292 0.117865 0.138388 0.295598
9 0.15543 0.915349 0.00832658 0.0412065 0.27237
