5 0.220904 0.19437 0.0592133 0.108776 0.84529
5 0.230344 0.442231 0.071634 0.136476 0.821207
2 0.649299 0.450021 0.0687395 0.0785326 0.811699
5 0.164572 0.11312 0.0763059 0.120655 0.776825
5 0.303275 0.219147 0.0747379 0.152354 0.775205
2 0.256044 0.256248 0.041061 0.0650751 0.768763
2 0.0703325 0.602365 0.0933577 0.0965679 0.727604
2 0.558574 0.439188 0.0583384 0.0696676 0.699585
2 0.098092 0.214849 0.0436262 0.0492741 0.664484
62 0.491688 0.129291 0.118459 0.1388 0.633423
5 0.538463 0.29225 0.132816 0.0891279 0.530141
2 0.827058 0.374724 0.0208696 0.0360395 0.516633
3 0.180194 0.687164 0.0469099 0.0633545 0.491679
2 0.314872 0.617129 0.04549 0.0654578 0.489771
3 0.08406 0.738398 0.0335651 0.0537354 0.411809
5 0.252 0.179483 0.0353937 0.0816057 0.313176
3 0.315265 0.61684 0.0464158 0.0655973 0.308757
0 0.870332 0.892811 0.0147793 0.0721856 0.307139
3 0.412275 0.566354 0.0420894 0.0650681 0.298865
2 0.41235 0.566225 0.0420316 0.0650697 0.279733
9 0.154783 0.915545 0.00858154 0.0417467 0.250006
