2 0.782535 0.907912 0.0925186 0.133072 0.822431
2 0.621214 0.679108 0.0738895 0.104613 0.820586
2 0.189643 0.92851 0.0884691 0.10352 0.455416
9 0.73583 0.611873 0.0119225 0.0417987 0.431586
9 0.582927 0.286283 0.0139435 0.0365247 0.426243
0 0.749183 0.684126 0.0130571 0.0613118 0.403119
2 0.889126 0.459326 0.0724825 0.0760727 0.38873
9 0.143361 0.251543 0.0136491 0.0519399 0.380349
2 0.019219 0.608761 0.0380941 0.0644738 0.357759
0 0.081062 0.515485 0.0161653 0.0563266 0.33137
9 0.168288 0.266847 0.0273253 0.0592185 0.323021
0 0.53822 0.358033 0.0101198 0.0501139 0.322139
0 0.544994 0.358441 0.0109772 0.0507921 0.309045
9 0.117405 0.268129 0.0143358 0.032819 0.29062
9 0.287101 0.798113 0.0331284 0.0548077 0.285537
0 0.570021 0.34835 0.00981245 0.0471156 0.280421
0 0.582078 0.347133 0.0102942 0.0558351 0.280106
9 0.571126 0.226782 0.014435 0.0463244 0.268675
0 0.697198 0.647334 0.00952759 0.0614371 0.268512
