2 0.837085 0.405346 0.0537594 0.055426 0.762085
2 0.800119 0.373685 0.0628662 0.0706338 0.723692
0 0.403178 0.790979 0.0253821 0.0687768 0.515197
0 0.223027 0.65042 0.0120022 0.0573234 0.504307
2 0.296786 0.235337 0.0603323 0.0872525 0.474818
0 0.767531 0.742929 0.0144346 0.0597666 0.453605
0 0.0895193 0.542051 0.0145062 0.0619568 0.450785
0 0.41367 0.606525 0.0208317 0.0777279 0.415213
0 0.173296 0.432382 0.0121972 0.0508651 0.385007
0 0.0809516 0.436604 0.014251 0.0521839 0.380185
9 0.0345726 0.201226 0.0142168 0.0371346 0.372319
0 0.156161 0.469351 0.00906148 0.0521556 0.362971
5 0.76622 0.259971 0.11145 0.132476 0.341664
0 0.940296 0.680264 0.0179068 0.0648468 0.313758
0 0.417315 0.82356 0.0233273 0.0768812 0.312169
0 0.706954 0.65194 0.0168926 0.0691138 0.289696
0 0.64256 0.728353 0.0178261 0.0668908 0.289133
0 0.687929 0.627998 0.0150875 0.0738278 0.253616
