5 0.134973 0.16912 0.0776733 0.127316 0.87188
2 0.21694 0.197065 0.0426775 0.0676464 0.825378
5 0.465055 0.372205 0.154349 0.137583 0.749812
2 0.358258 0.395585 0.0575823 0.0898358 0.709149
5 0.548657 0.913264 0.20738 0.170157 0.694862
2 0.233281 0.346971 0.0403204 0.0629018 0.673989
2 0.283578 0.295218 0.0457073 0.0709078 0.657223
2 0.271086 0.799147 0.0673556 0.107755 0.62966
2 0.150737 0.115701 0.0407184 0.0508296 0.596976
62 0.492288 0.134935 0.117636 0.147973 0.582373
9 0.155224 0.914257 0.00941291 0.0429681 0.499876
5 0.462342 0.939935 0.157341 0.118645 0.434655
3 0.281991 0.595599 0.0359602 0.0823639 0.434321
2 0.182406 0.0877908 0.0368316 0.0484827 0.386591
2 0.268289 0.178506 0.04588 0.0714546 0.344666
7 0.268207 0.178274 0.0458038 0.0714824 0.292746
9 0.122574 0.378726 0.0113665 0.0395286 0.287442
5 0.0903239 0.031903 0.0364181 0.0622949 0.260676
9 0.584084 0.286642 0.00898495 0.0282725 0.259983
2 0.662379 0.866554 0.0494122 0.0581712 0.259951
