2 0.250409 0.245166 0.047086 0.0766574 0.822809
2 0.204429 0.194642 0.0351302 0.0480484 0.802335
2 0.309434 0.257716 0.0365473 0.0592121 0.801306
2 0.143182 0.183349 0.0407222 0.0574306 0.755045
2 0.169622 0.139712 0.0394851 0.0547884 0.736122
2 0.712847 0.335476 0.0770147 0.0545575 0.702303
0 0.132175 0.970107 0.0161963 0.0596381 0.50337
0 0.0943812 0.523368 0.0133687 0.0541542 0.378863
0 0.120616 0.947737 0.0122671 0.0519684 0.378668
9 0.155553 0.915494 0.00884063 0.0392344 0.370814
0 0.0361638 0.561389 0.0121268 0.0469592 0.349394
0 0.163016 0.442838 0.0100622 0.0417945 0.348785
62 0.490678 0.128665 0.121469 0.137394 0.343799
0 0.147043 0.975828 0.0150776 0.0479892 0.343477
5 0.0629677 0.408562 0.125935 0.170038 0.342335
0 0.769267 0.764726 0.0147559 0.0658807 0.253963
0 0.122707 0.494823 0.0149886 0.056082 0.253779
