2 0.603129 0.509164 0.0743299 0.0810752 0.709437
2 0.300155 0.246295 0.047434 0.061667 0.686966
2 0.23299 0.21882 0.0396544 0.0618723 0.66251
2 0.73569 0.414712 0.0872047 0.0677945 0.647632
2 0.180029 0.158186 0.035196 0.0581905 0.611041
2 0.178469 0.336984 0.045153 0.0646564 0.523638
2 0.794743 0.458369 0.0692118 0.0631253 0.459767
62 0.491006 0.128488 0.119114 0.138674 0.439617
7 0.24496 0.139051 0.0364755 0.0560526 0.425305
2 0.151053 0.116161 0.0374495 0.052246 0.337712
0 0.365246 0.946788 0.0325595 0.0982842 0.300371
0 0.09767 0.819223 0.012806 0.047841 0.282092
2 0.858752 0.43897 0.0396675 0.0366168 0.264244
3 0.425484 0.566124 0.0390567 0.0585592 0.255054
0 0.258876 0.881229 0.0175715 0.0651028 0.253068
