2 0.23365 0.359853 0.0411042 0.0600137 0.752736
2 0.0316543 0.597166 0.0633086 0.0769909 0.685029
2 0.159977 0.194823 0.0314289 0.0452851 0.664036
0 0.14018 0.497072 0.0144654 0.0565133 0.652444
9 0.155741 0.911985 0.00931392 0.0424571 0.617217
0 0.123327 0.502287 0.0153532 0.0657316 0.56244
9 0.142148 0.2502 0.0126738 0.0518214 0.532912
9 0.287892 0.798561 0.0327065 0.0530736 0.448402
9 0.73582 0.610605 0.0125982 0.0435279 0.407425
9 0.11752 0.26726 0.013155 0.0336268 0.405988
9 0.583248 0.286268 0.0148349 0.0345306 0.346953
0 0.689503 0.638313 0.0116014 0.0610781 0.324654
9 0.622431 0.250994 0.0176634 0.0768616 0.302163
9 0.571842 0.226238 0.0166248 0.0467272 0.254265
