5 0.14329 0.0905732 0.0740504 0.119393 0.824461
2 0.243239 0.238823 0.0437696 0.0603123 0.800704
2 0.0892491 0.756482 0.0800086 0.107266 0.774627
2 0.444114 0.50037 0.0818565 0.0769227 0.755355
2 0.240405 0.60131 0.0840292 0.0774974 0.750284
5 0.769111 0.260876 0.11472 0.123683 0.67208
2 0.125177 0.141636 0.0363438 0.0432381 0.511889
62 0.492183 0.135988 0.1185 0.13572 0.467097
2 0.197223 0.17594 0.0398226 0.0614916 0.417429
9 0.287098 0.790935 0.0357348 0.059532 0.351531
0 0.135896 0.965887 0.0178891 0.0660248 0.327605
0 0.931693 0.919526 0.0148979 0.0716031 0.283785
