2 0.364931 0.382077 0.0546019 0.0676227 0.844832
2 0.205365 0.178972 0.0414481 0.0706679 0.790614
2 0.107999 0.221541 0.0340902 0.0566794 0.761059
2 0.13256 0.162802 0.035964 0.0418812 0.757561
2 0.137984 0.0980103 0.0362569 0.0485669 0.748348
5 0.52618 0.292856 0.114448 0.0829995 0.532268
0 0.701048 0.872334 0.0188421 0.0655609 0.453753
2 0.0826717 0.0320039 0.0399578 0.0551991 0.399973
62 0.492937 0.131396 0.115959 0.135439 0.377708
7 0.275024 0.867501 0.0478475 0.122913 0.297883
0 0.948897 0.927856 0.0146385 0.0703734 0.251445
