5 0.150168 0.863499 0.199742 0.246954 0.896702
5 0.563995 0.906118 0.187035 0.185066 0.83424
2 0.787697 0.383424 0.0555623 0.0627592 0.812734
2 0.101049 0.109087 0.0269991 0.0396167 0.609706
2 0.188552 0.232427 0.0342107 0.0591036 0.582605
62 0.492577 0.139891 0.119699 0.137985 0.580762
5 0.767803 0.263146 0.112915 0.131299 0.476672
9 0.736533 0.613452 0.0161632 0.047572 0.451178
5 0.68131 0.704729 0.0695617 0.108044 0.413081
2 0.681749 0.704773 0.0707298 0.106917 0.326482
2 0.275201 0.194756 0.0384764 0.062002 0.317791
0 0.9005 0.899031 0.0229095 0.083375 0.259574
