2 0.788611 0.385902 0.0632711 0.0670673 0.796613
0 0.0861298 0.504224 0.0153816 0.054785 0.443659
0 0.848085 0.715261 0.0144989 0.0548628 0.438765
0 0.817356 0.680167 0.0148144 0.0793204 0.435664
0 0.36438 0.944299 0.0330228 0.0975884 0.416391
0 0.144134 0.47532 0.011048 0.0555089 0.412752
0 0.632848 0.326753 0.0106837 0.0504567 0.401213
7 0.888134 0.468401 0.0769039 0.0877719 0.364883
9 0.154979 0.913213 0.00854692 0.0403263 0.364063
0 0.882388 0.630811 0.014329 0.0733656 0.362171
0 0.0176892 0.528006 0.0119602 0.0601959 0.35351
0 0.945631 0.521142 0.0153015 0.0506724 0.28007
0 0.770015 0.705397 0.0136646 0.0724109 0.278945
0 0.790734 0.666886 0.0156433 0.0645694 0.274028
0 0.165765 0.452583 0.00948856 0.0406024 0.265741
5 0.768638 0.259953 0.115553 0.13457 0.253475
5 0.137846 0.245187 0.0600624 0.107905 0.252559
