5 0.208504 0.601864 0.212447 0.181865 0.944493
2 0.240289 0.696912 0.0906453 0.0939877 0.858247
2 0.051502 0.616592 0.0869094 0.0787522 0.833992
2 0.267801 0.257601 0.0448516 0.0728984 0.802388
2 0.307168 0.245337 0.042122 0.0630869 0.793929
7 0.525735 0.539956 0.0643562 0.0903853 0.701889
0 0.119307 0.498886 0.0110544 0.0536928 0.604055
0 0.769123 0.683036 0.0131912 0.0626887 0.592529
0 0.742119 0.686272 0.0121346 0.0611842 0.574386
0 0.165563 0.414174 0.013447 0.0565459 0.55575
0 0.129999 0.490655 0.0112813 0.0566557 0.546936
0 0.916435 0.695381 0.0195206 0.0624934 0.485772
9 0.0348329 0.201259 0.0145597 0.0375778 0.412481
0 0.365495 0.942315 0.0341297 0.0954641 0.401508
0 0.967487 0.543859 0.0120316 0.053741 0.305979
0 0.683787 0.868424 0.0144136 0.0655334 0.282711
2 0.00750387 0.526278 0.0150077 0.0524492 0.27239
