2 0.235564 0.277437 0.0490459 0.0724902 0.755525
2 0.203814 0.18604 0.039002 0.0618136 0.731745
9 0.289345 0.800289 0.0373544 0.0416141 0.594113
9 0.155667 0.912409 0.00932193 0.0411275 0.581536
0 0.361812 0.643861 0.0170231 0.0647818 0.475131
0 0.570994 0.405006 0.0105412 0.0457494 0.443059
2 0.16507 0.144429 0.0498993 0.0599194 0.433808
0 0.557372 0.405877 0.0100472 0.0453422 0.422141
9 0.732557 0.612584 0.0192605 0.0525512 0.415777
9 0.625712 0.250621 0.0227157 0.0790693 0.402988
9 0.116776 0.267952 0.0148947 0.0347589 0.402861
9 0.141626 0.249896 0.0119676 0.0503877 0.387368
0 0.436016 0.306749 0.0106924 0.0445309 0.36865
0 0.138113 0.370112 0.0135197 0.052555 0.358817
0 0.00599774 0.484475 0.0119748 0.0715349 0.347787
9 0.189013 0.904447 0.0161403 0.051042 0.292517
9 0.572151 0.227975 0.0168805 0.0438768 0.255065
