5 0.155468 0.046291 0.0723018 0.092582 0.771674
62 0.492046 0.137582 0.117542 0.132808 0.694726
2 0.283437 0.199333 0.038266 0.0472967 0.649543
2 0.171418 0.213126 0.0410855 0.0720615 0.56212
9 0.287568 0.798279 0.032832 0.0532874 0.502775
2 0.272628 0.496237 0.0311292 0.059109 0.465543
2 0.163971 0.884793 0.0830566 0.0913111 0.460843
2 0.261389 0.25051 0.0494871 0.0650742 0.434451
5 0.758525 0.263767 0.0955232 0.128882 0.40139
9 0.272387 0.496145 0.0314021 0.0597301 0.324672
2 0.116521 0.23241 0.0377787 0.056303 0.31238
