0 0.84053 0.697626 0.0132725 0.0657647 0.659921
0 0.78531 0.717462 0.0135256 0.0651038 0.560621
0 0.881721 0.57712 0.0128735 0.0489889 0.557045
2 0.818785 0.283166 0.0387417 0.0499507 0.462458
0 0.952565 0.625256 0.01336 0.0615857 0.4595
0 0.805178 0.502271 0.0117157 0.0572592 0.425722
0 0.938238 0.616173 0.0121241 0.0524124 0.404973
0 0.755527 0.520938 0.0146708 0.0602826 0.396326
0 0.754522 0.724801 0.0111858 0.0576518 0.359752
0 0.747759 0.702036 0.0126562 0.0819329 0.339114
0 0.044333 0.483593 0.0140904 0.0631121 0.323082
0 0.688474 0.643588 0.0126184 0.0633614 0.307484
0 0.792765 0.512936 0.0112067 0.0390491 0.304973
0 0.776091 0.748297 0.0133999 0.0598219 0.280433
9 0.0349347 0.201683 0.0131023 0.0347634 0.274559
