2 0.12777 0.865158 0.0977288 0.102323 0.767604
0 0.745171 0.709062 0.0123073 0.0671075 0.626068
0 0.870232 0.651432 0.0129169 0.0641151 0.6113
2 0.813745 0.395115 0.0493567 0.0818802 0.580934
9 0.0345302 0.200527 0.0156184 0.0376044 0.56131
0 0.771593 0.737228 0.0126091 0.0524685 0.525205
0 0.365148 0.943958 0.0322863 0.0971013 0.431902
0 0.815286 0.586623 0.0128471 0.0646439 0.43077
0 0.882757 0.818878 0.0131031 0.0628484 0.417257
0 0.818982 0.745585 0.0127522 0.0685252 0.402603
0 0.827306 0.586548 0.0124607 0.0629484 0.401313
0 0.142112 0.976973 0.0181155 0.0456875 0.363454
0 0.923712 0.906129 0.0145615 0.0568054 0.362163
0 0.783138 0.525876 0.0134285 0.0540622 0.346197
0 0.49405 0.348763 0.0173717 0.0603189 0.331584
62 0.491983 0.126178 0.117482 0.135712 0.303649
0 0.854024 0.566045 0.012727 0.0555018 0.284381
0 0.792831 0.567798 0.0116974 0.0513824 0.256981
0 0.130648 0.494108 0.0117083 0.0535982 0.251175
