2 0.158888 0.689012 0.0936512 0.10202 0.890819
2 0.0412551 0.637246 0.0822559 0.0653713 0.859781
5 0.243486 0.220028 0.0630297 0.112242 0.858407
2 0.254543 0.331707 0.0473398 0.0724245 0.804956
2 0.710936 0.335741 0.0803709 0.0557551 0.749533
2 0.119204 0.154747 0.0371761 0.0473593 0.742943
2 0.144574 0.100354 0.0378563 0.0649262 0.648008
0 0.132805 0.970661 0.0209819 0.0585181 0.559347
2 0.110077 0.0627027 0.0375472 0.0641325 0.52096
0 0.107298 0.984439 0.0144569 0.0311221 0.402843
2 0.0734083 0.0226608 0.0321742 0.0438952 0.332034
5 0.525762 0.290537 0.102211 0.0822123 0.31427
0 0.782966 0.753681 0.0154425 0.0716526 0.286313
0 0.0044831 0.563921 0.00890656 0.0576107 0.281574
0 0.930392 0.620714 0.0123524 0.0565225 0.265024
0 0.155455 0.978602 0.0214049 0.0418443 0.264934
