2 0.25577 0.256416 0.0461073 0.06078 0.768373
2 0.813311 0.364391 0.0387751 0.0746619 0.678738
2 0.209754 0.198011 0.0416227 0.0584607 0.637945
2 0.133404 0.096337 0.0338377 0.0504124 0.538503
2 0.0909501 0.0372723 0.0377304 0.0608916 0.508127
2 0.839524 0.40755 0.0327206 0.0491013 0.486637
2 0.16738 0.136426 0.0394441 0.0543441 0.453636
62 0.491129 0.128991 0.119187 0.141959 0.399519
0 0.368148 0.609987 0.0125027 0.0602717 0.313228
0 0.382348 0.838748 0.0169512 0.0635949 0.305787
0 0.881887 0.804962 0.0168844 0.0702401 0.285288
13 0.289301 0.795852 0.0307419 0.0446842 0.285047
0 0.794051 0.561209 0.0121388 0.0539391 0.284238
0 0.475582 0.714989 0.0164404 0.0653992 0.268524
9 0.036735 0.208469 0.0179236 0.0428221 0.262267
