5 0.29391 0.554543 0.166723 0.163669 0.930291
2 0.405255 0.619783 0.0834386 0.101687 0.8543
2 0.620489 0.505446 0.0763859 0.0834022 0.846741
2 0.519452 0.447244 0.0820133 0.06514 0.810927
5 0.216801 0.181572 0.0813663 0.127392 0.785501
2 0.270134 0.26339 0.0446354 0.0696912 0.743716
2 0.73908 0.370591 0.0647152 0.06595 0.649868
0 0.94288 0.700449 0.0128483 0.0610089 0.615851
0 0.934874 0.612309 0.0146782 0.0599769 0.615332
0 0.760118 0.673465 0.0140314 0.0510968 0.526257
0 0.767595 0.633697 0.0168493 0.0622537 0.506166
0 0.811324 0.596859 0.0148003 0.0575243 0.472506
0 0.770355 0.537354 0.0108439 0.0528757 0.434787
2 0.823729 0.289425 0.0254555 0.047256 0.413163
9 0.155598 0.912966 0.00901475 0.040234 0.368934
0 0.79744 0.720194 0.013031 0.0577689 0.367585
2 0.0719606 0.792421 0.0257266 0.0650099 0.360228
0 0.0694179 0.510012 0.010792 0.0450833 0.328385
0 0.806423 0.751355 0.0147619 0.0653002 0.327582
0 0.365415 0.942329 0.0337925 0.0947369 0.325403
0 0.913539 0.678764 0.011652 0.0596985 0.318622
0 0.962267 0.76904 0.016651 0.0473874 0.261344
