2 0.429549 0.370549 0.0651175 0.0718082 0.81867
2 0.809752 0.928204 0.096228 0.135349 0.803576
2 0.507531 0.554182 0.0667368 0.0976257 0.745465
2 0.188868 0.0890145 0.037347 0.0458197 0.682368
0 0.138758 0.436182 0.0123657 0.0585327 0.678055
0 0.181888 0.429155 0.0184843 0.0833026 0.640067
2 0.575195 0.405856 0.0761489 0.0654917 0.599713
2 0.24362 0.41534 0.0348928 0.0714552 0.59144
9 0.155909 0.91181 0.0096777 0.0418969 0.556797
9 0.142786 0.250613 0.0132931 0.0521264 0.493486
5 0.0652122 0.403047 0.129978 0.182809 0.47616
0 0.804195 0.657798 0.0156635 0.0797082 0.45583
2 0.668955 0.347745 0.0410517 0.0610412 0.447818
2 0.74793 0.401009 0.0631807 0.0719664 0.383535
7 0.259335 0.861279 0.0438171 0.106184 0.359068
0 0.765369 0.664496 0.0166195 0.0691547 0.342534
2 0.580527 0.918335 0.398036 0.157178 0.317974
2 0.259323 0.860854 0.0438997 0.107472 0.299701
9 0.584066 0.285684 0.0141645 0.0360616 0.285072
9 0.736279 0.613204 0.0139456 0.0441355 0.267954
9 0.143576 0.266593 0.0122367 0.0220011 0.265931
9 0.117683 0.267835 0.0135938 0.0343321 0.259009
0 0.896294 0.687829 0.012915 0.0599596 0.250482
