2 0.804531 0.379173 0.0574303 0.0674484 0.746498
5 0.766087 0.261203 0.111715 0.132523 0.607061
0 0.149783 0.931265 0.0250166 0.0842175 0.568508
0 0.363368 0.946117 0.0326052 0.102802 0.536783
0 0.237358 0.887633 0.0125759 0.06415 0.53196
9 0.0349446 0.199874 0.0142329 0.0371554 0.483669
0 0.69331 0.605455 0.010983 0.0543562 0.44501
0 0.405146 0.514932 0.0102412 0.0479343 0.440055
0 0.423923 0.540242 0.0196098 0.066455 0.423765
62 0.491626 0.127216 0.117616 0.138717 0.382164
0 0.584777 0.53159 0.0168463 0.0546045 0.370036
0 0.807682 0.557072 0.0140247 0.0627877 0.368079
0 0.831121 0.708116 0.0151648 0.0628148 0.33703
0 0.0983157 0.534807 0.014383 0.0553843 0.32567
0 0.0798711 0.436556 0.0135863 0.054791 0.321377
0 0.553747 0.542934 0.0137583 0.0559672 0.309802
0 0.563849 0.506649 0.01441 0.0561787 0.306463
0 0.932214 0.611362 0.0129498 0.053894 0.301355
2 0.994271 0.571103 0.010754 0.0468016 0.29597
9 0.571466 0.228374 0.0129249 0.0415823 0.279104
0 0.0789418 0.550029 0.0127189 0.0584319 0.274731
0 0.25187 0.90616 0.0147517 0.065072 0.268801
0 0.312092 0.911823 0.0215525 0.0755561 0.265291
0 0.943638 0.613946 0.013344 0.0574343 0.25101
