2 0.256229 0.260166 0.042421 0.056816 0.826489
2 0.119422 0.18645 0.0456302 0.0575131 0.822619
2 0.298804 0.244531 0.0428836 0.0630122 0.799261
2 0.222128 0.212561 0.0385226 0.0613639 0.76915
2 0.189048 0.162072 0.0347666 0.0679026 0.730159
2 0.710799 0.335156 0.0807439 0.056165 0.719919
2 0.170791 0.247319 0.0409712 0.0492491 0.675698
2 0.249343 0.179953 0.0515677 0.0858126 0.399278
0 0.126716 0.94362 0.0174557 0.0737601 0.333504
9 0.156059 0.916495 0.00918586 0.0400631 0.272406
62 0.492498 0.127945 0.116337 0.138238 0.266134
0 0.0451488 0.56074 0.0129123 0.0559518 0.250381
