5 0.645042 0.702322 0.15768 0.237624 0.934863
2 0.804332 0.376327 0.0621528 0.0662313 0.851863
2 0.440922 0.47333 0.0581863 0.0895101 0.840528
2 0.318433 0.333312 0.0458815 0.0647914 0.809085
2 0.305734 0.240353 0.0508214 0.0771797 0.738704
2 0.105315 0.888568 0.0650798 0.0832821 0.735412
5 0.533369 0.295281 0.131117 0.0940502 0.717023
2 0.168301 0.203469 0.0394282 0.0518482 0.695475
2 0.228071 0.212848 0.0433941 0.0728486 0.689341
62 0.492551 0.128761 0.11668 0.138241 0.571212
2 0.175008 0.142453 0.0404061 0.065475 0.522682
7 0.276617 0.928603 0.0684397 0.140485 0.372568
0 0.765137 0.747597 0.0100014 0.0526552 0.352738
5 0.276745 0.928327 0.0691295 0.140137 0.336397
0 0.692503 0.878917 0.0162914 0.0616572 0.301787
6 0.900488 0.04635 0.197997 0.0905492 0.301066
5 0.766029 0.260472 0.113143 0.131156 0.288719
2 0.166536 0.309553 0.039863 0.0555467 0.276323
2 0.273726 0.397532 0.0309127 0.0650198 0.262861
