5 0.0644737 0.406646 0.128947 0.175794 0.821297
2 0.301191 0.240073 0.0476508 0.0695923 0.795245
2 0.155837 0.120356 0.0406515 0.0583697 0.757694
2 0.223969 0.217021 0.0393408 0.0569667 0.749475
2 0.196362 0.159735 0.0366428 0.0591821 0.720324
2 0.794582 0.453686 0.0637157 0.0679374 0.626271
2 0.774932 0.420297 0.0625364 0.0727315 0.620076
62 0.491923 0.12917 0.117228 0.138011 0.51609
0 0.0676204 0.511759 0.0137287 0.0590549 0.488321
0 0.144046 0.970221 0.0142883 0.0579393 0.476398
0 0.159263 0.446154 0.0134854 0.057303 0.418912
0 0.176738 0.448686 0.0122417 0.0487114 0.350487
0 0.964701 0.914491 0.0116241 0.0623739 0.308388
2 0.192364 0.0966934 0.0368357 0.0515782 0.302446
9 0.155209 0.913218 0.00872331 0.0419244 0.297017
2 0.232258 0.134179 0.039081 0.0617273 0.288244
5 0.534893 0.296361 0.126822 0.0964445 0.270241
0 0.364477 0.943794 0.0324384 0.0926609 0.261431
