2 0.767871 0.816778 0.0933856 0.148672 0.860137
2 0.478761 0.392246 0.0713848 0.0705393 0.833672
2 0.323692 0.279255 0.0451411 0.0677352 0.794654
2 0.809964 0.378573 0.055591 0.0553143 0.757262
2 0.124106 0.167121 0.0411198 0.0540914 0.756899
2 0.253674 0.441876 0.0357193 0.0711628 0.736674
0 0.786945 0.718624 0.0128204 0.0683261 0.666032
0 0.931967 0.638329 0.0140415 0.0608675 0.571335
0 0.915704 0.633011 0.0125324 0.0636968 0.541897
9 0.155587 0.910789 0.00825253 0.0417433 0.504645
2 0.0931171 0.874058 0.0415477 0.0830139 0.466641
2 0.0809867 0.0250131 0.0365448 0.0478633 0.439245
0 0.820659 0.567714 0.0146481 0.0583225 0.406808
9 0.583302 0.285091 0.0121616 0.0377471 0.392733
62 0.492152 0.132734 0.117923 0.147838 0.383872
0 0.819296 0.669937 0.0162266 0.0694722 0.382488
0 0.84542 0.72229 0.0149376 0.064386 0.316401
0 0.45249 0.346345 0.0131417 0.0362497 0.309336
2 0.818766 0.34358 0.0350582 0.044225 0.303567
9 0.28816 0.797969 0.032041 0.0486749 0.303213
9 0.14242 0.250603 0.0130667 0.0527808 0.300236
2 0.767871 0.816778 0.0933856 0.148672 0.860137
2 0.478761 0.392246 0.0713848 0.0705393 0.833672
2 0.323692 0.279255 0.0451411 0.0677352 0.794654
2 0.809964 0.378573 0.055591 0.0553143 0.757262
2 0.124106 0.167121 0.0411198 0.0540914 0.756899
2 0.253674 0.441876 0.0357193 0.0711628 0.736674
0 0.786945 0.718624 0.0128204 0.0683261 0.666032
0 0.931967 0.638329 0.0140415 0.0608675 0.571335
0 0.915704 0.633011 0.0125324 0.0636968 0.541897
9 0.155587 0.910789 0.00825253 0.0417433 0.504645
2 0.0931171 0.874058 0.0415477 0.0830139 0.466641
2 0.0809867 0.0250131 0.0365448 0.0478633 0.439245
0 0.820659 0.567714 0.0146481 0.0583225 0.406808
9 0.583302 0.285091 0.0121616 0.0377471 0.392733
62 0.492152 0.132734 0.117923 0.147838 0.383872
0 0.819296 0.669937 0.0162266 0.0694722 0.382488
0 0.84542 0.72229 0.0149376 0.064386 0.316401
0 0.45249 0.346345 0.0131417 0.0362497 0.309336
2 0.818766 0.34358 0.0350582 0.044225 0.303567
9 0.28816 0.797969 0.032041 0.0486749 0.303213
9 0.14242 0.250603 0.0130667 0.0527808 0.300236
