5 0.701904 0.457469 0.150668 0.15999 0.887914
2 0.293755 0.236289 0.0441495 0.0590839 0.854712
2 0.246721 0.242428 0.0429534 0.0604257 0.817004
5 0.198559 0.154537 0.0764543 0.138089 0.738874
2 0.135581 0.161583 0.0400578 0.0451863 0.702531
5 0.208802 0.101612 0.0696798 0.0989302 0.55628
2 0.164303 0.208242 0.0394638 0.0522229 0.537189
5 0.645806 0.437858 0.100604 0.0969723 0.494245
2 0.103254 0.114378 0.0266316 0.0510931 0.434229
9 0.155678 0.913763 0.00917783 0.0419637 0.399979
5 0.534248 0.289055 0.132396 0.0809279 0.38466
62 0.492008 0.132546 0.117944 0.133046 0.371738
5 0.0233424 0.126245 0.0460441 0.250146 0.357698
2 0.257311 0.180883 0.0402911 0.05319 0.348981
