2 0.246421 0.24895 0.0398829 0.0556356 0.786531
2 0.803156 0.289944 0.0658445 0.067745 0.707755
0 0.284711 0.635087 0.0185795 0.0551909 0.66271
0 0.412544 0.671321 0.0202039 0.0635978 0.618127
0 0.431569 0.662371 0.0182995 0.0591191 0.609804
2 0.842515 0.438454 0.0595037 0.0637728 0.529584
9 0.288741 0.792319 0.0347616 0.0501597 0.520532
5 0.0228225 0.119438 0.04492 0.234467 0.484356
0 0.178201 0.419663 0.00983002 0.0497936 0.480696
0 0.778212 0.746847 0.0155548 0.0792128 0.449686
5 0.767875 0.258521 0.108537 0.129804 0.39864
0 0.604101 0.738615 0.0156139 0.0504773 0.39594
0 0.0643496 0.573251 0.0140926 0.0519508 0.367189
9 0.379574 0.142165 0.0184114 0.0652732 0.357828
0 0.759788 0.725355 0.0156126 0.0639618 0.354713
0 0.248257 0.661151 0.0170589 0.0523361 0.352192
0 0.718152 0.686691 0.0126324 0.0625334 0.336639
9 0.735945 0.608545 0.0100271 0.0324868 0.313074
0 0.365506 0.943094 0.0320069 0.0954773 0.309689
0 0.00626256 0.527757 0.0121914 0.0550317 0.299047
2 0.94715 0.861071 0.105002 0.161778 0.273551
0 0.578918 0.799499 0.0164265 0.0512061 0.26038
0 0.734833 0.726471 0.0168595 0.0555756 0.255437
9 0.571342 0.225958 0.0127096 0.0449215 0.253923
2 0.805391 0.36572 0.0403667 0.0569256 0.251819
