5 0.122201 0.0645973 0.072774 0.117984 0.904515
5 0.292941 0.204419 0.0746222 0.148145 0.903123
2 0.249829 0.253431 0.0423062 0.0661299 0.753498
2 0.215693 0.204127 0.0389103 0.0547891 0.696015
2 0.8151 0.367131 0.039566 0.0556339 0.590503
2 0.840601 0.40785 0.0404888 0.0409136 0.50551
5 0.533165 0.293235 0.128893 0.0850508 0.395816
62 0.488652 0.133441 0.125943 0.14805 0.368126
2 0.170081 0.30954 0.0327714 0.0518733 0.30654
6 0.974307 0.0463406 0.0506771 0.0886022 0.258841
2 0.817174 0.281538 0.0361916 0.0650698 0.254833
