2 0.308301 0.247312 0.0439399 0.0622186 0.738245
5 0.111293 0.190337 0.0378146 0.091773 0.684243
2 0.834999 0.40457 0.0443199 0.052968 0.544822
0 0.718599 0.856431 0.0218739 0.0634632 0.439619
5 0.766901 0.260518 0.112162 0.132897 0.413396
0 0.222152 0.847957 0.015522 0.0690496 0.350421
0 0.78876 0.73745 0.016737 0.0673197 0.346962
0 0.326443 0.707415 0.01335 0.0626918 0.343557
5 0.537673 0.29478 0.129256 0.0938238 0.338875
0 0.83044 0.677975 0.0148867 0.0626512 0.335952
2 0.0586269 0.138813 0.0358474 0.0470412 0.316879
0 0.222111 0.705956 0.0115059 0.0562425 0.312265
62 0.492161 0.126402 0.117124 0.137838 0.310545
0 0.208722 0.332106 0.0137788 0.0529473 0.304814
0 0.743708 0.754254 0.0142073 0.0573341 0.303939
0 0.217181 0.475509 0.012188 0.0463206 0.26063
