2 0.555046 0.500037 0.0717669 0.072749 0.871798
2 0.33266 0.257952 0.0443159 0.0689673 0.683554
5 0.115015 0.0548617 0.0682224 0.107392 0.65993
2 0.284394 0.242921 0.0434628 0.0633283 0.647855
2 0.248174 0.209211 0.0411754 0.049017 0.59057
0 0.495954 0.724899 0.0213321 0.0626329 0.555615
2 0.831939 0.425764 0.0609928 0.0605143 0.508216
5 0.16611 0.125907 0.0769594 0.129153 0.501815
5 0.536566 0.30513 0.136317 0.1096 0.487407
0 0.365558 0.94766 0.0330606 0.0989129 0.456954
2 0.702313 0.41971 0.059655 0.0640711 0.421984
5 0.767522 0.260005 0.113071 0.1327 0.383139
5 0.146289 0.0318865 0.0688673 0.0637731 0.373475
0 0.693256 0.867948 0.0143454 0.0628876 0.314191
0 0.564103 0.75027 0.0138182 0.0671799 0.311926
2 0.210739 0.135333 0.0309092 0.0547716 0.279955
0 0.607192 0.824501 0.0139485 0.0582389 0.273126
9 0.576161 0.228838 0.0212036 0.0441321 0.263022
62 0.495576 0.127334 0.110268 0.1356 0.254284
0 0.216032 0.531431 0.010871 0.0448747 0.253344
2 0.73906 0.453319 0.0513563 0.0603669 0.251143
