2 0.583588 0.954125 0.103241 0.0890986 0.823832
2 0.720453 0.848254 0.0823719 0.129194 0.710499
7 0.825919 0.862653 0.112835 0.176418 0.674798
0 0.763159 0.707847 0.0145632 0.0673164 0.639548
0 0.880945 0.698035 0.0133488 0.0579432 0.54691
0 0.669763 0.630505 0.0122696 0.0581096 0.497677
9 0.155717 0.912614 0.00907292 0.03975 0.423309
0 0.0946764 0.517748 0.0141349 0.0847249 0.419487
9 0.0346665 0.201807 0.0141811 0.0376676 0.39168
0 0.146763 0.476956 0.0142221 0.0574566 0.366338
0 0.116537 0.504555 0.0143868 0.060441 0.363031
0 0.82722 0.673808 0.0159294 0.0604665 0.337615
2 0.848245 0.417728 0.0297724 0.0507807 0.322427
0 0.945933 0.549466 0.0143646 0.0557514 0.303112
0 0.0607967 0.238346 0.0100649 0.0467511 0.285267
