5 0.343488 0.272807 0.0938263 0.148199 0.811279
2 0.221857 0.207658 0.0405742 0.0602568 0.783429
2 0.252355 0.180838 0.0415064 0.0609231 0.622159
2 0.277781 0.274262 0.0481198 0.0664338 0.551949
0 0.0621246 0.528032 0.0145994 0.0661735 0.488813
0 0.946591 0.614977 0.0117928 0.063502 0.451158
0 0.954848 0.490471 0.0100679 0.0464111 0.407665
5 0.531308 0.292675 0.128435 0.0926451 0.387378
0 0.146827 0.448844 0.0117446 0.0491048 0.3473
5 0.0649274 0.408185 0.129576 0.169146 0.32356
0 0.961773 0.621916 0.0116922 0.0549562 0.307427
5 0.0915095 0.174991 0.0566186 0.112619 0.305792
5 0.274449 0.86409 0.0730629 0.265669 0.275612
