5 0.242911 0.213835 0.0848004 0.147575 0.867902
2 0.466621 0.497545 0.0599845 0.0880988 0.843498
2 0.238512 0.355411 0.0409377 0.06125 0.829291
2 0.647198 0.741812 0.064712 0.104283 0.788142
0 0.91592 0.687619 0.0170906 0.0700573 0.657626
0 0.140384 0.977549 0.0176684 0.0438446 0.592386
0 0.0947287 0.529227 0.0124987 0.0605932 0.584028
0 0.779746 0.722284 0.0154446 0.0642592 0.583985
0 0.81857 0.734478 0.013452 0.0617252 0.55831
0 0.746177 0.547554 0.0116628 0.0593697 0.464018
0 0.680524 0.864957 0.0123325 0.0636476 0.456129
0 0.0755801 0.532197 0.0148029 0.0608307 0.388858
0 0.139759 0.48079 0.013092 0.0606126 0.382635
0 0.191393 0.415179 0.0125038 0.0414101 0.340567
0 0.698273 0.623392 0.0144094 0.0583633 0.321454
9 0.155671 0.912038 0.00907803 0.0405507 0.318848
0 0.429773 0.303808 0.010084 0.045136 0.304611
9 0.0346787 0.200296 0.014182 0.0352781 0.288642
0 0.40754 0.275085 0.0091507 0.0459537 0.280895
0 0.6093 0.327526 0.00999746 0.0453193 0.277336
0 0.846834 0.554543 0.0112385 0.0540743 0.272549
