5 0.165814 0.120375 0.0768333 0.121561 0.843519
2 0.460451 0.594027 0.0796807 0.0915866 0.835963
2 0.258318 0.256004 0.0431833 0.0666289 0.832074
2 0.655962 0.45552 0.0677386 0.0685009 0.831128
2 0.212486 0.504795 0.0515667 0.0781698 0.805961
2 0.362961 0.543233 0.076274 0.0817225 0.734988
5 0.535277 0.290427 0.127083 0.0854556 0.697797
2 0.778778 0.436162 0.0699427 0.0666239 0.68792
3 0.244644 0.663542 0.0411169 0.0668514 0.61788
3 0.116505 0.730609 0.049744 0.0529711 0.568862
2 0.67417 0.390737 0.0520432 0.0643414 0.56878
2 0.11398 0.0789294 0.0298203 0.0438139 0.517592
2 0.213725 0.196616 0.0323565 0.0524766 0.489011
0 0.105824 0.555534 0.0125189 0.0509777 0.41496
5 0.144723 0.0336613 0.0587987 0.0664089 0.362863
2 0.804237 0.282409 0.0276192 0.0376482 0.29439
0 0.00415258 0.547146 0.00825795 0.0732166 0.293854
0 0.607512 0.536448 0.0141535 0.0419093 0.28971
2 0.34115 0.62034 0.0427065 0.0620842 0.275665
3 0.341892 0.619896 0.0441236 0.0623406 0.262447
