2 0.703284 0.807311 0.080736 0.122377 0.841778
2 0.457245 0.491346 0.0596841 0.0872464 0.819795
2 0.770364 0.808578 0.0790377 0.114282 0.76856
2 0.595612 0.649729 0.0821526 0.12342 0.763669
2 0.408107 0.346774 0.0601046 0.0732413 0.685077
2 0.277768 0.226161 0.0419734 0.06628 0.674425
2 0.250002 0.547666 0.0342182 0.0747213 0.543912
2 0.804343 0.302065 0.0639954 0.0664013 0.53514
2 0.269721 0.826442 0.0687216 0.114339 0.486666
0 0.842762 0.752196 0.0169916 0.0784363 0.46907
9 0.155729 0.912269 0.00759921 0.0398749 0.384862
9 0.141733 0.24868 0.0108299 0.0519204 0.364512
62 0.492242 0.129454 0.11753 0.147326 0.340029
0 0.0827209 0.43426 0.0120945 0.0569748 0.338095
0 0.908037 0.830523 0.0161781 0.0709195 0.304888
0 0.154982 0.455352 0.012592 0.0547518 0.302934
2 0.0343898 0.598152 0.0687487 0.0752074 0.266315
0 0.693549 0.5948 0.0124908 0.0595167 0.264444
2 0.703284 0.807311 0.080736 0.122377 0.841778
2 0.457245 0.491346 0.0596841 0.0872464 0.819795
2 0.770364 0.808578 0.0790377 0.114282 0.76856
2 0.595612 0.649729 0.0821526 0.12342 0.763669
2 0.408107 0.346774 0.0601046 0.0732413 0.685077
2 0.277768 0.226161 0.0419734 0.06628 0.674425
2 0.250002 0.547666 0.0342182 0.0747213 0.543912
2 0.804343 0.302065 0.0639954 0.0664013 0.53514
2 0.269721 0.826442 0.0687216 0.114339 0.486666
0 0.842762 0.752196 0.0169916 0.0784363 0.46907
9 0.155729 0.912269 0.00759921 0.0398749 0.384862
9 0.141733 0.24868 0.0108299 0.0519204 0.364512
62 0.492242 0.129454 0.11753 0.147326 0.340029
0 0.0827209 0.43426 0.0120945 0.0569748 0.338095
0 0.908037 0.830523 0.0161781 0.0709195 0.304888
0 0.154982 0.455352 0.012592 0.0547518 0.302934
2 0.0343898 0.598152 0.0687487 0.0752074 0.266315
0 0.693549 0.5948 0.0124908 0.0595167 0.264444
