2 0.797372 0.842031 0.0852082 0.124001 0.757576
2 0.298088 0.238042 0.0432527 0.0654048 0.699811
2 0.117479 0.0647927 0.0402028 0.0618698 0.681869
0 0.804715 0.671123 0.0134826 0.0594643 0.619449
9 0.290037 0.79514 0.0378618 0.0493025 0.596014
0 0.78387 0.670833 0.0128078 0.062624 0.589243
9 0.155791 0.911143 0.00949428 0.0417535 0.589071
2 0.208002 0.131469 0.0423131 0.0594254 0.577524
0 0.906077 0.545632 0.0133739 0.0508904 0.574257
0 0.365475 0.942733 0.0334473 0.0965203 0.560389
0 0.772998 0.497471 0.0147651 0.0563993 0.546579
2 0.833287 0.410665 0.0612057 0.0619831 0.460136
9 0.735813 0.618565 0.0136993 0.0671253 0.444943
0 0.977058 0.491325 0.0151636 0.0656914 0.427716
2 0.25265 0.185656 0.0427356 0.0681882 0.413026
0 0.165628 0.438103 0.0132212 0.0588879 0.382659
62 0.492095 0.128857 0.117674 0.144181 0.365077
9 0.117295 0.266707 0.0139938 0.0348068 0.362028
5 0.769886 0.260565 0.110109 0.122899 0.357368
0 0.955512 0.494982 0.0202911 0.0599841 0.327885
0 0.0188255 0.48593 0.0157651 0.0554491 0.277972
0 0.449236 0.582468 0.0171561 0.0529173 0.250939
