2 0.250046 0.244528 0.0415495 0.0664738 0.784198
2 0.178684 0.139518 0.0349097 0.0592852 0.715566
2 0.107021 0.0547636 0.0372038 0.0536098 0.707091
2 0.270207 0.211442 0.043711 0.0545842 0.652626
2 0.181832 0.325216 0.0338605 0.0630013 0.643774
2 0.806624 0.367087 0.0512728 0.0634541 0.582442
0 0.198605 0.520141 0.0141864 0.0591853 0.54593
0 0.76918 0.608286 0.0113008 0.060193 0.54442
2 0.207402 0.192328 0.0420856 0.0555101 0.5325
2 0.0302752 0.453665 0.0604167 0.0789095 0.47545
9 0.289605 0.803032 0.0349507 0.0358107 0.458804
9 0.735415 0.618251 0.0172167 0.055098 0.421388
2 0.140409 0.108393 0.0366907 0.0515974 0.396772
9 0.58373 0.287705 0.0154318 0.0360759 0.36577
5 0.0646067 0.402992 0.129035 0.180996 0.35489
2 0.826265 0.452938 0.0304394 0.0471998 0.336719
9 0.142045 0.249333 0.012548 0.0505989 0.328246
0 0.569407 0.366239 0.0110323 0.0454172 0.300541
9 0.144653 0.249529 0.0179038 0.0512406 0.293574
0 0.490614 0.616218 0.0151365 0.0525724 0.251738
