5 0.251038 0.335709 0.0697374 0.157094 0.876167
2 0.788626 0.902532 0.0894138 0.130613 0.868534
2 0.186434 0.899352 0.0845613 0.104059 0.862138
2 0.52004 0.566693 0.0660118 0.0946849 0.860435
2 0.626643 0.692694 0.0651639 0.0955061 0.851957
2 0.27001 0.205581 0.0398974 0.0596201 0.784597
2 0.194897 0.115052 0.0401408 0.0524771 0.715448
2 0.328874 0.293729 0.0434712 0.0609505 0.697082
2 0.304379 0.309874 0.0404135 0.0712718 0.687712
2 0.500899 0.392703 0.0767841 0.0734214 0.664483
2 0.807327 0.37647 0.0535694 0.061195 0.661795
2 0.127854 0.163358 0.0367916 0.0543834 0.641483
2 0.743469 0.357512 0.0732656 0.0595449 0.640704
2 0.266049 0.266372 0.0437041 0.0728878 0.595513
2 0.422232 0.456098 0.0653604 0.105242 0.595075
5 0.532583 0.291509 0.128227 0.0865738 0.565871
2 0.131304 0.0427856 0.0428151 0.057942 0.545045
2 0.220371 0.212035 0.0391722 0.0538364 0.538509
2 0.218211 0.267545 0.0483093 0.0578538 0.508101
2 0.813157 0.293011 0.0479614 0.0589994 0.486914
2 0.177219 0.21344 0.0324102 0.0450765 0.479996
2 0.71043 0.336981 0.0719871 0.0543945 0.410161
2 0.178611 0.256793 0.0331289 0.0503219 0.40256
2 0.168782 0.310459 0.035401 0.0567424 0.369362
0 0.685288 0.880084 0.0161004 0.0589789 0.316782
2 0.0702968 0.0137949 0.0372654 0.0275899 0.311872
