5 0.33154 0.257695 0.0906112 0.144722 0.881997
5 0.1836 0.141149 0.0779463 0.123246 0.861278
2 0.253489 0.253983 0.0445496 0.0586392 0.856027
2 0.372522 0.408936 0.0469459 0.0679174 0.827462
2 0.265188 0.401512 0.0310577 0.0628576 0.692446
2 0.574328 0.401374 0.0815018 0.06645 0.672835
2 0.116712 0.0730811 0.0330153 0.046176 0.644261
2 0.819243 0.369636 0.0343756 0.062803 0.609136
5 0.0229281 0.120954 0.045398 0.238591 0.598269
9 0.155215 0.915137 0.00949957 0.0438436 0.473229
62 0.491733 0.135143 0.117786 0.145933 0.467987
9 0.735689 0.612147 0.0125559 0.0420503 0.405701
5 0.266475 0.832378 0.0718765 0.129185 0.369919
0 0.124744 0.970581 0.0170401 0.0570318 0.30677
9 0.042586 0.0539382 0.0174177 0.0375275 0.283502
