2 0.149795 0.546201 0.0784184 0.0771101 0.799619
2 0.0999134 0.720026 0.0748858 0.101912 0.741963
62 0.491783 0.134337 0.118333 0.145976 0.720209
2 0.586143 0.44472 0.0714395 0.0653746 0.706209
2 0.268739 0.443127 0.0540397 0.0708947 0.697075
2 0.250909 0.245978 0.0411647 0.0535968 0.669311
2 0.790483 0.397467 0.0686481 0.0619292 0.647706
2 0.265801 0.36249 0.0365245 0.0579868 0.622637
2 0.283703 0.199011 0.0383005 0.046903 0.615022
7 0.170059 0.113128 0.0777746 0.135191 0.565672
2 0.213387 0.192655 0.0396593 0.0584923 0.56455
2 0.730517 0.351983 0.0625557 0.0532041 0.530605
2 0.198975 0.266495 0.0471391 0.0693216 0.51459
5 0.534006 0.291077 0.124063 0.090811 0.441842
5 0.170033 0.113071 0.0782363 0.135877 0.43052
2 0.233996 0.171525 0.0398813 0.0586451 0.359373
0 0.0574127 0.545055 0.0156545 0.0675751 0.329223
2 0.112635 0.0769885 0.036586 0.0515952 0.322775
2 0.146323 0.185621 0.0433408 0.0556647 0.310171
2 0.111067 0.117947 0.0338491 0.0466496 0.297083
9 0.583954 0.289871 0.0122209 0.0382945 0.265042
2 0.0867294 0.0354098 0.0364882 0.0576462 0.264861
