2 0.224775 0.701122 0.0928374 0.101081 0.881788
2 0.423039 0.564309 0.0810645 0.0770574 0.876341
2 0.575897 0.518661 0.0727217 0.0862093 0.849907
2 0.776864 0.407276 0.0616447 0.0774565 0.848091
2 0.157 0.548355 0.0732542 0.0798779 0.808186
2 0.259814 0.457851 0.0569536 0.0678376 0.803593
5 0.173239 0.0736762 0.0637953 0.123292 0.785044
5 0.240633 0.353131 0.0368611 0.124001 0.770283
2 0.256974 0.261121 0.0423212 0.0545862 0.690619
2 0.300216 0.252247 0.0474858 0.0716438 0.657249
2 0.217503 0.209764 0.0402194 0.0593883 0.578326
2 0.0788798 0.744124 0.0474472 0.0834598 0.461764
62 0.492944 0.134981 0.115947 0.124796 0.460093
5 0.76478 0.261936 0.111358 0.132051 0.441389
0 0.205237 0.4331 0.0106363 0.0493361 0.42098
2 0.260391 0.20763 0.0374265 0.056919 0.42096
2 0.140383 0.100542 0.0296215 0.0553944 0.386934
2 0.219729 0.164504 0.0450554 0.0514745 0.320442
2 0.183565 0.331449 0.0357107 0.0510615 0.315477
2 0.0589538 0.745907 0.087668 0.0880351 0.312576
2 0.111022 0.0610646 0.035392 0.0652068 0.294836
9 0.287929 0.79626 0.034518 0.04891 0.273718
