2 0.270684 0.594946 0.0365807 0.0859399 0.652088
7 0.613726 0.656248 0.131057 0.186348 0.625843
9 0.155974 0.912702 0.00859528 0.039229 0.510646
9 0.287945 0.794026 0.0333252 0.0580933 0.475994
9 0.7363 0.612054 0.0139388 0.0422148 0.452766
0 0.0529515 0.547865 0.0111623 0.0622842 0.445563
0 0.743369 0.674669 0.0127181 0.0612475 0.440866
62 0.491973 0.12604 0.118041 0.139079 0.440142
9 0.145562 0.259962 0.0235969 0.066618 0.432688
5 0.064077 0.405002 0.128154 0.176918 0.411063
0 0.802478 0.543282 0.0106189 0.0571509 0.397636
0 0.918494 0.628438 0.0150661 0.0645474 0.388827
2 0.816451 0.30246 0.0435325 0.0622537 0.386622
0 0.114543 0.96719 0.0184385 0.0654668 0.373109
0 0.432079 0.315642 0.00976868 0.0462123 0.350457
0 0.363825 0.937066 0.0298841 0.0823636 0.288841
0 0.149012 0.417753 0.012362 0.0517333 0.283345
0 0.152237 0.9792 0.0200684 0.0415036 0.281129
0 0.792139 0.538479 0.0101583 0.0493254 0.28017
2 0.277995 0.971766 0.0482288 0.055938 0.271445
0 0.791746 0.677077 0.0106449 0.0460027 0.271431
0 0.142508 0.967922 0.0138143 0.052211 0.270037
0 0.964937 0.59956 0.0136002 0.0562074 0.252253
0 0.727692 0.660083 0.0141121 0.0640247 0.251931
2 0.270684 0.594946 0.0365807 0.0859399 0.652088
7 0.613726 0.656248 0.131057 0.186348 0.625843
9 0.155974 0.912702 0.00859528 0.039229 0.510646
9 0.287945 0.794026 0.0333252 0.0580933 0.475994
9 0.7363 0.612054 0.0139388 0.0422148 0.452766
0 0.0529515 0.547865 0.0111623 0.0622842 0.445563
0 0.743369 0.674669 0.0127181 0.0612475 0.440866
62 0.491973 0.12604 0.118041 0.139079 0.440142
9 0.145562 0.259962 0.0235969 0.066618 0.432688
5 0.064077 0.405002 0.128154 0.176918 0.411063
0 0.802478 0.543282 0.0106189 0.0571509 0.397636
0 0.918494 0.628438 0.0150661 0.0645474 0.388827
2 0.816451 0.30246 0.0435325 0.0622537 0.386622
0 0.114543 0.96719 0.0184385 0.0654668 0.373109
0 0.432079 0.315642 0.00976868 0.0462123 0.350457
0 0.363825 0.937066 0.0298841 0.0823636 0.288841
0 0.149012 0.417753 0.012362 0.0517333 0.283345
0 0.152237 0.9792 0.0200684 0.0415036 0.281129
0 0.792139 0.538479 0.0101583 0.0493254 0.28017
2 0.277995 0.971766 0.0482288 0.055938 0.271445
0 0.791746 0.677077 0.0106449 0.0460027 0.271431
0 0.142508 0.967922 0.0138143 0.052211 0.270037
0 0.964937 0.59956 0.0136002 0.0562074 0.252253
0 0.727692 0.660083 0.0141121 0.0640247 0.251931
