2 0.249828 0.246775 0.043646 0.0558832 0.836966
2 0.179815 0.256209 0.0391515 0.0566349 0.801531
2 0.306553 0.254402 0.041397 0.0615853 0.769216
7 0.202393 0.161873 0.0580495 0.107994 0.668681
2 0.128793 0.182125 0.0380675 0.05607 0.636435
2 0.272256 0.209065 0.0436733 0.0615816 0.606537
5 0.534924 0.290671 0.131865 0.0892062 0.475864
0 0.0171576 0.563212 0.0146745 0.066067 0.346213
5 0.0604181 0.400616 0.120599 0.162531 0.314351
9 0.155096 0.915074 0.00880151 0.0396779 0.305373
0 0.0742481 0.524735 0.0187585 0.0751604 0.297878
0 0.135907 0.952629 0.0154371 0.0586768 0.251186
