2 0.215456 0.672276 0.0976029 0.104922 0.882191
5 0.251805 0.229962 0.0863434 0.140584 0.880619
2 0.618257 0.459245 0.0768661 0.0850591 0.850769
2 0.142053 0.662065 0.097174 0.0822879 0.838205
5 0.159395 0.0489827 0.0831992 0.0979653 0.821284
2 0.0907187 0.620151 0.0903658 0.0833164 0.81208
2 0.32327 0.248201 0.0391233 0.0733513 0.735161
5 0.541113 0.293037 0.136075 0.0879167 0.552795
2 0.19631 0.177304 0.03252 0.0594465 0.550781
5 0.266873 0.17469 0.0438022 0.0647414 0.548129
2 0.265411 0.173796 0.04193 0.0671606 0.489362
2 0.138059 0.102166 0.034595 0.0440312 0.407974
2 0.818001 0.40588 0.045306 0.0571482 0.396695
2 0.167999 0.312329 0.0368689 0.0526551 0.334878
0 0.593307 0.803929 0.0152182 0.0560798 0.333838
2 0.174271 0.13281 0.0338119 0.0544924 0.308379
