7 0.0942301 0.831137 0.0839382 0.140001 0.770962
0 0.81311 0.648208 0.0140224 0.0604635 0.609996
2 0.238829 0.959852 0.08468 0.0788161 0.568931
0 0.73368 0.664777 0.0141701 0.0593779 0.550515
2 0.750344 0.325568 0.0555098 0.0433907 0.482496
0 0.178438 0.448945 0.0114193 0.0563332 0.465739
0 0.872773 0.611952 0.0129999 0.0615801 0.441625
0 0.887076 0.600664 0.014193 0.0558085 0.372706
0 0.905917 0.904847 0.0145609 0.068928 0.325314
0 0.138479 0.484138 0.0126411 0.0607121 0.322442
0 0.694689 0.569333 0.0100859 0.0510574 0.30986
0 0.538461 0.353869 0.0106066 0.0461449 0.306606
0 0.74205 0.512745 0.0103315 0.044326 0.301617
9 0.734897 0.609471 0.0125864 0.0358254 0.292975
9 0.287376 0.797308 0.0331417 0.0549954 0.288722
0 0.974174 0.532076 0.0163811 0.0593396 0.287752
9 0.71197 0.480083 0.010696 0.0536081 0.285518
9 0.62399 0.244011 0.0196098 0.069686 0.282227
2 0.581188 0.917971 0.396603 0.157396 0.280921
0 0.706435 0.664485 0.00826016 0.0529003 0.278921
0 0.364901 0.944259 0.031664 0.0970194 0.266456
0 0.0898528 0.520703 0.0134809 0.0617736 0.263573
0 0.815245 0.460421 0.012394 0.052749 0.261209
0 0.793786 0.561782 0.0109684 0.0624969 0.258017
9 0.141084 0.251037 0.00979176 0.0512783 0.253625
