2 0.389189 0.415351 0.0518118 0.0787182 0.814347
2 0.38711 0.334627 0.0536345 0.0731431 0.740518
2 0.24184 0.172833 0.0429236 0.0667519 0.734239
2 0.276988 0.519599 0.0321527 0.080375 0.690745
2 0.21149 0.350593 0.0495549 0.0644053 0.65717
62 0.491799 0.132165 0.117953 0.152761 0.595078
2 0.645686 0.375479 0.071614 0.0609901 0.593213
9 0.143906 0.258934 0.0264434 0.0669326 0.543053
2 0.306312 0.236925 0.0431138 0.0703732 0.477955
2 0.170499 0.878762 0.0888031 0.106803 0.45073
2 0.289021 0.967145 0.0469478 0.0649275 0.436178
5 0.768006 0.263301 0.114983 0.129318 0.430524
0 0.882313 0.730755 0.0125807 0.0646155 0.411174
9 0.288637 0.797756 0.0305732 0.0536475 0.409927
0 0.687545 0.622211 0.015006 0.0639952 0.370538
0 0.134738 0.491455 0.0113288 0.0502207 0.367953
0 0.970612 0.90249 0.0169567 0.0677578 0.350041
0 0.818165 0.681694 0.013192 0.055746 0.321281
9 0.735458 0.618249 0.012826 0.0522962 0.320083
0 0.782398 0.743803 0.0165188 0.0777669 0.311011
0 0.570376 0.351607 0.00932665 0.0497777 0.295602
0 0.827888 0.729901 0.0107506 0.0598901 0.271878
2 0.251682 0.32328 0.0386379 0.0658449 0.264967
0 0.817453 0.523291 0.0175663 0.0617397 0.261667
5 0.0234567 0.119951 0.0462029 0.236456 0.254204
2 0.389189 0.415351 0.0518118 0.0787182 0.814347
2 0.38711 0.334627 0.0536345 0.0731431 0.740518
2 0.24184 0.172833 0.0429236 0.0667519 0.734239
2 0.276988 0.519599 0.0321527 0.080375 0.690745
2 0.21149 0.350593 0.0495549 0.0644053 0.65717
62 0.491799 0.132165 0.117953 0.152761 0.595078
2 0.645686 0.375479 0.071614 0.0609901 0.593213
9 0.143906 0.258934 0.0264434 0.0669326 0.543053
2 0.306312 0.236925 0.0431138 0.0703732 0.477955
2 0.170499 0.878762 0.0888031 0.106803 0.45073
2 0.289021 0.967145 0.0469478 0.0649275 0.436178
5 0.768006 0.263301 0.114983 0.129318 0.430524
0 0.882313 0.730755 0.0125807 0.0646155 0.411174
9 0.288637 0.797756 0.0305732 0.0536475 0.409927
0 0.687545 0.622211 0.015006 0.0639952 0.370538
0 0.134738 0.491455 0.0113288 0.0502207 0.367953
0 0.970612 0.90249 0.0169567 0.0677578 0.350041
0 0.818165 0.681694 0.013192 0.055746 0.321281
9 0.735458 0.618249 0.012826 0.0522962 0.320083
0 0.782398 0.743803 0.0165188 0.0777669 0.311011
0 0.570376 0.351607 0.00932665 0.0497777 0.295602
0 0.827888 0.729901 0.0107506 0.0598901 0.271878
2 0.251682 0.32328 0.0386379 0.0658449 0.264967
0 0.817453 0.523291 0.0175663 0.0617397 0.261667
5 0.0234567 0.119951 0.0462029 0.236456 0.254204
