2 0.793007 0.378448 0.0620503 0.0684831 0.728971
0 0.788156 0.556901 0.012804 0.0589922 0.656843
0 0.454765 0.78642 0.0154062 0.062895 0.592456
0 0.469843 0.798352 0.0161576 0.0630903 0.565232
2 0.811128 0.408665 0.0609917 0.0776159 0.512165
0 0.219758 0.593357 0.0119764 0.0551157 0.505601
0 0.363066 0.842297 0.0182999 0.0624803 0.501493
0 0.843544 0.688706 0.0126186 0.0567251 0.489045
0 0.145629 0.470526 0.0116457 0.049422 0.476825
0 0.365362 0.941501 0.0331746 0.097699 0.409469
0 0.677321 0.871549 0.0140344 0.0677592 0.406181
0 0.9802 0.494595 0.0103069 0.046558 0.379088
0 0.66482 0.761328 0.0137121 0.0624188 0.368501
0 0.119486 0.492556 0.0202917 0.0474568 0.361884
0 0.219332 0.89877 0.0156268 0.0644172 0.358324
0 0.486811 0.876309 0.0219109 0.0657922 0.353003
0 0.597966 0.717547 0.0144289 0.0513906 0.35163
0 0.53609 0.410933 0.0114208 0.0552575 0.342327
0 0.525435 0.741321 0.0142237 0.0509684 0.341618
5 0.765711 0.260156 0.113435 0.133038 0.306707
2 0.683996 0.340967 0.0289497 0.0368603 0.28737
9 0.0351179 0.201558 0.0140179 0.0366909 0.276881
0 0.67812 0.689853 0.0154156 0.058755 0.266263
0 0.536428 0.539278 0.0135067 0.0543082 0.259759
0 0.266144 0.45384 0.0117454 0.043067 0.258573
