2 0.27377 0.205194 0.0484321 0.0557538 0.859251
2 0.281699 0.293615 0.0465744 0.0724954 0.822527
5 0.111033 0.147031 0.0518686 0.0997478 0.818966
5 0.136026 0.0749519 0.0721403 0.113373 0.800874
2 0.207367 0.260637 0.0396087 0.0528887 0.761492
2 0.788386 0.386713 0.0632884 0.0669618 0.742457
2 0.2003 0.179549 0.0392585 0.0689788 0.712136
2 0.21999 0.145481 0.0370368 0.0582837 0.691222
5 0.0224032 0.123496 0.0442929 0.243215 0.632305
2 0.178518 0.209252 0.0375517 0.0513403 0.627603
2 0.833852 0.396989 0.0481754 0.0666181 0.566568
0 0.704899 0.87064 0.0129377 0.0650692 0.485841
2 0.151192 0.16096 0.0285711 0.0581432 0.427126
2 0.795827 0.338772 0.0659412 0.0509876 0.386515
62 0.491921 0.132826 0.118331 0.139914 0.343771
2 0.166192 0.309003 0.0413707 0.0598064 0.327081
5 0.535871 0.298018 0.127096 0.0944895 0.303202
