7 0.208074 0.171647 0.0588071 0.112704 0.785791
2 0.636342 0.413937 0.066976 0.0710291 0.778151
2 0.170674 0.274145 0.039321 0.0636934 0.746756
2 0.285052 0.21786 0.041929 0.0541596 0.639169
0 0.76695 0.69634 0.0137777 0.0661136 0.63893
0 0.804429 0.698526 0.0115929 0.0599111 0.610037
2 0.630656 0.645539 0.0398598 0.107028 0.579516
0 0.832114 0.665558 0.0123066 0.0592551 0.56163
2 0.16598 0.13037 0.0292306 0.0538646 0.548083
0 0.137427 0.421576 0.0132918 0.050728 0.479307
0 0.811149 0.608299 0.0140598 0.0499923 0.387022
0 0.0623851 0.483171 0.014106 0.0580015 0.370456
0 0.0434211 0.549045 0.0147226 0.0627002 0.35711
0 0.952145 0.731286 0.013765 0.0592896 0.311104
0 0.364642 0.944705 0.0323323 0.0990094 0.305785
0 0.88389 0.802274 0.0149837 0.0630731 0.284772
0 0.185512 0.428627 0.0171612 0.0804783 0.282495
