2 0.146171 0.555573 0.0462152 0.0801713 0.802868
2 0.178046 0.101182 0.0346516 0.0561786 0.728353
0 0.902332 0.666083 0.012826 0.0600298 0.663502
0 0.929579 0.679314 0.0121887 0.0618256 0.657025
0 0.725788 0.680263 0.0168325 0.0545249 0.631233
2 0.263622 0.502739 0.031774 0.066617 0.594464
0 0.702219 0.657902 0.0144814 0.0639321 0.432033
9 0.0350644 0.200606 0.0150188 0.0345 0.415801
0 0.20349 0.393579 0.0117278 0.0523898 0.378574
0 0.827855 0.661481 0.0119852 0.0579664 0.364276
0 0.817835 0.668477 0.0108124 0.0535253 0.362098
0 0.943091 0.773384 0.0121662 0.0366487 0.337175
0 0.146689 0.387452 0.0128186 0.0476246 0.32819
0 0.796088 0.577727 0.0233212 0.0726785 0.326931
0 0.143299 0.460216 0.0138492 0.0509467 0.326895
0 0.130138 0.442101 0.00817528 0.0353361 0.324304
62 0.49178 0.125402 0.117953 0.135449 0.31719
0 0.837393 0.653601 0.0110073 0.0680223 0.286541
0 0.0584754 0.51201 0.0132827 0.0532072 0.263167
