2 0.125307 0.664157 0.0944281 0.0884282 0.870114
2 0.453073 0.550854 0.0880556 0.10132 0.866767
2 0.11115 0.590883 0.0827169 0.0881461 0.80573
2 0.632302 0.462364 0.0604246 0.0721091 0.791864
2 0.21957 0.485609 0.0539638 0.0708883 0.789172
2 0.273892 0.275088 0.04688 0.0618713 0.772209
2 0.650425 0.52257 0.0638868 0.0850187 0.750968
2 0.0831781 0.758944 0.0592844 0.0932814 0.749447
2 0.683893 0.393226 0.0682072 0.062239 0.737056
2 0.303146 0.243973 0.0442777 0.0631445 0.704618
2 0.238057 0.212368 0.0399958 0.0625561 0.672629
2 0.82135 0.321037 0.0301918 0.0441572 0.635313
62 0.491889 0.133034 0.117647 0.144548 0.580744
2 0.190919 0.169297 0.0362775 0.056894 0.53328
5 0.533012 0.290734 0.125832 0.0825155 0.459786
2 0.125245 0.0784211 0.0397668 0.0609085 0.449389
0 0.694855 0.879171 0.0131537 0.0620466 0.342497
2 0.166808 0.127123 0.0350619 0.0550744 0.299499
