2 0.176158 0.625135 0.0758767 0.0921446 0.785673
2 0.434481 0.501111 0.0739763 0.0679151 0.768854
2 0.165194 0.71505 0.0942288 0.104333 0.763514
2 0.315926 0.24989 0.0419058 0.0644486 0.744781
2 0.122599 0.146131 0.0364495 0.0552703 0.686032
2 0.211622 0.285774 0.0398353 0.0676776 0.553612
62 0.492097 0.132518 0.119146 0.138462 0.469124
5 0.76886 0.262098 0.110854 0.122204 0.444643
9 0.289378 0.796368 0.0389214 0.0531854 0.438113
9 0.155699 0.91414 0.00986986 0.043516 0.404061
0 0.735157 0.686946 0.0128097 0.0633453 0.396137
2 0.666061 0.514908 0.0627861 0.0727433 0.335821
0 0.360414 0.94776 0.0419154 0.100461 0.311933
0 0.856553 0.639897 0.0164772 0.054265 0.309918
9 0.757193 0.596827 0.0122274 0.057637 0.286272
2 0.793231 0.420636 0.0634184 0.073456 0.279169
2 0.101818 0.104831 0.0247145 0.0311215 0.278757
9 0.584394 0.287841 0.0123502 0.0308372 0.27758
0 0.773521 0.694132 0.0120465 0.0577889 0.268438
2 0.128898 0.0299609 0.0352878 0.0352395 0.250615
