2 0.290004 0.240579 0.0484048 0.0556606 0.80244
0 0.118963 0.699795 0.0135973 0.0628976 0.51612
62 0.491089 0.127743 0.119437 0.140733 0.48579
0 0.954606 0.674507 0.0130423 0.0624503 0.44435
0 0.845868 0.636685 0.0140163 0.0597324 0.394461
0 0.836651 0.721121 0.0159163 0.0634423 0.393013
0 0.0673154 0.544174 0.0129937 0.0574595 0.382801
0 0.744131 0.767479 0.015644 0.065261 0.36217
0 0.884435 0.738961 0.0143284 0.0659707 0.355527
0 0.869268 0.658927 0.0150326 0.0485093 0.347203
0 0.113433 0.795153 0.0146214 0.0569434 0.346589
0 0.365155 0.943849 0.0325486 0.0979156 0.330853
0 0.220025 0.887231 0.0182461 0.0673248 0.31477
0 0.865715 0.721406 0.0113634 0.0620182 0.29235
