2 0.42592 0.366712 0.0583299 0.075522 0.829254
2 0.119707 0.876272 0.0907343 0.0906942 0.779891
2 0.822592 0.879836 0.0913178 0.129871 0.765778
2 0.187484 0.156614 0.0379571 0.0588854 0.705633
2 0.21448 0.139793 0.0404486 0.0544093 0.668142
2 0.274558 0.207051 0.0472028 0.0700012 0.601913
9 0.144886 0.261708 0.0245065 0.0711294 0.583064
2 0.815802 0.363637 0.0426559 0.0735686 0.534997
2 0.315968 0.335626 0.0518854 0.0720409 0.529488
2 0.230941 0.343071 0.0359045 0.0644031 0.485846
2 0.333115 0.285121 0.0439879 0.0708281 0.475905
62 0.49194 0.132478 0.118301 0.149417 0.469256
0 0.68342 0.627469 0.0129234 0.0772018 0.389755
0 0.861453 0.632678 0.0176292 0.0630424 0.384344
7 0.273067 0.532981 0.0368208 0.0883613 0.328651
9 0.290481 0.848455 0.0169937 0.0598089 0.308304
9 0.583572 0.28689 0.0125596 0.034634 0.305931
5 0.272878 0.533864 0.0366769 0.0868076 0.296156
0 0.967291 0.607315 0.0118351 0.0566818 0.290518
0 0.529057 0.355644 0.0104656 0.0400557 0.264648
0 0.117034 0.509817 0.0110808 0.0573746 0.260698
2 0.42592 0.366712 0.0583299 0.075522 0.829254
2 0.119707 0.876272 0.0907343 0.0906942 0.779891
2 0.822592 0.879836 0.0913178 0.129871 0.765778
2 0.187484 0.156614 0.0379571 0.0588854 0.705633
2 0.21448 0.139793 0.0404486 0.0544093 0.668142
2 0.274558 0.207051 0.0472028 0.0700012 0.601913
9 0.144886 0.261708 0.0245065 0.0711294 0.583064
2 0.815802 0.363637 0.0426559 0.0735686 0.534997
2 0.315968 0.335626 0.0518854 0.0720409 0.529488
2 0.230941 0.343071 0.0359045 0.0644031 0.485846
2 0.333115 0.285121 0.0439879 0.0708281 0.475905
62 0.49194 0.132478 0.118301 0.149417 0.469256
0 0.68342 0.627469 0.0129234 0.0772018 0.389755
0 0.861453 0.632678 0.0176292 0.0630424 0.384344
7 0.273067 0.532981 0.0368208 0.0883613 0.328651
9 0.290481 0.848455 0.0169937 0.0598089 0.308304
9 0.583572 0.28689 0.0125596 0.034634 0.305931
5 0.272878 0.533864 0.0366769 0.0868076 0.296156
0 0.967291 0.607315 0.0118351 0.0566818 0.290518
0 0.529057 0.355644 0.0104656 0.0400557 0.264648
0 0.117034 0.509817 0.0110808 0.0573746 0.260698
