2 0.20146 0.243574 0.0346832 0.0542167 0.665685
2 0.303544 0.25697 0.0445698 0.0664089 0.609952
2 0.30776 0.627602 0.0964402 0.109531 0.572665
2 0.264726 0.269198 0.0461264 0.0585236 0.512586
9 0.156027 0.915798 0.00973334 0.0387043 0.483627
2 0.163011 0.193121 0.0390586 0.0647886 0.474076
62 0.492084 0.139456 0.118484 0.148934 0.410576
2 0.796322 0.384532 0.0675255 0.0734851 0.401594
2 0.136867 0.154881 0.0381511 0.0486924 0.387173
2 0.268658 0.178065 0.0453527 0.0700709 0.351303
9 0.735616 0.613033 0.0155575 0.0438831 0.337322
7 0.268714 0.177849 0.0457627 0.071657 0.333138
9 0.120554 0.379166 0.0109814 0.037551 0.260167
5 0.151587 0.0462416 0.033996 0.0571214 0.251459
