2 0.29035 0.24356 0.0435352 0.0637515 0.81933
0 0.379182 0.675069 0.0177526 0.0594893 0.701478
2 0.795765 0.397732 0.0655326 0.0991665 0.64255
0 0.420782 0.626823 0.0180725 0.0573681 0.570487
0 0.735093 0.74438 0.0121619 0.0629483 0.548134
7 0.826769 0.863498 0.113045 0.173289 0.516755
9 0.155571 0.913087 0.0086189 0.0388231 0.501545
2 0.848909 0.418758 0.0321747 0.0511678 0.500552
0 0.348248 0.687425 0.0132614 0.0634965 0.486439
9 0.288606 0.794241 0.0343454 0.0494758 0.480866
0 0.477526 0.751718 0.0117931 0.0554796 0.466625
0 0.438493 0.874516 0.0199379 0.0523712 0.449277
0 0.129041 0.954871 0.0143785 0.0599167 0.433814
9 0.268361 0.274096 0.0132994 0.0389296 0.43143
0 0.767783 0.735368 0.0117068 0.0429028 0.423087
0 0.356188 0.507419 0.0156023 0.0551088 0.398883
0 0.400991 0.512944 0.0171357 0.048594 0.332757
62 0.491913 0.125583 0.116831 0.135762 0.331463
0 0.39258 0.427235 0.0118227 0.047297 0.33145
0 0.881757 0.696016 0.0135052 0.055705 0.329632
9 0.0344215 0.202101 0.0135512 0.0404124 0.329225
0 0.0624146 0.28286 0.0112194 0.0483874 0.291553
