0 0.167008 0.483248 0.0170354 0.0529578 0.628304
0 0.222049 0.314189 0.01604 0.0445813 0.591382
9 0.289755 0.794892 0.0379763 0.0502487 0.526013
2 0.127825 0.0779118 0.0404889 0.0683456 0.456764
0 0.255437 0.329485 0.0146478 0.0526443 0.44887
9 0.155744 0.912505 0.00882778 0.0426629 0.408068
9 0.624517 0.249247 0.0224819 0.0751079 0.40006
2 0.835664 0.405576 0.0413172 0.0531321 0.385378
0 0.271774 0.338594 0.00905404 0.0482748 0.382749
9 0.734531 0.610938 0.0151626 0.0417363 0.382347
0 0.181617 0.433088 0.0111572 0.0531202 0.333944
0 0.364191 0.939974 0.0326282 0.0898821 0.333867
0 0.898231 0.648592 0.0115753 0.0424537 0.296675
0 0.184225 0.377028 0.0122241 0.0461519 0.260618
