5 0.150252 0.0973628 0.0550544 0.101268 0.842413
2 0.31359 0.256477 0.0493324 0.0600988 0.760473
2 0.223182 0.305358 0.0392483 0.0636065 0.725046
2 0.269189 0.383534 0.0328258 0.067108 0.71205
2 0.209244 0.260428 0.0417757 0.0452996 0.711509
2 0.796536 0.383695 0.0691418 0.0656623 0.688256
2 0.249947 0.177498 0.0387804 0.0486617 0.680199
2 0.198512 0.176803 0.0398404 0.0696387 0.602895
62 0.49057 0.131183 0.120377 0.142351 0.590923
2 0.155765 0.188869 0.0407386 0.0537541 0.498015
9 0.155449 0.914278 0.00878499 0.041046 0.418211
2 0.199057 0.114085 0.0336772 0.0519745 0.381992
0 0.928939 0.936344 0.0141949 0.0713038 0.362317
2 0.101418 0.0618652 0.0296195 0.0317373 0.316433
2 0.111644 0.223261 0.0330427 0.0435752 0.279937
