2 0.300439 0.238809 0.0433904 0.0678747 0.759952
9 0.289827 0.803331 0.0356606 0.0352076 0.574488
0 0.857588 0.581629 0.0135872 0.0613939 0.567218
0 0.581779 0.575245 0.0104115 0.0574107 0.547287
0 0.941622 0.581192 0.00995388 0.0518138 0.501903
0 0.76763 0.588384 0.0124213 0.0606488 0.499748
0 0.828826 0.566311 0.0153198 0.0622987 0.471823
0 0.980479 0.588909 0.011899 0.0591307 0.45253
9 0.155512 0.913305 0.00935617 0.042436 0.435281
62 0.491542 0.131282 0.117552 0.137396 0.423771
0 0.344684 0.532106 0.0148491 0.0500446 0.420043
0 0.657633 0.566967 0.0113356 0.0536532 0.407334
0 0.533837 0.732367 0.0130402 0.058159 0.405514
0 0.55184 0.582537 0.012484 0.0535529 0.379676
0 0.489003 0.756004 0.0174753 0.0559638 0.373563
0 0.0929452 0.516285 0.0115752 0.0530755 0.332973
0 0.360265 0.94804 0.0438309 0.101085 0.318135
0 0.50258 0.766818 0.0142105 0.0580702 0.315406
5 0.768833 0.267531 0.109287 0.113117 0.30484
0 0.105945 0.58239 0.0168944 0.0543386 0.302662
0 0.20975 0.454767 0.0121818 0.0499686 0.295495
0 0.515899 0.733519 0.0132845 0.0587609 0.264399
2 0.300439 0.238809 0.0433904 0.0678747 0.759952
9 0.289827 0.803331 0.0356606 0.0352076 0.574488
0 0.857588 0.581629 0.0135872 0.0613939 0.567218
0 0.581779 0.575245 0.0104115 0.0574107 0.547287
0 0.941622 0.581192 0.00995388 0.0518138 0.501903
0 0.76763 0.588384 0.0124213 0.0606488 0.499748
0 0.828826 0.566311 0.0153198 0.0622987 0.471823
0 0.980479 0.588909 0.011899 0.0591307 0.45253
9 0.155512 0.913305 0.00935617 0.042436 0.435281
62 0.491542 0.131282 0.117552 0.137396 0.423771
0 0.344684 0.532106 0.0148491 0.0500446 0.420043
0 0.657633 0.566967 0.0113356 0.0536532 0.407334
0 0.533837 0.732367 0.0130402 0.058159 0.405514
0 0.55184 0.582537 0.012484 0.0535529 0.379676
0 0.489003 0.756004 0.0174753 0.0559638 0.373563
0 0.0929452 0.516285 0.0115752 0.0530755 0.332973
0 0.360265 0.94804 0.0438309 0.101085 0.318135
0 0.50258 0.766818 0.0142105 0.0580702 0.315406
5 0.768833 0.267531 0.109287 0.113117 0.30484
0 0.105945 0.58239 0.0168944 0.0543386 0.302662
0 0.20975 0.454767 0.0121818 0.0499686 0.295495
0 0.515899 0.733519 0.0132845 0.0587609 0.264399
