5 0.32508 0.264091 0.0956446 0.141631 0.907828
2 0.308826 0.337573 0.0487975 0.0596787 0.836591
2 0.2473 0.24937 0.0455999 0.061378 0.808328
2 0.384791 0.496287 0.0391463 0.0738284 0.801152
2 0.248599 0.732597 0.0442083 0.0865224 0.799114
2 0.217956 0.303695 0.0393627 0.0631969 0.745335
2 0.571484 0.401909 0.0733236 0.0600037 0.649231
2 0.191212 0.232875 0.0365261 0.0599086 0.6317
2 0.444447 0.46207 0.0713408 0.101911 0.580999
62 0.492201 0.137489 0.118631 0.151586 0.550512
2 0.110347 0.0491161 0.028991 0.0514803 0.364341
2 0.135946 0.104735 0.0326714 0.0489794 0.283444
2 0.159247 0.0868426 0.0355404 0.0491783 0.259214
9 0.155068 0.914649 0.0086905 0.0412733 0.25526
