2 0.360628 0.521508 0.0853551 0.0620667 0.841878
2 0.263984 0.260866 0.0444067 0.0649876 0.776024
2 0.104463 0.218083 0.0400475 0.0483701 0.75026
2 0.269079 0.206429 0.041576 0.0531479 0.735757
2 0.123543 0.160882 0.0528566 0.0541849 0.716981
5 0.233346 0.364685 0.0448365 0.12983 0.587927
0 0.0576106 0.551105 0.0137995 0.0529039 0.388218
62 0.491411 0.126935 0.118992 0.1371 0.370853
7 0.233226 0.364636 0.0448853 0.129509 0.338417
0 0.830548 0.693327 0.0150499 0.0590684 0.295738
0 0.954696 0.694369 0.0127781 0.0610437 0.279035
