2 0.266438 0.265215 0.0440588 0.0542588 0.789077
2 0.0254099 0.600981 0.0506509 0.0666599 0.697045
2 0.229906 0.212492 0.0373766 0.0663387 0.681972
0 0.0767631 0.53926 0.0149234 0.0568261 0.579081
2 0.112306 0.231091 0.0367878 0.05683 0.568128
9 0.156195 0.912771 0.0100957 0.0419013 0.519137
0 0.220887 0.347181 0.00975141 0.0443395 0.501418
0 0.360401 0.453428 0.0134489 0.0541882 0.487551
0 0.278218 0.426082 0.0154085 0.0550312 0.482853
0 0.819797 0.560088 0.015484 0.0642598 0.471107
9 0.289559 0.79379 0.0375913 0.0533734 0.464397
0 0.664843 0.606048 0.0202851 0.0655753 0.450858
0 0.895581 0.778511 0.0136589 0.0572342 0.438051
2 0.806343 0.383808 0.0618708 0.0670745 0.428501
9 0.735561 0.61418 0.0127934 0.050351 0.421458
0 0.968767 0.500456 0.0141237 0.0491976 0.421219
0 0.364589 0.944517 0.031236 0.0955251 0.395221
62 0.492535 0.128918 0.118367 0.133905 0.349847
0 0.248704 0.955476 0.0254753 0.0831363 0.320592
0 0.41077 0.543442 0.0149762 0.0457796 0.315824
0 0.302086 0.441874 0.0162773 0.0599272 0.303044
0 0.290924 0.550423 0.0146001 0.0544128 0.27932
2 0.266438 0.265215 0.0440588 0.0542588 0.789077
2 0.0254099 0.600981 0.0506509 0.0666599 0.697045
2 0.229906 0.212492 0.0373766 0.0663387 0.681972
0 0.0767631 0.53926 0.0149234 0.0568261 0.579081
2 0.112306 0.231091 0.0367878 0.05683 0.568128
9 0.156195 0.912771 0.0100957 0.0419013 0.519137
0 0.220887 0.347181 0.00975141 0.0443395 0.501418
0 0.360401 0.453428 0.0134489 0.0541882 0.487551
0 0.278218 0.426082 0.0154085 0.0550312 0.482853
0 0.819797 0.560088 0.015484 0.0642598 0.471107
9 0.289559 0.79379 0.0375913 0.0533734 0.464397
0 0.664843 0.606048 0.0202851 0.0655753 0.450858
0 0.895581 0.778511 0.0136589 0.0572342 0.438051
2 0.806343 0.383808 0.0618708 0.0670745 0.428501
9 0.735561 0.61418 0.0127934 0.050351 0.421458
0 0.968767 0.500456 0.0141237 0.0491976 0.421219
0 0.364589 0.944517 0.031236 0.0955251 0.395221
62 0.492535 0.128918 0.118367 0.133905 0.349847
0 0.248704 0.955476 0.0254753 0.0831363 0.320592
0 0.41077 0.543442 0.0149762 0.0457796 0.315824
0 0.302086 0.441874 0.0162773 0.0599272 0.303044
0 0.290924 0.550423 0.0146001 0.0544128 0.27932
