5 0.713623 0.915272 0.261644 0.165933 0.929076
5 0.223804 0.640747 0.131661 0.157602 0.908827
2 0.120286 0.583771 0.0892184 0.0842504 0.880251
7 0.249337 0.427617 0.0756677 0.116285 0.860195
2 0.500406 0.527907 0.0820729 0.0727382 0.858198
2 0.611221 0.539436 0.0634325 0.0822259 0.849374
2 0.402 0.511702 0.0755277 0.073126 0.8171
2 0.22969 0.306529 0.0422832 0.0601081 0.799755
2 0.603865 0.431461 0.0693052 0.0681062 0.7938
2 0.25129 0.253175 0.041327 0.0521061 0.744621
2 0.634063 0.681139 0.0618464 0.105333 0.744471
2 0.697094 0.439069 0.0622526 0.068216 0.720495
2 0.193254 0.245565 0.0394414 0.0480818 0.686989
2 0.281775 0.228169 0.0412441 0.0583693 0.68644
2 0.248775 0.178193 0.0391459 0.0568145 0.612618
2 0.169903 0.141709 0.0361046 0.0574262 0.61143
2 0.208851 0.137398 0.0435451 0.056369 0.591115
2 0.206378 0.195414 0.0368539 0.0505096 0.582916
2 0.714982 0.785784 0.0870674 0.121832 0.568162
2 0.680292 0.505635 0.0375866 0.0629452 0.497321
2 0.105915 0.0636769 0.0354604 0.0439407 0.483119
2 0.848508 0.976057 0.0700783 0.04372 0.37032
5 0.535104 0.292249 0.134111 0.0881788 0.361825
2 0.139586 0.0986655 0.0316966 0.0547937 0.330406
5 0.0234451 0.123033 0.0463981 0.243186 0.286309
2 0.426941 0.95799 0.0851205 0.0816998 0.28448
2 0.101002 0.196603 0.0295141 0.0572802 0.280981
2 0.812448 0.290337 0.0457863 0.0508922 0.272027
