5 0.14975 0.10038 0.0742938 0.117974 0.849832
2 0.370328 0.629566 0.086771 0.0954941 0.835762
2 0.294558 0.237858 0.0407818 0.0575759 0.773192
2 0.101426 0.724657 0.078298 0.0983602 0.771604
2 0.218345 0.498846 0.0611058 0.0760657 0.77024
2 0.344746 0.556116 0.0845043 0.0616816 0.755498
2 0.65886 0.399604 0.0720465 0.0632218 0.675912
2 0.517935 0.521534 0.0774742 0.0825985 0.631531
2 0.798052 0.444719 0.0687194 0.0693183 0.599915
2 0.228725 0.952548 0.0763641 0.0915402 0.595499
2 0.200548 0.177117 0.0371284 0.0634555 0.589131
62 0.492156 0.140522 0.117225 0.130451 0.576416
2 0.141982 0.83073 0.0844563 0.09383 0.568907
0 0.536907 0.68273 0.0191561 0.0562524 0.523508
9 0.288775 0.794261 0.0354489 0.0542265 0.513377
2 0.247935 0.241542 0.0409534 0.0667085 0.433512
2 0.775228 0.388781 0.0635306 0.0704615 0.432263
2 0.678693 0.525117 0.0504971 0.057863 0.344871
9 0.120631 0.382201 0.0124846 0.047852 0.264862
