2 0.269314 0.266084 0.0461357 0.0686666 0.810425
2 0.180941 0.32498 0.0346778 0.0643328 0.776799
2 0.218238 0.201879 0.0354255 0.0609421 0.773952
2 0.258805 0.185859 0.041141 0.0620168 0.744375
2 0.800617 0.406215 0.0591439 0.0765315 0.552437
9 0.155547 0.912934 0.00847628 0.0412325 0.498228
9 0.143357 0.250284 0.0157226 0.0508701 0.470438
0 0.937301 0.597653 0.0116577 0.0629924 0.465937
9 0.735005 0.61147 0.0130207 0.0376369 0.414209
0 0.739218 0.703519 0.0166778 0.0608536 0.411325
0 0.914714 0.606734 0.0182976 0.0762152 0.400299
9 0.583303 0.287734 0.0146931 0.0375213 0.356535
62 0.491727 0.127446 0.118431 0.138746 0.334835
0 0.770826 0.667532 0.0099226 0.0518204 0.317199
9 0.116668 0.267914 0.0150475 0.0347072 0.305516
0 0.51966 0.36819 0.00995197 0.0443141 0.297647
9 0.289048 0.797311 0.03601 0.0535622 0.257516
9 0.623828 0.251469 0.0197016 0.0759499 0.25241
