5 0.173132 0.123992 0.0783787 0.128583 0.859435
2 0.244922 0.450452 0.0521119 0.0650989 0.812486
2 0.125254 0.168726 0.0353482 0.0487833 0.771838
2 0.259832 0.256516 0.0451139 0.0641618 0.698738
2 0.110424 0.117685 0.030907 0.053767 0.69738
2 0.24895 0.178445 0.037846 0.0571794 0.676682
2 0.282211 0.225707 0.042138 0.0590353 0.653929
2 0.256516 0.357388 0.0377145 0.0607559 0.650823
62 0.492234 0.131194 0.117781 0.140118 0.592979
5 0.535687 0.302366 0.135349 0.110295 0.558151
0 0.931214 0.620484 0.0136215 0.0602561 0.3687
2 0.812659 0.292432 0.0458371 0.0569001 0.347639
5 0.208891 0.259884 0.0724016 0.143098 0.346378
2 0.222951 0.202655 0.040992 0.0660432 0.343659
0 0.142191 0.477827 0.0141877 0.0535207 0.2943
0 0.00703942 0.568778 0.0137845 0.0601959 0.276491
5 0.0212149 0.114375 0.0416604 0.228055 0.257877
0 0.0517171 0.549261 0.0145115 0.0629912 0.250736
