2 0.132018 0.245997 0.039604 0.0564176 0.721748
0 0.785433 0.516715 0.0101368 0.0506721 0.571971
2 0.317961 0.254074 0.0469778 0.0608232 0.564904
9 0.289141 0.794905 0.0385907 0.0521166 0.560748
2 0.188119 0.0875263 0.0358779 0.0432662 0.533188
9 0.155643 0.911706 0.00857348 0.0392392 0.525354
5 0.0635005 0.405819 0.126783 0.174414 0.522094
0 0.26886 0.353573 0.00905566 0.046336 0.49452
2 0.213834 0.131351 0.0264632 0.0401646 0.455774
9 0.735621 0.608841 0.0145706 0.0369483 0.381974
0 0.446675 0.326854 0.0108736 0.0486666 0.356345
9 0.583108 0.286119 0.0159405 0.0398363 0.345964
9 0.572326 0.227727 0.0155758 0.0430912 0.339239
62 0.492485 0.125581 0.118542 0.138758 0.33395
9 0.747959 0.652739 0.0139968 0.0597076 0.298363
0 0.142703 0.45087 0.0149354 0.0573645 0.26863
0 0.0573668 0.235633 0.0094919 0.0415146 0.263191
