5 0.569112 0.914787 0.226654 0.165988 0.915175
2 0.452977 0.496249 0.0599207 0.0779826 0.847941
2 0.18823 0.224922 0.0340674 0.0562837 0.821509
2 0.29008 0.296788 0.0437139 0.0604834 0.798033
2 0.120466 0.149466 0.0367454 0.0508886 0.791941
2 0.224881 0.310224 0.0362989 0.0602114 0.776899
2 0.278263 0.552986 0.0400125 0.0798704 0.736207
5 0.536656 0.290132 0.133396 0.0831001 0.656119
2 0.112039 0.057432 0.0306001 0.0568839 0.586096
3 0.776056 0.927779 0.046382 0.0535043 0.575178
2 0.844918 0.411019 0.048632 0.0598116 0.481274
7 0.258868 0.405199 0.0277414 0.0717134 0.419026
62 0.492297 0.129448 0.118027 0.142889 0.405736
3 0.607841 0.698035 0.0386755 0.0486749 0.385885
3 0.558748 0.630382 0.035606 0.0596614 0.329437
0 0.773057 0.904389 0.0243608 0.0616391 0.32458
0 0.688715 0.864627 0.0156748 0.0658617 0.259731
