5 0.195653 0.15664 0.0793991 0.128973 0.866298
2 0.19023 0.718519 0.0946319 0.106504 0.863859
2 0.138735 0.566487 0.0791597 0.0820088 0.828074
2 0.295222 0.247943 0.0414502 0.0526784 0.795773
2 0.245442 0.242202 0.0383576 0.057562 0.786057
2 0.609964 0.434617 0.0690199 0.0525211 0.756288
5 0.0461483 0.663521 0.0903172 0.122701 0.567894
2 0.808893 0.296916 0.0539528 0.0648566 0.547447
2 0.468499 0.599495 0.0877726 0.0814904 0.535221
0 0.365054 0.943586 0.0331349 0.0961778 0.319046
3 0.563998 0.50124 0.0354397 0.0532672 0.304997
5 0.528984 0.29105 0.119919 0.0869038 0.275491
0 0.978649 0.963063 0.0143253 0.0665551 0.260134
