2 0.129293 0.717273 0.101061 0.094789 0.848031
2 0.596861 0.44066 0.0635742 0.055206 0.754329
2 0.205896 0.602494 0.10008 0.0981583 0.747527
2 0.167513 0.744081 0.0438891 0.0725633 0.684687
5 0.524164 0.295128 0.108506 0.0980531 0.633399
9 0.288315 0.795957 0.0339223 0.0516612 0.582872
62 0.492563 0.130144 0.116192 0.131124 0.560069
2 0.428128 0.562305 0.0783497 0.0887121 0.551223
5 0.758843 0.261156 0.0932831 0.125188 0.494768
2 0.732634 0.411536 0.0687921 0.079509 0.417246
2 0.23183 0.404057 0.03392 0.0633494 0.39878
9 0.155813 0.914455 0.00916877 0.0421963 0.321935
2 0.141973 0.268216 0.0354406 0.0579253 0.31488
9 0.0961883 0.090335 0.0166573 0.0437111 0.314676
