5 0.763469 0.839465 0.187801 0.289517 0.942096
2 0.210126 0.2899 0.0361379 0.0620984 0.777312
0 0.781186 0.723793 0.0144509 0.0607697 0.634339
7 0.268427 0.511091 0.0555951 0.200997 0.616258
5 0.0639475 0.407378 0.127895 0.178977 0.602175
0 0.815676 0.739624 0.012118 0.0664215 0.583075
0 0.969294 0.69219 0.0140923 0.0665551 0.528621
0 0.860686 0.650275 0.0110306 0.0526235 0.521143
0 0.1338 0.479324 0.0156434 0.0502413 0.496673
5 0.268275 0.510853 0.0561074 0.200195 0.480094
0 0.0324805 0.536389 0.0157022 0.0551457 0.460883
0 0.856954 0.586787 0.0149864 0.056714 0.459516
0 0.783891 0.527959 0.0117324 0.0485738 0.448007
0 0.765187 0.54451 0.00924454 0.0484092 0.39056
9 0.0345564 0.200937 0.0144713 0.0371082 0.370697
0 0.0871731 0.529526 0.0131657 0.0550432 0.338784
0 0.0594593 0.534217 0.0213161 0.0718514 0.330263
0 0.744829 0.699034 0.0153709 0.0598651 0.328222
0 0.717921 0.6529 0.012564 0.0557334 0.30922
0 0.741018 0.543733 0.0110329 0.05228 0.304843
0 0.0692488 0.508592 0.0115577 0.050335 0.3003
0 0.743656 0.691748 0.0181643 0.0762029 0.271629
0 0.0624535 0.53853 0.0157743 0.0630537 0.259482
