5 0.205757 0.173781 0.0849157 0.131586 0.864353
2 0.854755 0.927224 0.0964504 0.132779 0.86032
2 0.452285 0.383899 0.055507 0.0666036 0.84789
2 0.519431 0.579326 0.0620531 0.0972238 0.84782
2 0.385181 0.410622 0.0463587 0.0796477 0.813279
2 0.17002 0.210785 0.0344509 0.0508201 0.80319
2 0.613139 0.398143 0.0725679 0.0581294 0.772886
2 0.274369 0.764587 0.057404 0.109086 0.74042
2 0.28556 0.534262 0.0338283 0.0726664 0.676386
2 0.114801 0.12427 0.0374105 0.0625248 0.551673
0 0.114222 0.977608 0.017024 0.0433563 0.480979
62 0.490769 0.130421 0.120838 0.14267 0.435878
2 0.279479 0.981142 0.0582181 0.0365521 0.410141
0 0.217168 0.443491 0.0153875 0.0573941 0.403831
0 0.358132 0.936601 0.0190181 0.0770966 0.329624
9 0.0343878 0.204767 0.0139872 0.0329356 0.328957
