62 0.49201 0.134542 0.119194 0.144289 0.649099
0 0.329001 0.47632 0.0128459 0.0617102 0.444098
5 0.0652681 0.408009 0.130536 0.181764 0.380522
0 0.348298 0.469844 0.016701 0.0723036 0.373865
0 0.0887161 0.474629 0.0142562 0.0599494 0.361225
9 0.142724 0.251698 0.0142253 0.049616 0.347695
0 0.56554 0.561759 0.0234227 0.0396715 0.327559
0 0.194807 0.333529 0.00951633 0.0463888 0.321135
0 0.0778764 0.552025 0.0113344 0.052052 0.318892
2 0.771705 0.389869 0.0444693 0.0801259 0.27987
9 0.581843 0.255095 0.016584 0.0876972 0.274588
9 0.116944 0.268548 0.0166361 0.0352402 0.271419
2 0.577362 0.920488 0.381961 0.154134 0.265059
0 0.213377 0.511098 0.019074 0.0649218 0.25996
0 0.747774 0.504467 0.0153116 0.0498379 0.25626
2 0.816735 0.409206 0.0487129 0.0722336 0.250246
