2 0.631462 0.547014 0.0609863 0.0921204 0.877311
5 0.718532 0.791892 0.125784 0.208469 0.873127
5 0.171186 0.0631317 0.0618907 0.112693 0.860889
2 0.634112 0.67877 0.0540701 0.0975752 0.834871
2 0.388714 0.41493 0.0511971 0.0797733 0.812889
2 0.306235 0.245642 0.0447047 0.0620038 0.792252
2 0.266985 0.280951 0.0396408 0.0543452 0.734434
2 0.841038 0.9688 0.0789452 0.0595523 0.70516
2 0.825107 0.417912 0.0595779 0.059245 0.637242
2 0.165539 0.201198 0.0394332 0.0603199 0.600226
2 0.817835 0.291467 0.0347694 0.0532613 0.528849
2 0.106475 0.112475 0.0322946 0.052443 0.453313
2 0.24508 0.143398 0.03881 0.0642531 0.39375
0 0.185765 0.520398 0.0140426 0.0521264 0.345706
2 0.181133 0.330251 0.0397063 0.0530426 0.337805
2 0.119187 0.0751342 0.0258407 0.034076 0.321087
2 0.109395 0.203738 0.030653 0.0382254 0.304413
5 0.541618 0.28515 0.133171 0.0762967 0.276694
2 0.18692 0.167008 0.0282135 0.0367744 0.275491
