2 0.308977 0.254148 0.0440611 0.0643333 0.846423
2 0.220616 0.2925 0.0381245 0.0598621 0.8279
5 0.82299 0.257169 0.0712963 0.111246 0.825844
2 0.255295 0.252025 0.040878 0.0654246 0.799978
2 0.18341 0.227446 0.045575 0.0654099 0.799201
2 0.654868 0.36553 0.0623631 0.0542458 0.726685
2 0.222202 0.154374 0.0383149 0.0492067 0.725151
2 0.114157 0.0675225 0.0372779 0.0466791 0.712272
2 0.714421 0.335364 0.0744457 0.0543303 0.705682
2 0.268734 0.205065 0.0421242 0.0635327 0.70182
2 0.210592 0.200698 0.0409101 0.0529082 0.697735
2 0.13813 0.169454 0.032929 0.0550213 0.630087
2 0.799362 0.341787 0.0619407 0.0700954 0.555003
2 0.187622 0.104689 0.0363269 0.0612826 0.519631
2 0.177298 0.153862 0.0402977 0.0593705 0.457679
0 0.0184106 0.562526 0.0172966 0.0605703 0.366771
0 0.157043 0.976599 0.0164132 0.0460025 0.330287
0 0.365144 0.945394 0.0330678 0.0976669 0.329499
62 0.491993 0.13219 0.117398 0.128649 0.301889
5 0.021478 0.122548 0.0425333 0.241922 0.268615
