7 0.78939 0.885304 0.129 0.224354 0.931896
2 0.135457 0.683497 0.0768081 0.0892524 0.820926
2 0.232383 0.948911 0.0920743 0.0997175 0.769819
2 0.541578 0.599603 0.0664454 0.0936015 0.749548
2 0.431361 0.458818 0.0605267 0.0974353 0.72203
7 0.0692283 0.706393 0.0656654 0.14486 0.645854
9 0.155608 0.911393 0.00883546 0.0404171 0.53307
0 0.0966082 0.517056 0.0119325 0.0496302 0.432994
9 0.735667 0.60729 0.0127539 0.0374727 0.425208
62 0.492022 0.126627 0.116923 0.135924 0.411359
0 0.868244 0.573136 0.0125793 0.0586837 0.408263
0 0.155065 0.460624 0.0110346 0.0558593 0.390954
0 0.759936 0.659729 0.0135832 0.0693253 0.353191
2 0.75355 0.338851 0.0689528 0.0516875 0.34793
9 0.28719 0.798617 0.0315477 0.0543915 0.306899
0 0.16849 0.39985 0.0116657 0.0516301 0.282703
0 0.880132 0.572193 0.0109528 0.050838 0.280418
0 0.709755 0.682193 0.0140907 0.0823736 0.279852
0 0.113349 0.485378 0.0121882 0.057098 0.25255
7 0.78939 0.885304 0.129 0.224354 0.931896
2 0.135457 0.683497 0.0768081 0.0892524 0.820926
2 0.232383 0.948911 0.0920743 0.0997175 0.769819
2 0.541578 0.599603 0.0664454 0.0936015 0.749548
2 0.431361 0.458818 0.0605267 0.0974353 0.72203
7 0.0692283 0.706393 0.0656654 0.14486 0.645854
9 0.155608 0.911393 0.00883546 0.0404171 0.53307
0 0.0966082 0.517056 0.0119325 0.0496302 0.432994
9 0.735667 0.60729 0.0127539 0.0374727 0.425208
62 0.492022 0.126627 0.116923 0.135924 0.411359
0 0.868244 0.573136 0.0125793 0.0586837 0.408263
0 0.155065 0.460624 0.0110346 0.0558593 0.390954
0 0.759936 0.659729 0.0135832 0.0693253 0.353191
2 0.75355 0.338851 0.0689528 0.0516875 0.34793
9 0.28719 0.798617 0.0315477 0.0543915 0.306899
0 0.16849 0.39985 0.0116657 0.0516301 0.282703
0 0.880132 0.572193 0.0109528 0.050838 0.280418
0 0.709755 0.682193 0.0140907 0.0823736 0.279852
0 0.113349 0.485378 0.0121882 0.057098 0.25255
