2 0.202568 0.165786 0.0450198 0.0707284 0.806948
2 0.74787 0.784516 0.0950591 0.114727 0.804776
2 0.181328 0.324506 0.0323743 0.064367 0.747732
2 0.252055 0.238245 0.0437375 0.0672098 0.608992
0 0.147544 0.476728 0.0115963 0.0563793 0.603098
2 0.100967 0.0494043 0.0356403 0.0525819 0.57958
5 0.53426 0.307714 0.126944 0.109024 0.575426
0 0.761246 0.58792 0.0121555 0.0635965 0.565316
9 0.155635 0.911407 0.00896726 0.0415744 0.55442
2 0.669401 0.671713 0.0726826 0.107677 0.491705
0 0.0912214 0.526859 0.0126901 0.0604288 0.473007
9 0.290087 0.795548 0.0380361 0.0497404 0.463528
0 0.792061 0.687562 0.0167193 0.072955 0.43486
0 0.0205029 0.497568 0.0124801 0.0593522 0.425084
9 0.623492 0.249575 0.020063 0.0770635 0.400826
0 0.82676 0.603848 0.0134573 0.0535157 0.373988
9 0.117439 0.26728 0.0144234 0.0347578 0.369529
0 0.709384 0.653306 0.0136227 0.0645423 0.334369
62 0.49227 0.125526 0.118471 0.134436 0.32364
9 0.144328 0.249946 0.018544 0.0491607 0.296137
9 0.583645 0.287643 0.0162991 0.042639 0.271479
0 0.365657 0.946224 0.0338536 0.0987406 0.251584
