0 0.336998 0.756293 0.0150356 0.0676836 0.554608
2 0.836678 0.400513 0.0323643 0.0549906 0.532799
0 0.118191 0.74433 0.014084 0.0614502 0.456473
0 0.860959 0.62263 0.0133669 0.0514854 0.409699
0 0.154593 0.799165 0.0163103 0.0644972 0.404823
0 0.314479 0.840632 0.0151416 0.0655031 0.353487
0 0.805433 0.749832 0.0188688 0.0627394 0.347004
0 0.914524 0.627798 0.014587 0.0765659 0.283533
0 0.836553 0.735095 0.0143852 0.0670722 0.263146
0 0.5482 0.635977 0.0188418 0.0802572 0.256069
0 0.960895 0.656672 0.0107422 0.0473033 0.253424
