5 0.128775 0.0741851 0.0733284 0.117889 0.869402
2 0.289626 0.665689 0.0949814 0.108503 0.867198
2 0.457656 0.560124 0.0779487 0.0885849 0.833643
2 0.143726 0.64397 0.0893112 0.0853628 0.79833
2 0.25571 0.245305 0.0475017 0.07751 0.797496
2 0.563254 0.454434 0.076926 0.0646272 0.793292
2 0.642668 0.488095 0.0781082 0.0842189 0.774849
2 0.116168 0.170443 0.034435 0.0552497 0.647885
2 0.765655 0.439752 0.0661051 0.0726621 0.628778
0 0.66879 0.878515 0.0136187 0.0562222 0.534476
9 0.155491 0.913788 0.00948052 0.0416711 0.532249
0 0.120487 0.513921 0.0130871 0.0599511 0.443571
2 0.810086 0.294581 0.0543114 0.0509226 0.409266
62 0.491516 0.138335 0.115656 0.121183 0.40692
9 0.288449 0.795631 0.0364126 0.0521308 0.386413
0 0.668042 0.607201 0.0129539 0.0635197 0.371927
0 0.105067 0.518183 0.0176783 0.0795788 0.323983
5 0.766688 0.264817 0.111269 0.137052 0.312989
2 0.206921 0.177599 0.0473371 0.0733844 0.312917
0 0.36446 0.945581 0.0320306 0.0934319 0.293129
7 0.207134 0.176889 0.0479379 0.0749207 0.278342
0 0.687934 0.642089 0.0138939 0.0543505 0.25448
