5 0.20999 0.113078 0.0694734 0.120817 0.888164
5 0.0908803 0.0915629 0.0775893 0.114088 0.615197
0 0.551 0.448221 0.016921 0.0573144 0.571364
0 0.137206 0.482059 0.0114399 0.0463048 0.543419
0 0.364524 0.943062 0.0321551 0.0946799 0.530882
0 0.0806154 0.510626 0.0182843 0.0694852 0.495874
0 0.11893 0.943895 0.0160794 0.0687573 0.439449
0 0.830939 0.745337 0.0112633 0.0562073 0.430329
0 0.0950087 0.485217 0.0107834 0.0550195 0.426373
9 0.0349539 0.202226 0.0154388 0.036972 0.393715
0 0.169753 0.453959 0.0141249 0.0842567 0.350124
0 0.543709 0.341973 0.00948467 0.0415976 0.33275
0 0.0640738 0.52576 0.017459 0.0521976 0.307949
0 0.132886 0.97225 0.0162043 0.0555005 0.283888
0 0.800408 0.759094 0.0179617 0.079119 0.281314
0 0.517051 0.344406 0.00941305 0.0449394 0.274422
0 0.844118 0.721802 0.014056 0.0809596 0.265515
