7 0.769367 0.783024 0.0966921 0.164821 0.693183
2 0.30273 0.244105 0.0449925 0.065715 0.65288
0 0.352404 0.703792 0.0132962 0.0594259 0.425544
0 0.321447 0.747278 0.0136317 0.0622945 0.394548
0 0.420924 0.76577 0.0129185 0.0623037 0.333045
0 0.58651 0.380706 0.00948877 0.0417673 0.325608
0 0.471493 0.74649 0.0161556 0.0612035 0.295482
0 0.373381 0.747954 0.0144782 0.0709791 0.285734
0 0.254811 0.831791 0.0139158 0.064149 0.282941
5 0.06417 0.403463 0.127931 0.180006 0.25936
2 0.942215 0.400863 0.0263756 0.0437176 0.252744
