5 0.371801 0.537463 0.167833 0.135666 0.934884
5 0.759586 0.914127 0.264053 0.16568 0.899941
2 0.604811 0.673319 0.0688729 0.110138 0.843976
2 0.698809 0.789464 0.078627 0.0922845 0.837329
2 0.111379 0.670521 0.101293 0.0946957 0.832483
2 0.608617 0.548205 0.0586943 0.0790978 0.831082
2 0.804894 0.394921 0.0674545 0.0657141 0.804983
2 0.232766 0.329937 0.0352218 0.0661655 0.793867
2 0.241294 0.393439 0.032371 0.0618035 0.759534
2 0.280744 0.441024 0.0530709 0.0652339 0.750937
2 0.227543 0.224185 0.0424442 0.0547865 0.741639
2 0.2099 0.275736 0.0379366 0.0540755 0.730998
2 0.292783 0.234453 0.0409212 0.0696901 0.708968
2 0.274709 0.272267 0.0442119 0.0624251 0.604008
2 0.169565 0.22269 0.0349574 0.0502255 0.601138
5 0.53694 0.288044 0.130421 0.0796487 0.539613
2 0.6761 0.489351 0.0805791 0.0955741 0.527867
5 0.110854 0.669977 0.102474 0.0946291 0.512829
2 0.185484 0.166982 0.0369284 0.0582372 0.504992
2 0.101334 0.195723 0.030777 0.0641429 0.499203
7 0.500905 0.944834 0.088448 0.105377 0.492109
3 0.0830131 0.793981 0.0376241 0.0641232 0.471687
62 0.490689 0.130563 0.119977 0.142546 0.467631
2 0.812564 0.293524 0.0459856 0.0554569 0.462582
2 0.154377 0.121196 0.0363019 0.0493283 0.436874
2 0.13672 0.182158 0.0361226 0.052059 0.426883
2 0.116268 0.134298 0.0403932 0.0578455 0.373125
2 0.122494 0.0848119 0.0359147 0.0445705 0.294243
