5 0.698758 0.763977 0.185374 0.255017 0.9486
2 0.155036 0.554446 0.0632202 0.083163 0.835256
2 0.476915 0.493681 0.0742472 0.0780546 0.812871
2 0.645115 0.399027 0.0664581 0.0653744 0.812267
2 0.241835 0.238806 0.0403943 0.0646206 0.803086
2 0.292864 0.246791 0.0396952 0.0485055 0.742735
2 0.806936 0.336019 0.0465372 0.0492278 0.72465
2 0.140636 0.173723 0.0433642 0.0576094 0.717294
2 0.268296 0.197235 0.0389521 0.0592769 0.695338
5 0.111445 0.055907 0.0731657 0.111814 0.684683
2 0.101958 0.21422 0.0364515 0.0504554 0.648451
5 0.523892 0.292302 0.104816 0.0876565 0.647926
2 0.168343 0.142639 0.0368521 0.0546517 0.60734
2 0.208169 0.19266 0.0430047 0.0531091 0.563284
62 0.491448 0.129084 0.11805 0.140619 0.519901
0 0.688447 0.888152 0.0146716 0.0620148 0.328679
0 0.11225 0.95715 0.0188505 0.0794691 0.310347
9 0.155584 0.915565 0.00883219 0.0403561 0.290936
5 0.811348 0.277949 0.0449051 0.0660095 0.290386
