2 0.256109 0.251721 0.042098 0.0645716 0.811388
2 0.307353 0.233069 0.0433022 0.065566 0.767939
5 0.10503 0.049865 0.0703897 0.0997301 0.75388
2 0.241389 0.15711 0.0362634 0.0640792 0.67862
5 0.147437 0.255102 0.0673365 0.114396 0.550691
2 0.826582 0.416372 0.0245911 0.04208 0.543458
2 0.170228 0.0717789 0.0353327 0.05026 0.526646
2 0.808988 0.382541 0.0422798 0.0595389 0.502443
62 0.485097 0.15081 0.13457 0.189152 0.296048
0 0.315515 0.703895 0.0132537 0.0527747 0.293967
2 0.147615 0.255792 0.0676029 0.116131 0.260365
