2 0.301158 0.284064 0.0499479 0.0710776 0.806459
2 0.201713 0.265833 0.0391555 0.0608856 0.791227
2 0.228582 0.946925 0.0775654 0.104826 0.786625
0 0.734671 0.698455 0.0137419 0.0661208 0.604084
0 0.846364 0.731868 0.0156067 0.0593231 0.578812
0 0.719093 0.675348 0.0137485 0.0569712 0.514224
9 0.0350831 0.199467 0.0141718 0.0374202 0.510499
0 0.78687 0.759574 0.0129981 0.0621691 0.462344
0 0.0439413 0.564196 0.0149498 0.0628625 0.461156
0 0.778215 0.66296 0.0133732 0.0534893 0.455738
5 0.742468 0.280969 0.158765 0.175767 0.42296
0 0.8186 0.520526 0.00906448 0.053014 0.330335
2 0.153322 0.286398 0.0346315 0.0508173 0.328262
0 0.882249 0.545928 0.0104851 0.0495364 0.315727
0 0.772345 0.753525 0.0156921 0.0700924 0.295156
62 0.491864 0.125978 0.117675 0.137339 0.274489
0 0.833517 0.515982 0.0121414 0.0639775 0.252826
0 0.880109 0.645808 0.0144806 0.0524278 0.251268
