2 0.319965 0.662118 0.0873729 0.097271 0.83559
2 0.483984 0.449403 0.0706763 0.0704842 0.781577
2 0.281071 0.360061 0.0375729 0.059368 0.767576
5 0.207141 0.301742 0.0612183 0.118271 0.76538
2 0.179639 0.518432 0.0745801 0.0796075 0.728315
2 0.233232 0.22468 0.0448283 0.056984 0.712628
2 0.196914 0.178269 0.0398816 0.0544963 0.691738
2 0.672237 0.445379 0.0680486 0.0766209 0.630698
2 0.812743 0.377735 0.0422609 0.0553586 0.610261
2 0.306065 0.260896 0.0429294 0.0587897 0.590008
9 0.288562 0.796143 0.0369349 0.0533868 0.550919
5 0.530011 0.292304 0.119169 0.0963524 0.541744
62 0.492186 0.134163 0.117656 0.139048 0.512815
2 0.26841 0.17858 0.0455367 0.0706175 0.434603
9 0.155858 0.914386 0.00920973 0.0417341 0.422144
5 0.766434 0.261992 0.111541 0.129974 0.386277
2 0.269108 0.266221 0.0401012 0.0633125 0.355458
