2 0.165235 0.129223 0.0366969 0.0485672 0.629578
62 0.491991 0.135158 0.115037 0.119718 0.5688
2 0.282745 0.226401 0.04562 0.064013 0.562404
9 0.29766 0.822759 0.0169874 0.0619303 0.523534
0 0.093709 0.809605 0.0155114 0.0652091 0.375921
9 0.735015 0.610824 0.0103601 0.0430464 0.341394
9 0.258673 0.300174 0.0105396 0.0485316 0.332079
62 0.0221839 0.152597 0.0441926 0.177292 0.304606
0 0.309571 0.723836 0.0124501 0.0623912 0.291385
0 0.717532 0.838507 0.0122656 0.0627279 0.271525
0 0.74893 0.67697 0.019857 0.0653888 0.262422
