2 0.270376 0.262186 0.0444056 0.062865 0.745982
2 0.303338 0.237876 0.0443153 0.0699319 0.653376
2 0.812442 0.854987 0.0858194 0.122492 0.597488
0 0.564949 0.583741 0.00883036 0.0483375 0.46648
62 0.491969 0.130377 0.11848 0.152154 0.46224
9 0.735806 0.607965 0.0159134 0.0441733 0.41411
9 0.289585 0.800217 0.033274 0.0388489 0.390315
0 0.594531 0.605772 0.00982647 0.0507082 0.369579
2 0.215919 0.141511 0.0369942 0.0605907 0.346915
0 0.337031 0.520098 0.014951 0.0564007 0.310256
0 0.169935 0.753354 0.0129321 0.0622462 0.298494
0 0.452506 0.75473 0.0135618 0.0551581 0.297854
0 0.809283 0.635285 0.0119591 0.0578379 0.277533
0 0.802112 0.708149 0.0134666 0.055856 0.274773
0 0.366182 0.56402 0.0132274 0.0521837 0.263198
0 0.488672 0.761758 0.0151836 0.0676531 0.252805
0 0.777675 0.705902 0.0136427 0.0594622 0.252562
2 0.270376 0.262186 0.0444056 0.062865 0.745982
2 0.303338 0.237876 0.0443153 0.0699319 0.653376
2 0.812442 0.854987 0.0858194 0.122492 0.597488
0 0.564949 0.583741 0.00883036 0.0483375 0.46648
62 0.491969 0.130377 0.11848 0.152154 0.46224
9 0.735806 0.607965 0.0159134 0.0441733 0.41411
9 0.289585 0.800217 0.033274 0.0388489 0.390315
0 0.594531 0.605772 0.00982647 0.0507082 0.369579
2 0.215919 0.141511 0.0369942 0.0605907 0.346915
0 0.337031 0.520098 0.014951 0.0564007 0.310256
0 0.169935 0.753354 0.0129321 0.0622462 0.298494
0 0.452506 0.75473 0.0135618 0.0551581 0.297854
0 0.809283 0.635285 0.0119591 0.0578379 0.277533
0 0.802112 0.708149 0.0134666 0.055856 0.274773
0 0.366182 0.56402 0.0132274 0.0521837 0.263198
0 0.488672 0.761758 0.0151836 0.0676531 0.252805
0 0.777675 0.705902 0.0136427 0.0594622 0.252562
