2 0.303945 0.25207 0.0432442 0.0557885 0.828043
2 0.262844 0.263226 0.0436288 0.0684907 0.826763
2 0.180293 0.151892 0.039382 0.0624948 0.77947
2 0.711973 0.335375 0.0784283 0.0557331 0.72958
2 0.147899 0.110921 0.0313522 0.056451 0.623503
5 0.0221125 0.129003 0.0436241 0.255034 0.584523
5 0.532704 0.291503 0.118538 0.08265 0.530272
2 0.117162 0.0744456 0.0325187 0.0506991 0.513516
2 0.0847207 0.0377278 0.034884 0.0435029 0.491355
9 0.154829 0.915397 0.00853858 0.0398933 0.319088
0 0.0812417 0.432835 0.0122733 0.0510997 0.281726
