2 0.258125 0.253423 0.0433146 0.0641755 0.810979
2 0.783583 0.38274 0.0628235 0.0704141 0.73244
5 0.0640387 0.404131 0.128009 0.179959 0.620225
0 0.594037 0.818535 0.0159859 0.0737311 0.515829
0 0.786835 0.711357 0.0207241 0.0669313 0.511696
0 0.159431 0.633831 0.0183416 0.0667078 0.435873
9 0.0349446 0.202041 0.0141494 0.0363364 0.433617
0 0.564202 0.775359 0.0209236 0.0686973 0.417044
2 0.814708 0.412072 0.0596767 0.0725823 0.416513
0 0.156675 0.635874 0.0142282 0.0659568 0.403638
0 0.159369 0.779171 0.0142962 0.0625344 0.399963
0 0.742656 0.66841 0.0111657 0.0524636 0.398942
0 0.710237 0.826784 0.0169597 0.0643661 0.398155
0 0.162747 0.490726 0.0163998 0.053517 0.39779
0 0.637062 0.655805 0.0137272 0.0603619 0.366302
5 0.766006 0.259721 0.113405 0.133301 0.364563
0 0.954469 0.511861 0.0132042 0.0490823 0.359907
0 0.194749 0.544947 0.0144166 0.0562458 0.320779
0 0.752731 0.680221 0.0124111 0.0506356 0.298429
62 0.491922 0.126215 0.11826 0.137212 0.282343
0 0.213408 0.880746 0.0175258 0.0628771 0.270403
0 0.331803 0.490812 0.0118838 0.0501536 0.260562
0 0.535655 0.822133 0.0168681 0.0731432 0.255535
