9 0.15596 0.911057 0.00900145 0.0421678 0.666396
0 0.784875 0.696334 0.0115225 0.0572903 0.512178
0 0.0761433 0.542334 0.0136187 0.0600956 0.50844
0 0.0624642 0.545282 0.0137483 0.0625991 0.494758
9 0.286994 0.797842 0.0345359 0.0561427 0.465989
9 0.733425 0.60836 0.0195138 0.057185 0.454542
5 0.0653654 0.401741 0.130731 0.182842 0.397318
0 0.118343 0.500866 0.0177824 0.0552019 0.371383
0 0.847409 0.724648 0.0147133 0.0623854 0.364825
0 0.832976 0.672637 0.0116364 0.0590776 0.358951
0 0.822372 0.678092 0.0110258 0.0645155 0.338029
9 0.571616 0.22635 0.0145409 0.0461763 0.336964
9 0.141177 0.247675 0.0176659 0.0577552 0.336141
0 0.774163 0.695094 0.0126848 0.0606809 0.326773
0 0.127025 0.481433 0.0150965 0.0691383 0.317524
9 0.625586 0.249669 0.0214794 0.0741636 0.266614
62 0.492507 0.12658 0.118021 0.137931 0.250074
