2 0.457812 0.379755 0.0684391 0.0719067 0.845037
2 0.174125 0.893097 0.0946955 0.0937392 0.779304
2 0.790436 0.830756 0.0854378 0.12951 0.649756
9 0.117519 0.266876 0.014257 0.0341129 0.516667
0 0.362961 0.935889 0.0285342 0.0777671 0.463626
9 0.735931 0.607899 0.0113232 0.0372938 0.455182
9 0.142612 0.250348 0.0130817 0.0515226 0.444969
0 0.171138 0.374359 0.0109 0.048577 0.435302
0 0.802761 0.49055 0.0104874 0.0527763 0.41773
0 0.160012 0.462466 0.0105619 0.0554474 0.378109
0 0.778278 0.5672 0.0170102 0.0679526 0.365411
0 0.731507 0.681833 0.0104826 0.0575507 0.349483
9 0.287872 0.799291 0.0344577 0.0613412 0.347896
0 0.151375 0.385202 0.0125341 0.0520696 0.271127
5 0.0654446 0.406884 0.130889 0.185834 0.267573
