0 0.0795071 0.539289 0.0149011 0.054936 0.706591
9 0.155999 0.912508 0.0106178 0.0412808 0.527872
0 0.595709 0.406807 0.0125117 0.0517322 0.523341
0 0.568444 0.398107 0.0126848 0.0544001 0.508618
0 0.671778 0.635494 0.014886 0.0615689 0.497124
9 0.288835 0.796575 0.0357174 0.0482941 0.468881
9 0.625141 0.251854 0.0229769 0.0769845 0.408801
9 0.736382 0.611245 0.0126036 0.0377029 0.387247
9 0.142614 0.251822 0.0142251 0.0514748 0.375401
3 0.0161594 0.602585 0.0319271 0.0629948 0.374128
0 0.756882 0.582801 0.0150328 0.0586066 0.366505
0 0.954637 0.753526 0.0159569 0.0805937 0.365994
9 0.583483 0.288753 0.014786 0.0380418 0.329661
9 0.117288 0.268002 0.0148316 0.0347797 0.32936
2 0.145854 0.0355425 0.0354735 0.0459741 0.310895
0 0.117725 0.445135 0.0170851 0.0652862 0.288843
0 0.114726 0.444427 0.0220705 0.0688883 0.263282
