5 0.72321 0.313266 0.160058 0.139317 0.917012
5 0.241454 0.213351 0.0799705 0.153999 0.886167
5 0.528694 0.919492 0.15684 0.158643 0.831276
5 0.157772 0.0499742 0.0802294 0.0999483 0.780978
5 0.152256 0.107255 0.0546071 0.100028 0.659094
2 0.314693 0.263425 0.0317686 0.0476134 0.635366
2 0.186647 0.167267 0.0333328 0.0589977 0.591682
62 0.49222 0.130638 0.118388 0.137249 0.53151
2 0.808841 0.383114 0.0498154 0.061142 0.398946
2 0.0633185 0.0145366 0.0300313 0.0290732 0.372449
5 0.877752 0.962636 0.116361 0.0733402 0.361927
2 0.548078 0.365625 0.0578594 0.0689248 0.262218
