2 0.807505 0.367172 0.0534252 0.0796377 0.78481
0 0.938352 0.657563 0.0152126 0.0592205 0.494161
0 0.794716 0.728214 0.0148191 0.0583476 0.494036
0 0.707908 0.829798 0.0145485 0.066075 0.491462
0 0.772401 0.650954 0.0224447 0.0718986 0.460084
0 0.757803 0.686954 0.0191848 0.0641693 0.454562
0 0.530146 0.736586 0.0118813 0.0582416 0.450831
0 0.866236 0.60639 0.0138992 0.0602356 0.428618
0 0.205555 0.542295 0.0132891 0.0552444 0.417404
0 0.555163 0.432909 0.0127024 0.0533536 0.403458
0 0.0531766 0.54583 0.0159735 0.0667915 0.389886
0 0.918269 0.615473 0.0149265 0.0619336 0.388913
0 0.616716 0.766064 0.0154759 0.0738864 0.382845
0 0.829129 0.534281 0.0119297 0.0530694 0.348333
0 0.459478 0.432661 0.0103329 0.0528663 0.329
9 0.0346374 0.200877 0.0142948 0.0375175 0.323507
0 0.556095 0.553638 0.0151642 0.058051 0.275347
62 0.492173 0.126272 0.116818 0.137434 0.26997
0 0.403648 0.345722 0.00967264 0.044958 0.265354
