2 0.307417 0.250295 0.0424537 0.06399 0.81634
0 0.732135 0.65908 0.0143422 0.0657932 0.663415
0 0.14156 0.487423 0.0105472 0.0518714 0.643587
0 0.115271 0.503618 0.0129571 0.0557406 0.609512
0 0.788157 0.737488 0.0115479 0.0724816 0.528676
0 0.896914 0.826833 0.0198374 0.0775199 0.478116
7 0.881921 0.453631 0.0928144 0.124824 0.445147
0 0.963559 0.775939 0.0172081 0.0449412 0.397202
5 0.746555 0.280535 0.152272 0.175301 0.359996
0 0.672014 0.866484 0.0135502 0.0575887 0.327388
0 0.927892 0.770546 0.0173046 0.043375 0.288013
9 0.0347981 0.202877 0.013632 0.0341993 0.278558
2 0.705434 0.339974 0.0647032 0.0598157 0.27353
0 0.845214 0.528257 0.00975418 0.0453831 0.269237
