2 0.259561 0.259605 0.0438071 0.0685064 0.783028
2 0.795897 0.376127 0.0643726 0.0717019 0.701264
0 0.138156 0.471103 0.0145633 0.0589945 0.572426
0 0.114218 0.494508 0.0137115 0.0581028 0.5635
0 0.365445 0.944328 0.0335272 0.10205 0.520276
9 0.116836 0.267679 0.0152315 0.0349202 0.437232
0 0.267015 0.93566 0.0264161 0.112885 0.419377
5 0.0659899 0.403695 0.13198 0.182017 0.388894
62 0.49214 0.12847 0.117697 0.137365 0.384383
9 0.288469 0.794399 0.0398813 0.0533518 0.372185
9 0.142017 0.250897 0.0134077 0.0521985 0.328183
9 0.734697 0.615124 0.0154354 0.0507227 0.319812
9 0.625543 0.251057 0.0231838 0.0761624 0.308631
9 0.583136 0.286376 0.0162804 0.0382259 0.304548
