2 0.114145 0.708978 0.0784138 0.0924611 0.889492
2 0.228951 0.653073 0.0881015 0.0936788 0.870292
5 0.234419 0.206266 0.0848362 0.134087 0.853491
7 0.776534 0.375892 0.0838796 0.123067 0.844318
2 0.259175 0.405315 0.0505939 0.0657871 0.80296
2 0.2097 0.276831 0.0438073 0.0590898 0.747432
2 0.18511 0.223838 0.0423216 0.050472 0.725764
5 0.112961 0.055119 0.0732924 0.107787 0.71557
5 0.0233697 0.123432 0.0458018 0.241299 0.632181
2 0.244409 0.337712 0.0337591 0.0523416 0.600297
2 0.115503 0.136092 0.035431 0.0503182 0.489183
2 0.148529 0.181748 0.0379618 0.0552597 0.461832
2 0.183631 0.332395 0.0347677 0.0519698 0.406803
5 0.748405 0.283024 0.151313 0.177787 0.319614
62 0.491892 0.131174 0.118382 0.141157 0.317816
5 0.244751 0.14219 0.0389695 0.0633158 0.310265
2 0.151964 0.294863 0.0401699 0.0623509 0.298762
3 0.319271 0.271367 0.021587 0.040581 0.272592
5 0.530979 0.285489 0.111551 0.0735403 0.267534
2 0.244855 0.142349 0.0395554 0.063114 0.250555
