2 0.155458 0.614745 0.0871028 0.0775592 0.888116
2 0.212603 0.678074 0.0760911 0.0987413 0.84964
2 0.307432 0.253741 0.0420547 0.0600535 0.835266
2 0.482496 0.591306 0.0798985 0.0832336 0.763254
2 0.212592 0.201714 0.0358164 0.0541195 0.761661
2 0.697077 0.39145 0.0662128 0.058768 0.758414
2 0.108976 0.2187 0.0396276 0.0517272 0.698102
2 0.812573 0.29334 0.0464332 0.0546381 0.66291
2 0.265778 0.600704 0.0842816 0.0815861 0.66068
2 0.174553 0.149338 0.0346362 0.0548992 0.655915
2 0.488626 0.494038 0.0687368 0.0528114 0.598057
2 0.115918 0.0734459 0.0339819 0.0452828 0.539494
2 0.456062 0.545648 0.0756016 0.0808464 0.481637
2 0.142094 0.112763 0.0349313 0.0504812 0.47849
2 0.0845028 0.0322097 0.0311789 0.0423254 0.475666
7 0.259746 0.239622 0.0650429 0.119571 0.455361
5 0.53899 0.288954 0.12967 0.0821303 0.449249
2 0.675767 0.486812 0.0835974 0.0980468 0.414511
5 0.260065 0.240084 0.0650896 0.120873 0.405493
2 0.230158 0.163437 0.0388752 0.0552916 0.404383
0 0.204597 0.458102 0.014599 0.040872 0.33019
5 0.675814 0.487614 0.0829494 0.0984338 0.275236
62 0.492545 0.131996 0.116885 0.139545 0.271708
