5 0.733763 0.903325 0.219678 0.161493 0.921582
2 0.164284 0.646453 0.0990135 0.0799225 0.874669
2 0.2098 0.486678 0.0715833 0.0754059 0.854672
2 0.0775386 0.609046 0.0860555 0.0818676 0.848111
2 0.258385 0.344644 0.0426707 0.0624646 0.810211
5 0.556851 0.476275 0.194335 0.197279 0.785607
2 0.252297 0.412607 0.0419773 0.0686372 0.785522
5 0.606492 0.533678 0.0986681 0.14581 0.7323
2 0.232156 0.29127 0.0360401 0.0629531 0.715246
2 0.698483 0.780793 0.0781822 0.104781 0.710334
2 0.232595 0.168057 0.0439908 0.0533097 0.706009
2 0.712302 0.337943 0.0762882 0.0534586 0.69845
2 0.626477 0.664881 0.0505867 0.102004 0.689797
2 0.170609 0.200265 0.0369649 0.0508837 0.65984
5 0.157662 0.0485305 0.0762025 0.0970609 0.651801
2 0.201868 0.247477 0.0417168 0.0513276 0.636168
5 0.112989 0.147805 0.050606 0.099219 0.605019
2 0.779046 0.356407 0.0535302 0.0540677 0.604081
2 0.210193 0.185393 0.0399658 0.0640343 0.552697
2 0.30417 0.23459 0.0468976 0.0605158 0.541198
2 0.813525 0.375237 0.0423405 0.0580836 0.517464
5 0.530097 0.287754 0.114455 0.0805043 0.437054
62 0.492329 0.131216 0.118422 0.136575 0.421042
2 0.179761 0.153022 0.0360278 0.0487277 0.417185
5 0.0841556 0.0825891 0.0731887 0.127703 0.362802
0 0.342065 0.495899 0.0140528 0.0454957 0.35476
