2 0.14403 0.703649 0.0999338 0.0970895 0.879007
5 0.0993151 0.0462039 0.0684726 0.0924077 0.849397
2 0.396367 0.579302 0.100492 0.118942 0.828426
2 0.7247 0.795986 0.0803597 0.121417 0.82548
2 0.0459142 0.633074 0.0893717 0.063908 0.754167
2 0.262818 0.178128 0.0452443 0.0537903 0.74334
2 0.14251 0.181108 0.0372038 0.0540953 0.737259
2 0.295631 0.239307 0.0383324 0.059768 0.726021
5 0.174329 0.0900488 0.0529849 0.107208 0.724542
2 0.186373 0.160757 0.0379219 0.0519132 0.672244
7 0.235234 0.437954 0.05804 0.102399 0.603166
2 0.813161 0.293458 0.0476168 0.0563694 0.59757
5 0.536615 0.290815 0.130243 0.0878881 0.510821
2 0.610717 0.475675 0.0596394 0.0815236 0.479
5 0.610673 0.475907 0.0597293 0.0808766 0.474067
62 0.492469 0.129015 0.11626 0.138371 0.463116
5 0.799329 0.410804 0.081036 0.0916573 0.460276
0 0.122178 0.943486 0.0176485 0.0708727 0.395309
0 0.0980986 0.795224 0.0169691 0.06177 0.38769
0 0.0164951 0.556963 0.0154355 0.0696978 0.346261
5 0.0212258 0.122579 0.041903 0.245158 0.338308
