5 0.522411 0.910268 0.193427 0.17418 0.877096
5 0.294897 0.578144 0.0635804 0.219352 0.849124
2 0.241127 0.431301 0.039291 0.0660159 0.810841
2 0.173907 0.14019 0.0390369 0.0629519 0.771212
2 0.19398 0.313844 0.0387555 0.0562364 0.746696
0 0.0805707 0.533384 0.0111908 0.0517047 0.524845
0 0.182919 0.468303 0.0141027 0.0509786 0.52368
5 0.448242 0.943949 0.12634 0.111209 0.442813
0 0.121581 0.974565 0.016157 0.0504228 0.404263
0 0.0375967 0.559324 0.0115818 0.0439744 0.377385
0 0.109928 0.507114 0.0129933 0.078507 0.359562
0 0.0647621 0.536233 0.0127797 0.0566072 0.273617
