5 0.370699 0.374966 0.109677 0.17081 0.909134
5 0.225393 0.130915 0.0734611 0.122229 0.84588
2 0.260848 0.495955 0.0339769 0.0648841 0.800292
5 0.133411 0.032358 0.0637128 0.0647161 0.683076
2 0.265453 0.709301 0.0404844 0.0925605 0.650805
2 0.746585 0.872052 0.0692686 0.124618 0.623538
2 0.691433 0.367923 0.0647038 0.0544309 0.512856
2 0.181467 0.226667 0.0330721 0.0584593 0.497219
0 0.128696 0.49278 0.0103562 0.0457728 0.389628
9 0.154923 0.914812 0.00892372 0.0404585 0.317716
62 0.491692 0.129152 0.117413 0.138238 0.31352
0 0.0180851 0.557694 0.0153537 0.0524265 0.298399
0 0.145855 0.478772 0.0125632 0.0585486 0.279495
5 0.534841 0.290808 0.128438 0.0842524 0.277282
0 0.890347 0.846104 0.0166761 0.0663184 0.266809
