2 0.12997 0.198964 0.0419952 0.0559825 0.782129
0 0.828672 0.682099 0.0146252 0.0599374 0.610881
2 0.172159 0.101007 0.0376041 0.0555824 0.602343
0 0.0675137 0.561988 0.0129552 0.0498289 0.583528
0 0.802127 0.677136 0.0135071 0.0665348 0.577217
0 0.7446 0.660324 0.0119715 0.0649248 0.504432
0 0.815163 0.691124 0.0110737 0.0583459 0.488076
0 0.733218 0.665163 0.0131517 0.0606549 0.454584
0 0.0929518 0.477674 0.0112317 0.0531628 0.415003
9 0.0349028 0.200218 0.015419 0.0343332 0.410134
0 0.104352 0.497381 0.0125999 0.058117 0.396217
0 0.796377 0.746896 0.0141914 0.0555162 0.39561
9 0.189307 0.906201 0.0184752 0.0589169 0.368421
0 0.665013 0.659175 0.0128654 0.0607318 0.34673
0 0.623034 0.33918 0.0104513 0.0476787 0.288262
0 0.691769 0.643812 0.0139477 0.0606467 0.273724
2 0.991992 0.651888 0.0153507 0.0687032 0.271287
0 0.126219 0.526783 0.0122084 0.0538816 0.257317
