2 0.248572 0.235904 0.0450699 0.0621819 0.826815
5 0.155831 0.103833 0.0767216 0.121099 0.732875
5 0.770558 0.261187 0.115757 0.129703 0.702501
2 0.213907 0.192912 0.0393394 0.0607453 0.697166
2 0.298313 0.244355 0.0422884 0.0696784 0.659917
2 0.127171 0.141945 0.0449704 0.0639966 0.582953
62 0.49195 0.132653 0.118616 0.142704 0.544216
0 0.65326 0.670172 0.015741 0.0736897 0.521698
0 0.939207 0.541968 0.0151199 0.0731738 0.309968
9 0.15535 0.914473 0.00885854 0.0406881 0.309101
0 0.113892 0.958426 0.0187805 0.0781537 0.299104
5 0.520977 0.291175 0.112775 0.0906049 0.296371
9 0.298468 0.806792 0.0137851 0.027494 0.28163
2 0.170611 0.303586 0.0419118 0.046013 0.277574
