2 0.272503 0.623712 0.0393215 0.0781033 0.7625
2 0.357397 0.361139 0.0465606 0.0792945 0.658803
2 0.534661 0.384119 0.0705345 0.0598321 0.655356
9 0.26809 0.445646 0.033904 0.0733025 0.6273
0 0.083394 0.493752 0.0117651 0.0572867 0.611617
0 0.109033 0.484196 0.01486 0.0597151 0.599671
0 0.788451 0.514588 0.00997229 0.0533413 0.584705
2 0.788097 0.378318 0.0600614 0.0688816 0.575513
9 0.156143 0.912624 0.00936072 0.0394348 0.558366
2 0.250652 0.351412 0.0297635 0.0606142 0.550191
62 0.492108 0.130612 0.118306 0.148467 0.548632
0 0.954733 0.597935 0.0130169 0.0594023 0.541344
2 0.836489 0.393258 0.0523369 0.0674162 0.521558
9 0.287675 0.796586 0.031742 0.0521008 0.40714
0 0.854023 0.625623 0.0135303 0.0686863 0.401233
0 0.789901 0.633144 0.0131708 0.0531204 0.392024
9 0.145124 0.259747 0.023659 0.066876 0.369278
0 0.768021 0.559214 0.0108037 0.053892 0.296249
0 0.128815 0.980689 0.01429 0.0386225 0.290421
2 0.272503 0.623712 0.0393215 0.0781033 0.7625
2 0.357397 0.361139 0.0465606 0.0792945 0.658803
2 0.534661 0.384119 0.0705345 0.0598321 0.655356
9 0.26809 0.445646 0.033904 0.0733025 0.6273
0 0.083394 0.493752 0.0117651 0.0572867 0.611617
0 0.109033 0.484196 0.01486 0.0597151 0.599671
0 0.788451 0.514588 0.00997229 0.0533413 0.584705
2 0.788097 0.378318 0.0600614 0.0688816 0.575513
9 0.156143 0.912624 0.00936072 0.0394348 0.558366
2 0.250652 0.351412 0.0297635 0.0606142 0.550191
62 0.492108 0.130612 0.118306 0.148467 0.548632
0 0.954733 0.597935 0.0130169 0.0594023 0.541344
2 0.836489 0.393258 0.0523369 0.0674162 0.521558
9 0.287675 0.796586 0.031742 0.0521008 0.40714
0 0.854023 0.625623 0.0135303 0.0686863 0.401233
0 0.789901 0.633144 0.0131708 0.0531204 0.392024
9 0.145124 0.259747 0.023659 0.066876 0.369278
0 0.768021 0.559214 0.0108037 0.053892 0.296249
0 0.128815 0.980689 0.01429 0.0386225 0.290421
