2 0.0820233 0.591654 0.0895092 0.078361 0.744475
62 0.492287 0.133128 0.118535 0.14303 0.668542
2 0.316377 0.251213 0.0422686 0.0683496 0.630667
0 0.159282 0.753058 0.0128199 0.0637302 0.58038
2 0.897899 0.939933 0.11378 0.119033 0.573203
2 0.271507 0.205034 0.0426214 0.0599258 0.493417
2 0.248423 0.242685 0.0430524 0.0650285 0.468846
0 0.348408 0.721345 0.0192768 0.056405 0.464005
5 0.768848 0.261628 0.113394 0.12261 0.451328
0 0.278381 0.738168 0.0187035 0.0793364 0.420082
0 0.755766 0.613659 0.0127148 0.0620048 0.335281
0 0.215773 0.577295 0.0130058 0.0576833 0.331729
2 0.525275 0.970043 0.0976134 0.0588047 0.329175
0 0.942779 0.616438 0.0189594 0.0602119 0.321791
0 0.797257 0.884549 0.0159163 0.0745695 0.318846
0 0.176643 0.448147 0.0130891 0.0467202 0.262855
