5 0.657287 0.708808 0.167981 0.250967 0.934121
2 0.511112 0.411146 0.0717653 0.0633851 0.839658
5 0.165369 0.180277 0.0800166 0.132392 0.823068
2 0.271461 0.414571 0.0392413 0.0746123 0.795162
2 0.273119 0.738334 0.0445889 0.0981003 0.766054
2 0.340693 0.365839 0.041018 0.0630799 0.764921
2 0.22371 0.313749 0.0435787 0.0540544 0.744678
2 0.386852 0.343087 0.0511238 0.0785751 0.730568
2 0.785474 0.387 0.0609879 0.0682166 0.685097
2 0.0987734 0.0541772 0.0343616 0.0450854 0.67756
2 0.833512 0.394822 0.0518013 0.0683836 0.634351
2 0.282233 0.527051 0.0358412 0.0848121 0.603119
62 0.492435 0.131094 0.116797 0.130581 0.590812
5 0.0625144 0.391492 0.125029 0.1393 0.358828
2 0.683372 0.338605 0.0270132 0.0447801 0.35212
9 0.155904 0.915044 0.00915117 0.0408217 0.336661
5 0.0553391 0.0373335 0.0474023 0.0735149 0.322685
5 0.535261 0.294356 0.130622 0.0856578 0.320055
5 0.023505 0.123294 0.0465776 0.240399 0.305487
