2 0.262053 0.260138 0.0506875 0.0623176 0.829039
2 0.467512 0.544758 0.0766891 0.0865892 0.823635
2 0.659293 0.528512 0.0680923 0.105357 0.667918
2 0.296291 0.234785 0.0392236 0.0612772 0.656721
3 0.157837 0.721754 0.0441298 0.0565993 0.573528
2 0.0819202 0.67361 0.0957486 0.0878555 0.570129
0 0.18221 0.441279 0.0137477 0.0886766 0.518382
2 0.82418 0.368271 0.0245409 0.0442554 0.496757
0 0.116991 0.476206 0.0203995 0.0534192 0.489727
0 0.916099 0.626355 0.0147087 0.0533608 0.345513
2 0.712057 0.412492 0.0552269 0.0795631 0.311009
0 0.786037 0.634562 0.0139425 0.0512917 0.305598
0 0.0660153 0.305613 0.0112596 0.052564 0.294805
0 0.877375 0.766292 0.0146259 0.0681793 0.285119
0 0.857264 0.73104 0.0125607 0.0579875 0.276837
0 0.913163 0.708073 0.0157267 0.0543959 0.276459
9 0.155067 0.912908 0.00884547 0.0407143 0.270048
0 0.847941 0.685767 0.0160416 0.0645309 0.269688
