2 0.2128 0.948617 0.0857174 0.101588 0.707701
5 0.14764 0.044892 0.0524295 0.0850574 0.645594
0 0.109398 0.534751 0.0117102 0.0510499 0.443822
0 0.792241 0.738833 0.0109009 0.0565579 0.413984
0 0.929114 0.647357 0.015168 0.0668911 0.387739
0 0.818716 0.726512 0.0131359 0.0688806 0.380845
0 0.143373 0.444601 0.0125601 0.0480677 0.369042
0 0.131474 0.967324 0.0147438 0.065352 0.359856
0 0.857581 0.677374 0.0164799 0.0835557 0.356481
0 0.15968 0.382707 0.0127099 0.0493246 0.354257
9 0.0349238 0.201259 0.0130865 0.0355042 0.340287
0 0.842347 0.661116 0.0115807 0.0602193 0.31402
0 0.871281 0.696631 0.0182999 0.0525258 0.305871
0 0.913802 0.641598 0.0146889 0.0584093 0.301225
2 0.288685 0.66386 0.0398011 0.0878869 0.299538
0 0.820357 0.620085 0.0175541 0.0485158 0.287182
0 0.694094 0.597829 0.0107534 0.0575582 0.283539
0 0.837113 0.55661 0.0121601 0.0534233 0.263374
0 0.845111 0.613503 0.0128223 0.0427439 0.259015
0 0.829568 0.701395 0.0133717 0.0699379 0.257677
9 0.5727 0.227018 0.0156039 0.0439958 0.255905
