2 0.415959 0.624817 0.0841594 0.0989998 0.857366
2 0.280258 0.644038 0.0877119 0.0910646 0.828765
2 0.102824 0.781617 0.084135 0.0999529 0.812101
2 0.813861 0.367706 0.0439989 0.0674315 0.777309
2 0.332075 0.557082 0.0770514 0.0733892 0.759447
2 0.657306 0.492378 0.0669754 0.0721015 0.722108
2 0.296401 0.23543 0.0427776 0.0676648 0.717858
2 0.258057 0.253887 0.0437766 0.0701432 0.667132
62 0.491744 0.131166 0.117907 0.142032 0.638773
0 0.769594 0.725581 0.0118139 0.066846 0.602789
2 0.725367 0.41199 0.0649551 0.0715954 0.549576
5 0.756536 0.261753 0.0943421 0.124892 0.538728
0 0.751772 0.713368 0.0125467 0.0536085 0.512779
2 0.222257 0.203943 0.039205 0.063765 0.482638
0 0.779422 0.501198 0.0130936 0.0559579 0.447987
9 0.287804 0.794999 0.0351611 0.0519836 0.40079
9 0.155328 0.915306 0.0092874 0.0392442 0.38421
2 0.142718 0.101799 0.0421158 0.0712548 0.363286
0 0.807057 0.751065 0.0135969 0.0600705 0.34511
0 0.795489 0.706897 0.0153683 0.0620154 0.313019
0 0.809649 0.570661 0.012989 0.0560033 0.27653
0 0.79329 0.562378 0.0146288 0.0566216 0.264603
5 0.0224927 0.122454 0.0445416 0.238152 0.255416
2 0.68917 0.379137 0.0611385 0.0534791 0.251521
