2 0.259764 0.258519 0.0462369 0.0634452 0.851679
2 0.227612 0.613964 0.0878828 0.079837 0.842733
2 0.57169 0.600969 0.0492114 0.0978866 0.831326
2 0.587546 0.742478 0.0892138 0.109468 0.827925
2 0.177669 0.527326 0.0656862 0.0757797 0.714525
2 0.57637 0.449564 0.0711224 0.0694755 0.690071
62 0.492406 0.128186 0.116706 0.137392 0.599561
3 0.10839 0.609299 0.0416911 0.0538089 0.574393
5 0.523102 0.289747 0.105289 0.0823831 0.571688
2 0.298548 0.233732 0.0429981 0.0692148 0.54098
0 0.668637 0.884493 0.0138297 0.0561876 0.491339
9 0.155138 0.913845 0.00900292 0.0412891 0.446393
9 0.29042 0.795021 0.0384487 0.0523539 0.391193
0 0.126518 0.971512 0.0182384 0.0563799 0.305673
2 0.787536 0.309902 0.0541401 0.0529978 0.301899
2 0.258086 0.340726 0.0335831 0.0615303 0.284313
