2 0.298519 0.248455 0.045176 0.0537932 0.850958
2 0.825308 0.412475 0.0640713 0.0684639 0.783997
2 0.169911 0.14063 0.0406746 0.0589069 0.766186
2 0.799511 0.381642 0.0685057 0.0654138 0.765917
0 0.753365 0.754929 0.0145713 0.0609604 0.554686
0 0.216168 0.62426 0.0130452 0.0547285 0.425258
0 0.353836 0.809039 0.0187844 0.0606159 0.412096
0 0.760848 0.527343 0.0108139 0.0585554 0.409445
0 0.251643 0.914023 0.0202456 0.0772057 0.395396
0 0.369684 0.5169 0.0160022 0.0517375 0.383481
0 0.885795 0.829438 0.0149422 0.0742686 0.353434
5 0.76704 0.258961 0.108657 0.131016 0.351961
0 0.660109 0.660948 0.0160004 0.0576153 0.338586
0 0.188253 0.612752 0.0131476 0.0613692 0.322575
9 0.0351975 0.200593 0.0137883 0.0349392 0.318328
0 0.616089 0.720764 0.0157574 0.0631483 0.313356
0 0.171333 0.435482 0.0117241 0.0541873 0.30872
0 0.198878 0.645424 0.0168869 0.054825 0.300084
0 0.477264 0.812721 0.0172201 0.0657435 0.284267
0 0.452252 0.84974 0.0231798 0.0673197 0.282872
9 0.571953 0.226912 0.0144636 0.0429054 0.279656
0 0.365533 0.943154 0.0347509 0.0994127 0.277033
0 0.752697 0.644783 0.0123269 0.062345 0.276856
0 0.455092 0.500384 0.0123459 0.0457358 0.267584
0 0.0579861 0.248863 0.00940325 0.0503087 0.263937
