2 0.258111 0.253192 0.0438129 0.0635578 0.807375
0 0.0468736 0.552979 0.0132562 0.0594618 0.595613
0 0.769642 0.718253 0.014639 0.0540015 0.572495
0 0.691937 0.608692 0.0154758 0.0612691 0.527309
0 0.79865 0.735063 0.0132836 0.0438132 0.49253
0 0.969633 0.495077 0.0149599 0.0545305 0.445112
0 0.0174228 0.518332 0.014604 0.0547401 0.438687
0 0.990876 0.587718 0.0154747 0.0553385 0.425302
0 0.364717 0.943606 0.0321802 0.0975881 0.416191
0 0.919072 0.613223 0.0131805 0.0481957 0.31618
0 0.940543 0.67228 0.0148922 0.0549303 0.314071
9 0.0353117 0.201905 0.0140986 0.0357569 0.305378
0 0.985852 0.487005 0.0111668 0.04488 0.30028
0 0.84929 0.552139 0.0162685 0.0518485 0.295284
0 0.747335 0.626143 0.0097496 0.0583896 0.270599
