5 0.299564 0.280444 0.094731 0.173376 0.910553
2 0.221696 0.288886 0.0426942 0.067955 0.838484
2 0.235247 0.222502 0.0405721 0.060832 0.789923
2 0.178145 0.233367 0.0377654 0.0482991 0.77327
2 0.134576 0.159233 0.0375333 0.0551119 0.755417
2 0.1597 0.124718 0.0425171 0.0657015 0.729459
2 0.102148 0.213883 0.0360241 0.0480131 0.66657
2 0.218197 0.144348 0.0361322 0.0622524 0.615721
2 0.143891 0.269968 0.0331197 0.0553094 0.552369
62 0.492184 0.128418 0.116897 0.138001 0.446374
0 0.365782 0.94534 0.0339906 0.0960541 0.430682
5 0.812369 0.282206 0.0468435 0.0749875 0.40764
9 0.155197 0.914693 0.00817428 0.0385122 0.386418
5 0.0221509 0.121158 0.043757 0.239177 0.355885
2 0.0913917 0.0956653 0.0408614 0.0569296 0.323067
0 0.063735 0.556748 0.0127709 0.0597293 0.271466
