2 0.279118 0.26941 0.0454741 0.0699924 0.709117
0 0.0696967 0.511003 0.0143596 0.0552665 0.699631
2 0.0220265 0.599595 0.0439004 0.0625566 0.696014
9 0.15601 0.91133 0.0101528 0.0407335 0.630319
2 0.295952 0.229214 0.0434128 0.0637158 0.612713
2 0.176609 0.30112 0.0371925 0.0613889 0.599002
9 0.289584 0.798498 0.0365132 0.0449219 0.513255
9 0.735713 0.610317 0.0138269 0.0417686 0.397373
62 0.492321 0.127235 0.118352 0.13548 0.375718
9 0.117735 0.267282 0.0141082 0.0342081 0.31711
9 0.624525 0.247094 0.0192515 0.0814621 0.286901
9 0.379204 0.13952 0.0180701 0.0705356 0.284763
0 0.186037 0.382779 0.0164034 0.0468252 0.274028
