2 0.815002 0.943152 0.0929047 0.111295 0.872456
5 0.120504 0.116652 0.0763522 0.119008 0.853306
2 0.188705 0.23823 0.0415826 0.0582873 0.779794
2 0.246938 0.420973 0.0480568 0.0607212 0.734208
2 0.806594 0.376997 0.0546787 0.0647464 0.728349
62 0.492661 0.1357 0.117942 0.142614 0.657144
2 0.81066 0.294176 0.0533203 0.0512445 0.646127
5 0.766772 0.263307 0.108422 0.129665 0.626124
2 0.303378 0.573531 0.0424305 0.0808063 0.540733
2 0.169207 0.313824 0.046288 0.0532062 0.479402
2 0.2735 0.765268 0.0595167 0.119856 0.471961
2 0.843404 0.401862 0.0345028 0.0501336 0.465634
3 0.273411 0.765524 0.0598741 0.119265 0.287775
0 0.730693 0.699218 0.0153633 0.080896 0.279858
9 0.142784 0.264915 0.01247 0.0282917 0.263123
