2 0.293337 0.240317 0.0416398 0.0629072 0.805687
2 0.247049 0.241613 0.0434975 0.0677347 0.796525
5 0.75274 0.329627 0.160776 0.131933 0.720795
2 0.808064 0.381572 0.0548304 0.0609532 0.709467
2 0.784303 0.896837 0.0950967 0.155754 0.709247
2 0.246755 0.189966 0.0473092 0.0482733 0.468158
2 0.234438 0.140676 0.0368249 0.0568226 0.465393
0 0.36507 0.941942 0.0328379 0.0883714 0.343414
0 0.684547 0.75937 0.0189716 0.0742031 0.274946
0 0.702413 0.777023 0.015281 0.0767197 0.271202
5 0.766629 0.296174 0.189576 0.200785 0.251908
