5 0.847846 0.928274 0.143236 0.138945 0.843459
2 0.585039 0.670064 0.061994 0.0916851 0.832407
2 0.252259 0.244294 0.0423073 0.0661883 0.806316
2 0.812365 0.37447 0.0506329 0.0630179 0.763862
2 0.677318 0.775999 0.0804525 0.117658 0.749793
2 0.177667 0.155857 0.0377478 0.0535097 0.725997
5 0.514975 0.915268 0.180678 0.165505 0.695883
7 0.245148 0.143577 0.038046 0.0642204 0.569254
0 0.109427 0.684124 0.016467 0.0599503 0.314842
9 0.133314 0.0861959 0.0102627 0.0370499 0.289293
5 0.021277 0.123579 0.0421269 0.246438 0.280729
62 0.491438 0.131441 0.11947 0.143955 0.259793
2 0.642162 0.86613 0.0891396 0.0609684 0.255053
