2 0.783932 0.386871 0.0635292 0.0679121 0.722961
0 0.443332 0.734205 0.0154964 0.0578464 0.520445
0 0.595813 0.799849 0.0133698 0.0592065 0.502622
0 0.31831 0.888392 0.0183653 0.0739356 0.43774
0 0.382552 0.872226 0.0153087 0.0793901 0.428936
0 0.522048 0.817892 0.0157312 0.0612227 0.413792
0 0.711363 0.827501 0.0160119 0.0665229 0.407704
0 0.364922 0.942848 0.0348615 0.0969028 0.401498
0 0.303632 0.861592 0.0191751 0.0663327 0.390148
0 0.332385 0.879538 0.0161447 0.0683382 0.366631
9 0.0350537 0.201413 0.0140962 0.0321632 0.365301
2 0.819925 0.401383 0.0373001 0.065371 0.355635
0 0.646232 0.545639 0.0153107 0.0487773 0.351648
0 0.559721 0.839327 0.0158695 0.0654053 0.349216
0 0.260343 0.524305 0.0150274 0.0575046 0.290698
0 0.576522 0.72103 0.0154023 0.0586677 0.270426
