0 0.157381 0.47492 0.01202 0.0491647 0.54886
0 0.76928 0.710267 0.0155575 0.0663836 0.521762
9 0.735254 0.610099 0.0131529 0.0432229 0.508743
0 0.780686 0.74148 0.01494 0.0734663 0.497348
0 0.841981 0.635899 0.011129 0.0527022 0.492863
2 0.172962 0.211638 0.033908 0.0561978 0.492015
0 0.365125 0.944465 0.0321351 0.0953495 0.491209
62 0.492015 0.12866 0.11732 0.131716 0.480582
0 0.40282 0.288715 0.0129871 0.0538749 0.465318
0 0.868475 0.656533 0.0134386 0.0572188 0.436902
9 0.288274 0.797339 0.0323842 0.0524787 0.434717
9 0.993495 0.351206 0.0121574 0.0486933 0.382638
0 0.879348 0.746176 0.0164145 0.0742201 0.379701
0 0.856149 0.665298 0.0117123 0.0606873 0.37827
0 0.16733 0.463269 0.0112855 0.0578036 0.376949
9 0.968513 0.635388 0.0112274 0.0551215 0.371217
9 0.147661 0.916905 0.0394724 0.082607 0.370808
0 0.779884 0.628304 0.0117756 0.061507 0.353904
0 0.903032 0.748175 0.0170864 0.0762512 0.297937
0 0.157381 0.47492 0.01202 0.0491647 0.54886
0 0.76928 0.710267 0.0155575 0.0663836 0.521762
9 0.735254 0.610099 0.0131529 0.0432229 0.508743
0 0.780686 0.74148 0.01494 0.0734663 0.497348
0 0.841981 0.635899 0.011129 0.0527022 0.492863
2 0.172962 0.211638 0.033908 0.0561978 0.492015
0 0.365125 0.944465 0.0321351 0.0953495 0.491209
62 0.492015 0.12866 0.11732 0.131716 0.480582
0 0.40282 0.288715 0.0129871 0.0538749 0.465318
0 0.868475 0.656533 0.0134386 0.0572188 0.436902
9 0.288274 0.797339 0.0323842 0.0524787 0.434717
9 0.993495 0.351206 0.0121574 0.0486933 0.382638
0 0.879348 0.746176 0.0164145 0.0742201 0.379701
0 0.856149 0.665298 0.0117123 0.0606873 0.37827
0 0.16733 0.463269 0.0112855 0.0578036 0.376949
9 0.968513 0.635388 0.0112274 0.0551215 0.371217
9 0.147661 0.916905 0.0394724 0.082607 0.370808
0 0.779884 0.628304 0.0117756 0.061507 0.353904
0 0.903032 0.748175 0.0170864 0.0762512 0.297937
