2 0.284822 0.57843 0.0804803 0.086281 0.829961
2 0.304131 0.243076 0.0445471 0.0608681 0.791983
0 0.86852 0.659363 0.0149845 0.0569994 0.474761
0 0.851789 0.605409 0.0145805 0.0536193 0.474166
0 0.828697 0.729722 0.0138702 0.0596917 0.450351
0 0.793728 0.732478 0.0169351 0.0784037 0.412175
9 0.0344252 0.200836 0.015032 0.0354271 0.381772
0 0.363465 0.940909 0.0308849 0.0936503 0.318222
1 0.121975 0.562338 0.0621161 0.0569914 0.310547
0 0.842278 0.758313 0.0179264 0.0694756 0.304104
0 0.146019 0.348998 0.0110064 0.0528904 0.29779
0 0.0686778 0.521995 0.0147484 0.0673098 0.280553
0 0.127118 0.536537 0.0172877 0.0673681 0.27602
0 0.8174 0.541798 0.01222 0.0592259 0.256216
0 0.70932 0.665482 0.0139917 0.0594056 0.252788
