5 0.190079 0.203484 0.0803766 0.135762 0.875527
2 0.810108 0.38119 0.0559636 0.0615698 0.821568
2 0.166136 0.0573596 0.0343571 0.0533242 0.692575
62 0.492193 0.13817 0.117597 0.136275 0.581813
2 0.275747 0.897934 0.0490343 0.0961422 0.478907
2 0.684681 0.36809 0.0650848 0.0659821 0.390917
9 0.121149 0.381475 0.0129205 0.0473314 0.366743
9 0.286843 0.796341 0.0324732 0.054366 0.316796
2 0.702946 0.341884 0.0537148 0.0457183 0.310385
9 0.155511 0.913826 0.00887399 0.0401533 0.308437
9 0.142951 0.269701 0.013685 0.0379236 0.276595
2 0.8454 0.410066 0.03134 0.0358139 0.274445
0 0.968558 0.537215 0.0149586 0.0556054 0.266366
0 0.79611 0.625005 0.0127943 0.0458986 0.253521
