5 0.356073 0.357124 0.0781441 0.136252 0.855399
2 0.248017 0.240257 0.042957 0.0638771 0.848132
5 0.290802 0.694531 0.0576862 0.251865 0.715247
5 0.154117 0.102964 0.073031 0.115987 0.696585
2 0.104772 0.0483774 0.0295103 0.0518048 0.638271
62 0.491315 0.128653 0.11882 0.136889 0.531838
5 0.53699 0.304055 0.127843 0.109496 0.529314
0 0.391344 0.272337 0.00857058 0.0435891 0.443417
0 0.113143 0.482262 0.0105052 0.0447608 0.403346
0 0.127784 0.495044 0.0118849 0.0523152 0.389035
0 0.897332 0.839903 0.0196718 0.0896554 0.327663
0 0.145622 0.979813 0.0191493 0.0400964 0.293861
0 0.364915 0.94504 0.0322064 0.0946699 0.268934
0 0.0451183 0.564288 0.0140405 0.0517568 0.255464
