5 0.865791 0.907026 0.176433 0.180459 0.901049
5 0.1238 0.7978 0.12851 0.15344 0.882867
0 0.0716018 0.494383 0.0109249 0.05424 0.46197
0 0.955403 0.710465 0.0153717 0.0582091 0.424439
0 0.854822 0.770145 0.0145367 0.0656082 0.390484
0 0.891063 0.745216 0.0123941 0.0617421 0.369988
0 0.0543413 0.522848 0.0148571 0.0471685 0.346694
2 0.493261 0.938885 0.0929092 0.118252 0.330495
7 0.282758 0.846301 0.0433661 0.142573 0.329754
0 0.979277 0.644608 0.016 0.0596246 0.317483
0 0.872977 0.615958 0.0116123 0.0529474 0.302568
0 0.758557 0.50732 0.0105927 0.0502272 0.293778
0 0.732362 0.674852 0.0109745 0.0548553 0.27573
0 0.829726 0.539871 0.0115135 0.0546356 0.263481
