2 0.757847 0.779896 0.0857522 0.119357 0.786827
0 0.541976 0.718826 0.0199193 0.0629432 0.748542
2 0.805963 0.444219 0.0633385 0.0769192 0.71773
0 0.437898 0.715388 0.0188601 0.059436 0.648869
0 0.487784 0.724866 0.0182467 0.0668857 0.569416
0 0.754053 0.633719 0.0142153 0.0606515 0.513798
0 0.469607 0.724718 0.0120101 0.0631034 0.49225
0 0.796929 0.666531 0.012851 0.0553323 0.488142
9 0.288542 0.795423 0.0362926 0.0504171 0.480839
0 0.82114 0.672637 0.0142399 0.0585932 0.471166
0 0.569009 0.787203 0.0190893 0.0705812 0.450488
9 0.735468 0.610947 0.0162273 0.0431188 0.413325
9 0.155887 0.913494 0.00894732 0.0399278 0.41069
0 0.140123 0.415824 0.0130145 0.0552136 0.410643
9 0.622676 0.252119 0.0180473 0.0758068 0.385327
9 0.583182 0.284471 0.0162805 0.0421189 0.385168
9 0.14228 0.250548 0.0135668 0.0521258 0.384985
5 0.0647465 0.40426 0.129493 0.181053 0.358833
0 0.843873 0.662079 0.0140537 0.051661 0.354779
9 0.992881 0.379889 0.0134716 0.111526 0.350548
9 0.572207 0.22647 0.0166651 0.0474077 0.333765
0 0.364034 0.941372 0.0315019 0.0881516 0.318014
9 0.117074 0.268049 0.0154978 0.0346194 0.313568
9 0.386102 0.222513 0.0131071 0.0391715 0.309581
2 0.80322 0.369087 0.0555351 0.0786972 0.308909
62 0.491947 0.129217 0.117429 0.136813 0.275197
0 0.425119 0.573256 0.0189074 0.0503101 0.255997
