2 0.406215 0.367852 0.066461 0.0686506 0.813244
2 0.184045 0.277649 0.0349677 0.0614746 0.656439
9 0.137422 0.164142 0.0373881 0.0505475 0.555451
9 0.287217 0.798713 0.0335076 0.0550479 0.528999
0 0.0820684 0.531492 0.0113006 0.0559589 0.526116
9 0.155741 0.911057 0.00834966 0.0413286 0.52105
9 0.142266 0.250662 0.0124335 0.051091 0.469936
62 0.492678 0.125021 0.118272 0.137366 0.414338
9 0.572075 0.226571 0.015328 0.0444349 0.412937
0 0.807318 0.536572 0.0125471 0.0601361 0.394139
9 0.734708 0.61325 0.0143875 0.0536501 0.380808
5 0.0976862 0.0272962 0.0583626 0.0545924 0.373182
9 0.624472 0.250756 0.0225653 0.0771702 0.36037
2 0.325733 0.27285 0.0466917 0.0732784 0.33417
0 0.819917 0.536439 0.0168512 0.066291 0.330081
9 0.58379 0.286325 0.0142477 0.0372741 0.31094
0 0.0731522 0.535459 0.0105382 0.0483371 0.290385
0 0.438209 0.32523 0.00967331 0.0525486 0.283344
2 0.332766 0.28525 0.0327134 0.0503318 0.27458
