2 0.313762 0.255226 0.045945 0.0656311 0.833411
2 0.789435 0.377669 0.0591716 0.0639676 0.814445
0 0.315331 0.795065 0.0116915 0.0586731 0.56532
0 0.285704 0.539903 0.0186418 0.0462145 0.501214
0 0.732067 0.750395 0.0181623 0.0635169 0.5002
0 0.302703 0.89937 0.0258373 0.0818934 0.492051
0 0.757367 0.753575 0.0195914 0.0754005 0.437402
0 0.419401 0.627773 0.0168867 0.073326 0.419555
0 0.493312 0.799193 0.0121599 0.0634745 0.413375
0 0.433281 0.815744 0.0125908 0.0654304 0.398251
9 0.0349727 0.199406 0.0152243 0.0370799 0.389827
0 0.204353 0.81334 0.0215271 0.066196 0.359957
0 0.269911 0.351619 0.0121908 0.0450253 0.329798
0 0.443048 0.830815 0.0195469 0.064094 0.329184
0 0.898886 0.62428 0.0178684 0.0587154 0.325343
9 0.572148 0.226422 0.0142826 0.0444998 0.315633
0 0.724486 0.670029 0.015173 0.0643341 0.298515
0 0.846695 0.662739 0.014535 0.05973 0.297009
0 0.365367 0.941261 0.0332223 0.0940653 0.294354
0 0.510374 0.346591 0.00945396 0.0490626 0.292368
5 0.837092 0.391074 0.0447105 0.0782032 0.29195
0 0.757338 0.694725 0.0133146 0.0411424 0.278083
0 0.901797 0.729209 0.015111 0.0562215 0.274841
0 0.790263 0.543449 0.0130768 0.0576832 0.274485
0 0.124474 0.493585 0.0133306 0.0551068 0.25933
9 0.995128 0.335922 0.00903149 0.0250994 0.257175
0 0.557869 0.812724 0.017416 0.0631795 0.254526
