2 0.268451 0.196363 0.0373306 0.0623309 0.768996
2 0.189535 0.0886592 0.0383452 0.04606 0.739824
2 0.307217 0.247634 0.0435866 0.0680461 0.704255
5 0.065979 0.404211 0.131958 0.179024 0.624404
2 0.176574 0.304435 0.033537 0.0650858 0.586188
0 0.138484 0.519986 0.0184976 0.0592266 0.578347
9 0.155858 0.912677 0.0080152 0.0404744 0.568497
0 0.337232 0.399854 0.0115583 0.0512758 0.54396
0 0.756343 0.508364 0.0111913 0.0515807 0.517171
9 0.28989 0.794376 0.0382321 0.054501 0.459742
0 0.744707 0.505736 0.010622 0.0497042 0.438679
0 0.365516 0.942476 0.0342292 0.0938951 0.373391
62 0.492378 0.126405 0.117815 0.138494 0.368116
0 0.444548 0.572957 0.0124017 0.0669679 0.362957
0 0.333214 0.316882 0.0133037 0.0458982 0.350465
0 0.0956829 0.448355 0.0147174 0.0596074 0.336214
9 0.14323 0.250511 0.0155204 0.0491798 0.31763
9 0.624553 0.249059 0.0207891 0.0794472 0.307496
9 0.117607 0.267154 0.0128653 0.0338795 0.302969
9 0.736975 0.612422 0.0144629 0.0420731 0.288098
9 0.83404 0.376958 0.0119766 0.0283236 0.261936
