5 0.327611 0.256967 0.103012 0.163646 0.904175
5 0.0972203 0.0389067 0.0678266 0.0778135 0.856675
2 0.47619 0.392026 0.0661475 0.0729384 0.853339
2 0.177764 0.146164 0.04226 0.0712631 0.807664
2 0.220564 0.210854 0.0406075 0.0617002 0.788526
2 0.428808 0.465723 0.0584084 0.103985 0.782865
2 0.331754 0.353625 0.0515299 0.0632567 0.737324
2 0.206131 0.127905 0.0356465 0.0571587 0.678853
2 0.260213 0.54977 0.0328289 0.0718199 0.67504
2 0.812791 0.403967 0.0558243 0.072049 0.64026
2 0.138603 0.103908 0.0367472 0.0500827 0.635273
2 0.27082 0.726261 0.039217 0.10082 0.557062
5 0.0862853 0.175211 0.0608468 0.0971681 0.445142
5 0.0240447 0.120491 0.0475553 0.237867 0.38494
2 0.854572 0.429289 0.0393814 0.0408513 0.348302
0 0.0193305 0.555674 0.0162315 0.0603833 0.334428
9 0.155435 0.915814 0.00821753 0.039384 0.294125
5 0.767294 0.261428 0.121059 0.132318 0.292157
0 0.607264 0.566441 0.0167354 0.0566305 0.256736
