5 0.157427 0.619539 0.212886 0.18637 0.932277
2 0.461625 0.546097 0.0762789 0.0820825 0.867887
2 0.0965101 0.743369 0.0818078 0.0941338 0.860651
2 0.687917 0.435305 0.0663969 0.0753606 0.815823
2 0.794341 0.450288 0.0588055 0.073131 0.801236
2 0.270119 0.2059 0.0418463 0.0556788 0.749453
2 0.320688 0.267615 0.0523063 0.0570845 0.725742
5 0.594284 0.601641 0.0751425 0.251358 0.700397
2 0.226258 0.207806 0.0415322 0.0607641 0.694682
5 0.0220491 0.124211 0.0436016 0.243293 0.652985
2 0.109181 0.216483 0.0388505 0.0559766 0.647929
5 0.5366 0.296581 0.124142 0.0954583 0.587313
2 0.194549 0.170721 0.0361152 0.0605746 0.585692
2 0.170253 0.238469 0.0339006 0.0599475 0.529301
2 0.22638 0.159927 0.0442545 0.0495333 0.463936
2 0.804183 0.376237 0.0546167 0.0572466 0.39469
2 0.813486 0.292233 0.0462963 0.0567919 0.308676
2 0.161342 0.190592 0.0364516 0.0536208 0.288594
2 0.156666 0.973134 0.0532886 0.0537325 0.28772
0 0.87554 0.86745 0.0190802 0.08361 0.274907
0 0.144485 0.51681 0.0172647 0.0484249 0.263596
2 0.681796 0.342378 0.0261105 0.0398802 0.257325
5 0.101646 0.0750407 0.0722488 0.132664 0.253989
