2 0.209805 0.63611 0.0925477 0.0807434 0.892361
2 0.160774 0.558145 0.0743696 0.0797385 0.813371
2 0.0332704 0.601694 0.0665409 0.076231 0.803182
2 0.289254 0.232345 0.043388 0.0676407 0.768823
2 0.568765 0.41948 0.0677402 0.0614817 0.685092
2 0.172604 0.202956 0.0332106 0.0594947 0.603813
0 0.772464 0.658189 0.0154222 0.0551916 0.60354
2 0.600743 0.484924 0.0726288 0.0789419 0.596541
0 0.856457 0.715684 0.0142361 0.0571869 0.595901
0 0.178801 0.446769 0.0108155 0.0516889 0.561842
9 0.734742 0.615626 0.0156128 0.0505501 0.561058
5 0.757821 0.260297 0.089898 0.130302 0.511157
62 0.493147 0.135478 0.114839 0.119836 0.488354
9 0.155379 0.913252 0.00912118 0.0409117 0.384355
9 0.28854 0.795215 0.0358955 0.0520555 0.378493
0 0.0973241 0.52101 0.0109629 0.0468875 0.346191
0 0.848667 0.614183 0.0119705 0.0629208 0.343193
0 0.721505 0.678218 0.0135178 0.0646122 0.314052
0 0.0798851 0.507823 0.00940727 0.0520266 0.31211
0 0.740824 0.532063 0.0115246 0.0528637 0.286463
2 0.877234 0.454684 0.0498049 0.0951907 0.278191
0 0.886105 0.617215 0.0179527 0.0693412 0.272977
5 0.0236153 0.121805 0.0462803 0.238492 0.25892
9 0.584568 0.287071 0.0124523 0.0294157 0.258024
0 0.887127 0.683736 0.010437 0.0501161 0.250312
