2 0.109413 0.740398 0.0951229 0.105212 0.869124
2 0.3052 0.587219 0.0849359 0.0797152 0.808243
7 0.248332 0.222544 0.0616272 0.112263 0.764789
2 0.607341 0.549231 0.0542383 0.084861 0.706414
2 0.308757 0.247122 0.0420252 0.0618713 0.687741
2 0.13565 0.0966836 0.0326373 0.0612293 0.620381
2 0.648632 0.457992 0.0588146 0.0579403 0.587042
2 0.78988 0.380024 0.0674839 0.0693665 0.559742
2 0.032706 0.602224 0.065412 0.0738844 0.540014
62 0.491942 0.131577 0.118403 0.140873 0.497495
0 0.73673 0.632758 0.014764 0.0827749 0.481776
2 0.197831 0.179762 0.038256 0.0515783 0.476215
0 0.758462 0.714203 0.0127877 0.058728 0.404822
0 0.963336 0.564256 0.0126245 0.0535027 0.383754
0 0.778246 0.654024 0.0125016 0.0496353 0.378243
62 0.0221876 0.152289 0.0441812 0.160468 0.340002
0 0.792338 0.568573 0.0134222 0.056144 0.30336
0 0.708804 0.663695 0.012458 0.0558611 0.286888
9 0.142688 0.251227 0.0140706 0.0516346 0.2846
0 0.807938 0.496392 0.0157707 0.0622484 0.259528
0 0.0934899 0.507956 0.0115305 0.0542262 0.25823
