2 0.423214 0.371768 0.0597523 0.0716777 0.87036
2 0.1884 0.22449 0.038877 0.0587774 0.845125
2 0.189682 0.895187 0.0888349 0.103267 0.844265
2 0.119671 0.148635 0.0387629 0.0459992 0.74385
2 0.712052 0.335898 0.0784423 0.0553554 0.720203
5 0.242959 0.334831 0.0497969 0.12429 0.620779
2 0.27422 0.468418 0.0363073 0.0700199 0.54387
62 0.493523 0.129047 0.115603 0.141907 0.463794
0 0.769856 0.772835 0.0132574 0.0552009 0.393292
0 0.365198 0.945643 0.0329834 0.0950065 0.315078
9 0.043668 0.0872081 0.0130794 0.0350613 0.263865
