2 0.0274031 0.601273 0.0544341 0.0747703 0.70513
2 0.703321 0.413209 0.0561521 0.0633638 0.684503
2 0.132569 0.0856203 0.0317137 0.0560029 0.607648
9 0.290922 0.796734 0.0395449 0.0480847 0.562976
2 0.688772 0.468429 0.071595 0.0727271 0.551426
0 0.459676 0.549717 0.0158443 0.0597651 0.472067
2 0.303729 0.246832 0.0417064 0.0658561 0.469361
0 0.08648 0.535362 0.0132937 0.0554057 0.448233
2 0.198821 0.102602 0.038013 0.0604272 0.42818
0 0.822325 0.731532 0.0149338 0.0585792 0.414231
0 0.134232 0.655877 0.0139544 0.0623929 0.397307
2 0.274263 0.272468 0.0448037 0.0676185 0.370218
0 0.166343 0.711987 0.0151312 0.0632433 0.346261
9 0.735262 0.610915 0.0116796 0.0381063 0.338958
2 0.220854 0.160006 0.0375275 0.0503916 0.330325
2 0.226125 0.212002 0.0446854 0.0733069 0.320454
62 0.492226 0.125992 0.117808 0.137961 0.31851
2 0.281981 0.28972 0.0281805 0.0361685 0.302316
2 0.79654 0.420071 0.0340406 0.0557588 0.258654
