2 0.305773 0.250503 0.0486706 0.0567452 0.821849
2 0.258649 0.252629 0.0428516 0.0687582 0.691714
62 0.492298 0.128813 0.117179 0.14619 0.584941
0 0.322818 0.719042 0.0165089 0.0601335 0.545825
9 0.290134 0.80295 0.0335479 0.0308251 0.479871
2 0.113711 0.230114 0.0369996 0.0573954 0.469102
2 0.807863 0.394718 0.0621378 0.102925 0.463819
2 0.0211216 0.454311 0.0419613 0.0779455 0.452621
0 0.0640054 0.548031 0.0103758 0.0607169 0.398754
2 0.254324 0.185352 0.0477135 0.0698418 0.376137
2 0.080418 0.43062 0.0876008 0.0889052 0.342758
2 0.259865 0.189921 0.0379186 0.0620995 0.317147
0 0.743219 0.717594 0.0159983 0.0706214 0.310116
5 0.808386 0.394518 0.0628759 0.103755 0.304285
0 0.780067 0.547109 0.00902472 0.0452839 0.299589
2 0.212159 0.146337 0.0402979 0.0522302 0.297858
0 0.442489 0.785146 0.0250484 0.0725191 0.294845
2 0.871802 0.430883 0.0291477 0.0361033 0.289196
0 0.57767 0.663782 0.0186067 0.0596118 0.281004
0 0.643312 0.558532 0.0118301 0.053914 0.273722
0 0.251016 0.347447 0.0147748 0.0553496 0.269335
2 0.305773 0.250503 0.0486706 0.0567452 0.821849
2 0.258649 0.252629 0.0428516 0.0687582 0.691714
62 0.492298 0.128813 0.117179 0.14619 0.584941
0 0.322818 0.719042 0.0165089 0.0601335 0.545825
9 0.290134 0.80295 0.0335479 0.0308251 0.479871
2 0.113711 0.230114 0.0369996 0.0573954 0.469102
2 0.807863 0.394718 0.0621378 0.102925 0.463819
2 0.0211216 0.454311 0.0419613 0.0779455 0.452621
0 0.0640054 0.548031 0.0103758 0.0607169 0.398754
2 0.254324 0.185352 0.0477135 0.0698418 0.376137
2 0.080418 0.43062 0.0876008 0.0889052 0.342758
2 0.259865 0.189921 0.0379186 0.0620995 0.317147
0 0.743219 0.717594 0.0159983 0.0706214 0.310116
5 0.808386 0.394518 0.0628759 0.103755 0.304285
0 0.780067 0.547109 0.00902472 0.0452839 0.299589
2 0.212159 0.146337 0.0402979 0.0522302 0.297858
0 0.442489 0.785146 0.0250484 0.0725191 0.294845
2 0.871802 0.430883 0.0291477 0.0361033 0.289196
0 0.57767 0.663782 0.0186067 0.0596118 0.281004
0 0.643312 0.558532 0.0118301 0.053914 0.273722
0 0.251016 0.347447 0.0147748 0.0553496 0.269335
