2 0.213392 0.277544 0.0403653 0.0603007 0.817258
2 0.257236 0.614469 0.0381374 0.0797869 0.717581
2 0.0224058 0.599665 0.0445325 0.0627787 0.692291
0 0.785072 0.669435 0.0209538 0.0694915 0.670628
2 0.109716 0.141208 0.0320296 0.0513552 0.657884
0 0.801961 0.603633 0.0130674 0.0635573 0.613845
0 0.0700541 0.514964 0.0139244 0.0690292 0.597405
0 0.0870143 0.505984 0.0144116 0.0541629 0.52293
2 0.285964 0.877729 0.0490988 0.106665 0.481753
9 0.142165 0.248356 0.012098 0.0494622 0.433889
0 0.427756 0.315229 0.0106579 0.0501372 0.395118
9 0.73576 0.609719 0.0120069 0.0380061 0.381397
9 0.572017 0.226278 0.0159222 0.0466153 0.330909
9 0.283747 0.806172 0.0250412 0.0362613 0.321878
0 0.149254 0.351358 0.019525 0.0879232 0.294192
0 0.856351 0.607276 0.0130653 0.0594607 0.291981
62 0.492242 0.12579 0.118201 0.137977 0.280744
9 0.58336 0.285873 0.0142941 0.0332415 0.279639
0 0.057214 0.516788 0.0110167 0.0593806 0.264565
7 0.285902 0.877625 0.0492977 0.106994 0.264512
0 0.455726 0.328132 0.0110439 0.03923 0.253247
