2 0.225941 0.7209 0.104318 0.100857 0.90281
2 0.300265 0.566285 0.0935267 0.072384 0.869689
2 0.121909 0.579003 0.0874578 0.0886492 0.84053
2 0.614561 0.484515 0.0711493 0.0699955 0.821374
2 0.554959 0.461435 0.0694181 0.0562905 0.815688
5 0.830219 0.947781 0.154253 0.10201 0.779627
2 0.265758 0.257156 0.0435108 0.0624317 0.670664
2 0.516245 0.522528 0.0664756 0.0695028 0.649135
2 0.64491 0.394447 0.0696907 0.0530416 0.643828
2 0.0930848 0.678852 0.0705015 0.0764011 0.641972
2 0.178532 0.216406 0.0391009 0.0592509 0.616979
7 0.245225 0.343818 0.0389587 0.121509 0.472463
2 0.289961 0.227152 0.0413906 0.0664162 0.43589
2 0.822552 0.384529 0.0368732 0.0435652 0.43109
2 0.221099 0.210452 0.036445 0.0547776 0.39416
2 0.166453 0.312107 0.0401509 0.0559167 0.378812
2 0.153482 0.123084 0.0382714 0.0528472 0.36809
0 0.693199 0.884355 0.0163664 0.0646318 0.361336
2 0.701057 0.425082 0.0508289 0.0684923 0.358824
7 0.254414 0.185368 0.0423208 0.0770418 0.344229
2 0.186155 0.156993 0.0418065 0.0674669 0.336818
62 0.492082 0.130737 0.117554 0.139711 0.316756
7 0.186078 0.156715 0.0426682 0.0672625 0.295195
0 0.153546 0.452338 0.013427 0.0477014 0.292007
2 0.245264 0.34334 0.0384308 0.12269 0.268038
