2 0.757037 0.894781 0.0930012 0.121892 0.880149
2 0.169417 0.546475 0.0701983 0.0732586 0.8769
2 0.260483 0.25832 0.0483457 0.0594067 0.81591
2 0.861653 0.96736 0.0852798 0.0622621 0.712133
2 0.178434 0.284524 0.0380373 0.0597808 0.69677
2 0.238293 0.394294 0.0351774 0.0711344 0.684541
62 0.492443 0.130311 0.117129 0.137567 0.515257
3 0.332614 0.604673 0.0373719 0.0586365 0.514913
2 0.0429752 0.0249325 0.0233662 0.0390145 0.477766
2 0.808751 0.295447 0.0487341 0.0768259 0.466587
5 0.532837 0.290634 0.117834 0.0827402 0.391446
2 0.10298 0.101512 0.0263068 0.0461562 0.370538
2 0.0948867 0.098595 0.0422507 0.0535041 0.361064
0 0.0203886 0.54855 0.0131395 0.0330404 0.347075
0 0.119094 0.487479 0.0130319 0.0764097 0.319533
9 0.0343981 0.20488 0.0126611 0.0315411 0.295304
0 0.364396 0.944962 0.0323799 0.0953952 0.271272
9 0.155419 0.91417 0.00858347 0.0398763 0.265979
9 0.572748 0.229038 0.0150984 0.042061 0.25952
0 0.119759 0.973422 0.0135266 0.0528236 0.250669
