5 0.39262 0.503817 0.20448 0.182902 0.950618
5 0.195904 0.160192 0.0803204 0.123471 0.84097
2 0.267899 0.412037 0.0361735 0.0682497 0.801666
2 0.185818 0.504578 0.0593968 0.0784051 0.798187
2 0.25918 0.255897 0.0420164 0.0640852 0.792026
2 0.185555 0.231864 0.0396433 0.0502639 0.786394
2 0.241803 0.329835 0.0406347 0.0717044 0.749478
0 0.132818 0.967794 0.0149568 0.0620324 0.429351
5 0.127836 0.0649232 0.0719371 0.100672 0.390805
0 0.0961343 0.520238 0.0110533 0.0536848 0.321315
5 0.0231292 0.123838 0.0457544 0.242486 0.312404
5 0.118057 0.119737 0.0595476 0.0948903 0.307843
