2 0.262447 0.253764 0.0428403 0.0663498 0.817763
2 0.765013 0.396639 0.0644337 0.0695491 0.771881
2 0.208607 0.142 0.0417165 0.0566055 0.76256
2 0.309711 0.245962 0.0430386 0.0607365 0.759411
2 0.114507 0.229224 0.0414286 0.0599608 0.50677
0 0.720669 0.836943 0.0132057 0.0674333 0.457673
0 0.510458 0.413545 0.0121694 0.0582759 0.357978
5 0.533035 0.295586 0.122547 0.0960494 0.320055
0 0.848107 0.643002 0.0148422 0.0591933 0.311987
0 0.805138 0.600042 0.0107126 0.055248 0.306629
6 0.898104 0.0457711 0.202604 0.0906013 0.295011
0 0.886781 0.650654 0.0162022 0.0514971 0.294797
2 0.821858 0.368647 0.0262161 0.0444871 0.287452
0 0.935603 0.599385 0.01385 0.0577313 0.281705
0 0.382727 0.845899 0.0151829 0.0561788 0.251096
