5 0.184758 0.0835682 0.0713377 0.115121 0.852165
2 0.535746 0.41924 0.0692663 0.0601704 0.81517
2 0.56577 0.45068 0.0723164 0.0679623 0.810192
2 0.214656 0.272853 0.0419941 0.0635611 0.80443
2 0.281388 0.28865 0.0447845 0.0661153 0.800366
2 0.195512 0.167582 0.0365717 0.0527184 0.764127
5 0.0217089 0.126271 0.0428331 0.249007 0.754797
2 0.747228 0.363836 0.0630672 0.0582613 0.739838
2 0.30161 0.253512 0.048333 0.0579397 0.711992
2 0.225361 0.211715 0.0412909 0.0593693 0.711208
2 0.27638 0.198984 0.0380874 0.059142 0.674508
2 0.812743 0.292206 0.0468972 0.0611779 0.657076
2 0.228568 0.159759 0.0400574 0.0643544 0.65511
2 0.181077 0.217906 0.0374288 0.0587599 0.634105
2 0.64141 0.413514 0.0652072 0.0564786 0.59207
62 0.492003 0.1339 0.117387 0.136105 0.58338
2 0.715693 0.339618 0.0718619 0.0515718 0.531559
2 0.137404 0.0906761 0.0357951 0.0439051 0.524544
2 0.844038 0.426246 0.0371317 0.064425 0.496475
2 0.107921 0.131686 0.031022 0.0429866 0.49605
2 0.0984914 0.0479529 0.0359426 0.0441412 0.40293
2 0.165492 0.309408 0.0444839 0.055642 0.371723
2 0.646541 0.366712 0.0735767 0.0553473 0.361859
7 0.148288 0.153393 0.0538856 0.0926179 0.358151
9 0.155156 0.915547 0.00873649 0.0405012 0.354346
