2 0.476856 0.505704 0.0689554 0.107886 0.806358
2 0.263211 0.554174 0.0380207 0.0724852 0.743871
2 0.437069 0.370738 0.0644033 0.0732062 0.713824
2 0.0928684 0.0205619 0.0355502 0.0411237 0.61654
2 0.811547 0.85496 0.0899472 0.124432 0.526215
9 0.155883 0.912129 0.00877123 0.039997 0.518545
9 0.734724 0.610386 0.0165577 0.0488169 0.488948
9 0.287866 0.797588 0.0322091 0.0514181 0.48085
2 0.663569 0.759309 0.0834764 0.115046 0.449674
5 0.0657006 0.404244 0.131167 0.177182 0.38481
0 0.0795129 0.53183 0.0156652 0.0702204 0.328686
62 0.492267 0.127851 0.117745 0.141808 0.327604
0 0.556726 0.35124 0.011837 0.0515099 0.319281
0 0.782385 0.641559 0.0173679 0.0802734 0.257234
2 0.476856 0.505704 0.0689554 0.107886 0.806358
2 0.263211 0.554174 0.0380207 0.0724852 0.743871
2 0.437069 0.370738 0.0644033 0.0732062 0.713824
2 0.0928684 0.0205619 0.0355502 0.0411237 0.61654
2 0.811547 0.85496 0.0899472 0.124432 0.526215
9 0.155883 0.912129 0.00877123 0.039997 0.518545
9 0.734724 0.610386 0.0165577 0.0488169 0.488948
9 0.287866 0.797588 0.0322091 0.0514181 0.48085
2 0.663569 0.759309 0.0834764 0.115046 0.449674
5 0.0657006 0.404244 0.131167 0.177182 0.38481
0 0.0795129 0.53183 0.0156652 0.0702204 0.328686
62 0.492267 0.127851 0.117745 0.141808 0.327604
0 0.556726 0.35124 0.011837 0.0515099 0.319281
0 0.782385 0.641559 0.0173679 0.0802734 0.257234
