7 0.158493 0.609031 0.207309 0.202927 0.883371
2 0.207012 0.685567 0.100109 0.102796 0.845992
2 0.481695 0.542696 0.087993 0.103512 0.797955
5 0.651155 0.710178 0.107228 0.193947 0.661638
62 0.491752 0.135578 0.119026 0.145782 0.661195
2 0.210371 0.273023 0.0408004 0.0610892 0.512112
2 0.13461 0.158396 0.0348661 0.0451065 0.432834
5 0.769401 0.261656 0.11051 0.12717 0.408146
2 0.766832 0.374885 0.0502291 0.043721 0.396366
9 0.155378 0.914614 0.00904102 0.041312 0.394263
9 0.0790509 0.0727279 0.0227163 0.0429247 0.352794
2 0.757062 0.393062 0.071941 0.0812039 0.336521
9 0.290908 0.796786 0.0397348 0.0510111 0.301183
2 0.177109 0.155477 0.0330946 0.0536824 0.296881
9 0.736577 0.621143 0.013916 0.0514101 0.265956
0 0.00800629 0.592026 0.0159155 0.0716239 0.255166
