7 0.798717 0.365672 0.0566828 0.0948151 0.70224
0 0.843043 0.722124 0.0146988 0.0642785 0.683123
0 0.764842 0.741628 0.0153822 0.0932607 0.542417
2 0.366979 0.374698 0.0727716 0.109499 0.506979
0 0.807021 0.692445 0.0181035 0.0577993 0.46293
0 0.694219 0.867675 0.0128059 0.0657111 0.435576
0 0.773147 0.610034 0.0151363 0.056562 0.408463
0 0.364489 0.943296 0.0318964 0.0970079 0.37094
0 0.751732 0.710148 0.0125023 0.0576428 0.362777
0 0.732591 0.616153 0.0138969 0.0536845 0.343117
0 0.974254 0.691711 0.020768 0.061477 0.320471
0 0.958529 0.659366 0.0131609 0.0511164 0.283572
0 0.161817 0.405564 0.0113406 0.05395 0.280817
0 0.642285 0.33681 0.00897989 0.0502087 0.276526
9 0.155692 0.913488 0.00881939 0.0400002 0.27307
0 0.145574 0.463792 0.00938201 0.0515915 0.272579
0 0.0679623 0.517504 0.011559 0.0553408 0.270356
0 0.127745 0.489226 0.0105843 0.0509891 0.265657
9 0.033918 0.201937 0.0140404 0.0349435 0.250661
