5 0.215809 0.589685 0.209652 0.189715 0.933028
2 0.567873 0.510191 0.0658979 0.0714812 0.86377
2 0.229918 0.467584 0.0557507 0.0651886 0.858648
2 0.236042 0.327943 0.0386323 0.0549549 0.797067
2 0.118213 0.0723721 0.0377247 0.0543691 0.779514
2 0.272756 0.271267 0.0435102 0.0600059 0.770739
2 0.607708 0.592834 0.0433629 0.111391 0.765422
2 0.799844 0.386416 0.0533159 0.0630425 0.751649
2 0.720126 0.380107 0.06184 0.0483235 0.674802
2 0.334918 0.509141 0.0768228 0.0722056 0.624058
2 0.156966 0.125963 0.0372074 0.0554973 0.552654
5 0.209716 0.168891 0.0790938 0.144859 0.533625
5 0.538469 0.292331 0.129195 0.084608 0.504946
62 0.492066 0.12891 0.118075 0.137637 0.482104
2 0.818985 0.428878 0.0541838 0.0770852 0.457403
2 0.0833092 0.0324532 0.0351044 0.0505996 0.344648
0 0.720321 0.687632 0.0123712 0.0586745 0.267973
