2 0.480332 0.530359 0.0631931 0.0783756 0.803266
2 0.807795 0.330188 0.0497868 0.0550877 0.639551
2 0.103395 0.87143 0.064021 0.0947422 0.563831
0 0.757549 0.541036 0.00902348 0.0523115 0.480143
0 0.873781 0.613581 0.01334 0.0615155 0.47731
9 0.155375 0.911745 0.00940199 0.042326 0.47455
0 0.838043 0.691691 0.0155804 0.0574436 0.45124
0 0.939464 0.698566 0.0240971 0.0765791 0.431833
0 0.885657 0.59875 0.0143837 0.0614897 0.388216
0 0.954969 0.57272 0.0146008 0.0692147 0.362753
9 0.141713 0.251146 0.00974507 0.051881 0.321635
0 0.618169 0.342794 0.0115007 0.0527754 0.321199
62 0.491851 0.125605 0.117321 0.136483 0.319465
9 0.287484 0.799241 0.0323694 0.0559967 0.302585
0 0.97057 0.577694 0.0144215 0.0595776 0.302323
0 0.143081 0.470916 0.0117227 0.0667053 0.289975
0 0.167299 0.457979 0.0137221 0.0490242 0.266826
0 0.0476711 0.540477 0.0129501 0.0770426 0.265871
9 0.760054 0.441119 0.00808525 0.0300863 0.261535
