5 0.481 0.504454 0.129233 0.190469 0.946261
5 0.224436 0.196767 0.0802078 0.131448 0.872802
2 0.415382 0.3588 0.0592851 0.0725354 0.824945
5 0.113494 0.199769 0.0475371 0.105089 0.710854
2 0.729237 0.371152 0.0682874 0.0554113 0.609685
0 0.0640069 0.529975 0.01279 0.0533991 0.519084
2 0.310065 0.32063 0.0498295 0.0849913 0.492076
9 0.295825 0.521386 0.0333375 0.0760144 0.410049
9 0.476824 0.273155 0.012356 0.0430302 0.407357
0 0.102051 0.49513 0.0136949 0.0626024 0.381568
2 0.295768 0.521244 0.0336339 0.0764115 0.378359
5 0.531241 0.290823 0.127075 0.087411 0.347547
0 0.86472 0.684691 0.014975 0.0630152 0.345725
0 0.0629337 0.265161 0.010075 0.0438736 0.295875
