2 0.175099 0.729244 0.0970585 0.103299 0.832695
2 0.183708 0.321382 0.0425828 0.0649707 0.764434
2 0.150436 0.114274 0.0363804 0.0546537 0.694833
2 0.190692 0.16968 0.0353028 0.0525864 0.663885
2 0.354388 0.639734 0.0975076 0.110991 0.631486
2 0.117964 0.597872 0.0882932 0.0886641 0.61462
62 0.492247 0.133692 0.119126 0.147716 0.564544
9 0.263588 0.406169 0.0312023 0.0704965 0.545313
7 0.235695 0.589995 0.114866 0.135648 0.514236
2 0.325931 0.260729 0.0478581 0.0661751 0.505228
2 0.27387 0.27191 0.0494131 0.0761252 0.490986
2 0.102896 0.117028 0.027305 0.0554451 0.406701
2 0.0853577 0.673715 0.102336 0.0766301 0.399827
9 0.120785 0.378397 0.0114741 0.0382436 0.398328
2 0.031451 0.591242 0.062902 0.0779037 0.389619
2 0.233542 0.223278 0.0338837 0.0593412 0.35805
0 0.182686 0.442265 0.0135486 0.0639653 0.34151
0 0.15318 0.433214 0.0169227 0.0626606 0.334925
9 0.64036 0.494015 0.0744669 0.0830671 0.321193
9 0.143266 0.249923 0.0146833 0.0530827 0.292108
0 0.126557 0.470479 0.0152207 0.0603672 0.28025
2 0.642577 0.492831 0.0709806 0.0816877 0.256817
9 0.736847 0.615604 0.0117111 0.0535083 0.253868
