5 0.193278 0.11377 0.0862786 0.138497 0.885152
2 0.25909 0.259133 0.0474226 0.0755829 0.678162
5 0.526043 0.306533 0.119902 0.109346 0.649126
2 0.812151 0.372204 0.0445215 0.0651222 0.57004
2 0.221002 0.216339 0.0408388 0.0465413 0.55713
2 0.295522 0.216516 0.0420452 0.0596654 0.511014
5 0.0209299 0.12211 0.0415905 0.23527 0.493053
2 0.125068 0.0835752 0.0357404 0.0587421 0.456665
62 0.493744 0.130941 0.11417 0.140535 0.380262
2 0.0942124 0.0439425 0.0366862 0.0557347 0.31425
0 0.690398 0.86447 0.0142518 0.0676676 0.264253
