2 0.521101 0.562017 0.0650885 0.100923 0.811308
5 0.136209 0.1886 0.0799841 0.137878 0.807531
2 0.645299 0.702771 0.0704302 0.108632 0.778451
2 0.222922 0.369318 0.0394597 0.0628201 0.74434
2 0.801392 0.385012 0.0648245 0.0641585 0.689236
7 0.284432 0.84427 0.0474357 0.142187 0.410194
0 0.107987 0.982746 0.0150959 0.0335888 0.358986
62 0.491763 0.129566 0.117394 0.140338 0.354717
0 0.119 0.961897 0.0117055 0.0695231 0.352478
9 0.155586 0.915552 0.00922475 0.040368 0.335031
0 0.0639718 0.52907 0.0148915 0.0598389 0.268971
0 0.00440303 0.532798 0.00880607 0.0604852 0.25211
