2 0.270609 0.262514 0.0468481 0.064545 0.725153
2 0.81524 0.867346 0.0879881 0.127807 0.666367
0 0.493114 0.65287 0.0137108 0.0652826 0.614934
9 0.155891 0.911221 0.00934701 0.0433662 0.612863
9 0.289858 0.796127 0.0361785 0.048645 0.597949
0 0.244667 0.622974 0.0139956 0.0487119 0.583618
0 0.483538 0.845988 0.0209173 0.068769 0.583165
0 0.856007 0.608201 0.0180138 0.0705316 0.55382
0 0.904824 0.898548 0.0159185 0.05576 0.474565
0 0.785754 0.579379 0.00951118 0.0490254 0.433693
0 0.903052 0.664541 0.0147663 0.0569244 0.420171
0 0.104139 0.511808 0.0153865 0.0575244 0.413271
0 0.805113 0.777679 0.0110596 0.0466241 0.406345
2 0.180783 0.150693 0.0403638 0.0667417 0.39825
0 0.210081 0.367994 0.0109065 0.0503087 0.372863
62 0.492475 0.125791 0.117717 0.140776 0.356468
2 0.295501 0.23612 0.0435557 0.0682294 0.347024
9 0.572208 0.226544 0.0158925 0.0459988 0.31173
0 0.228437 0.819982 0.0176798 0.0659444 0.296355
5 0.574723 0.913013 0.379054 0.162346 0.295307
0 0.364048 0.942024 0.0309944 0.0919817 0.293488
0 0.758465 0.519297 0.0127182 0.054567 0.287491
5 0.803786 0.369481 0.059024 0.0819761 0.283822
0 0.669538 0.675047 0.0136868 0.0675915 0.256297
0 0.170725 0.376823 0.0120406 0.0525096 0.25044
