2 0.230767 0.70607 0.09192 0.104694 0.882077
0 0.946236 0.688146 0.0203314 0.0642496 0.697403
0 0.690712 0.6149 0.0101646 0.0527546 0.543503
0 0.365078 0.941731 0.0315929 0.0941323 0.529348
0 0.83883 0.754959 0.0122107 0.0572798 0.521522
0 0.0961002 0.510696 0.016523 0.0656136 0.514789
0 0.154227 0.469506 0.00899122 0.0475282 0.503603
9 0.0349136 0.198988 0.0153322 0.0379698 0.443013
0 0.121882 0.483747 0.01829 0.0678598 0.380714
0 0.0669074 0.519375 0.0130358 0.0656811 0.37739
0 0.976714 0.613835 0.0158787 0.0587163 0.359194
9 0.155972 0.91154 0.00928569 0.0418845 0.353239
0 0.663619 0.858836 0.0154437 0.0693268 0.280271
0 0.968314 0.76169 0.0156731 0.0629849 0.278955
0 0.982534 0.466334 0.0117559 0.055865 0.272888
0 0.123381 0.494077 0.0225207 0.0903012 0.256572
