5 0.296997 0.218111 0.0886453 0.138842 0.881025
5 0.150745 0.257983 0.0606072 0.112985 0.771609
2 0.252828 0.242803 0.0439513 0.061491 0.759066
2 0.205065 0.185952 0.0393978 0.0631468 0.754911
2 0.103591 0.217542 0.0385802 0.0478653 0.602222
0 0.386507 0.669604 0.0146919 0.061371 0.510425
2 0.202859 0.124516 0.0374037 0.056428 0.435398
0 0.358014 0.430709 0.0122909 0.0522671 0.393942
0 0.0838351 0.787298 0.0180052 0.0638034 0.373559
2 0.830159 0.40081 0.0599123 0.0694458 0.339078
2 0.804016 0.372684 0.0457524 0.0666903 0.329694
0 0.881482 0.641716 0.0165119 0.071717 0.317866
62 0.484906 0.135066 0.132663 0.160209 0.305181
0 0.901061 0.71618 0.013525 0.0558156 0.304342
0 0.344759 0.503596 0.0153375 0.052788 0.290195
0 0.361261 0.942345 0.0408118 0.095364 0.287409
0 0.743705 0.661481 0.0171049 0.0579449 0.274534
0 0.130695 0.430221 0.0152898 0.0674435 0.264733
0 0.285633 0.592577 0.0123517 0.0604263 0.254426
0 0.266176 0.42595 0.0139134 0.0567673 0.251743
