2 0.208138 0.192013 0.0407986 0.0534686 0.82615
2 0.25025 0.242964 0.0409751 0.0669747 0.82202
2 0.176684 0.141764 0.0366708 0.0627234 0.723049
2 0.800596 0.379864 0.0603231 0.067538 0.719752
0 0.245839 0.859014 0.0228387 0.0638763 0.712059
0 0.886902 0.657014 0.0133919 0.0586881 0.606373
2 0.826412 0.409079 0.0407581 0.0596017 0.567592
0 0.0787047 0.547385 0.0107397 0.0507387 0.480024
0 0.834284 0.720392 0.0169624 0.0687117 0.443773
0 0.510467 0.491981 0.0137796 0.0526388 0.442411
62 0.491628 0.128939 0.11786 0.135842 0.413805
0 0.681883 0.406142 0.0123722 0.0516774 0.412523
0 0.591026 0.402262 0.0102031 0.0449092 0.347839
0 0.771579 0.658955 0.0144293 0.0636464 0.34441
0 0.342596 0.404267 0.0141254 0.0544464 0.329801
0 0.903528 0.763912 0.0130838 0.060219 0.318941
0 0.859212 0.614407 0.0160135 0.0595272 0.31073
0 0.362528 0.929951 0.0379291 0.129762 0.298051
0 0.744985 0.635549 0.0159754 0.0555919 0.26565
0 0.212954 0.433321 0.0099575 0.046846 0.261438
