2 0.295084 0.242811 0.0457445 0.062138 0.628729
2 0.208738 0.137684 0.0418261 0.0549684 0.584446
62 0.492 0.133492 0.117474 0.141309 0.527434
2 0.788939 0.837372 0.0837523 0.120795 0.5018
2 0.260321 0.186596 0.0451555 0.0675493 0.451801
0 0.0861348 0.523653 0.0144857 0.0510812 0.440356
9 0.288077 0.799428 0.0355818 0.0466773 0.360345
0 0.181258 0.525712 0.0185733 0.0880855 0.352043
5 0.0642935 0.403775 0.128587 0.174719 0.313984
9 0.583405 0.286664 0.00987244 0.0262518 0.294909
0 0.758873 0.656744 0.0161257 0.0782935 0.281427
9 0.142361 0.257086 0.0112316 0.0392629 0.257805
0 0.75681 0.492691 0.00926971 0.047043 0.250765
