2 0.192126 0.487203 0.0752562 0.083807 0.835589
2 0.270735 0.632194 0.0853474 0.0951782 0.763256
2 0.504609 0.587174 0.0900259 0.117154 0.750838
2 0.180489 0.731451 0.084373 0.0882626 0.747419
2 0.659646 0.484399 0.0686325 0.0780697 0.747303
2 0.22379 0.313199 0.0453377 0.0676415 0.714669
2 0.789142 0.839289 0.0847882 0.124529 0.655695
62 0.492264 0.131936 0.117506 0.141625 0.570225
2 0.834531 0.403146 0.0412525 0.0576183 0.457974
2 0.219079 0.201181 0.0389764 0.0602092 0.451632
2 0.265335 0.201414 0.0396503 0.0586885 0.446739
5 0.766873 0.262928 0.110928 0.127529 0.392627
9 0.155853 0.914314 0.00996335 0.0436544 0.38318
2 0.225768 0.154077 0.0389703 0.0528723 0.336785
3 0.361538 0.71095 0.0347391 0.0594187 0.318229
2 0.314805 0.258747 0.0287751 0.0425572 0.317053
0 0.145098 0.440397 0.0128578 0.0578313 0.31689
0 0.958182 0.611039 0.0158733 0.0531221 0.280066
0 0.773517 0.520917 0.0195186 0.0616024 0.279897
0 0.759438 0.636461 0.0160301 0.0720652 0.260577
