2 0.663879 0.438639 0.0656569 0.0786425 0.715255
2 0.820711 0.364179 0.0264301 0.060435 0.568704
2 0.297381 0.286063 0.030037 0.0679672 0.516781
5 0.23373 0.215468 0.0467385 0.0747516 0.511589
9 0.287856 0.797703 0.0382944 0.0511726 0.492737
62 0.491992 0.13526 0.116349 0.120018 0.437249
0 0.437435 0.673082 0.0145226 0.0514281 0.400783
0 0.508486 0.696019 0.0151036 0.050405 0.387782
0 0.116643 0.931886 0.0185606 0.077673 0.384453
0 0.479106 0.358429 0.0103086 0.0513519 0.319229
2 0.838943 0.408725 0.0368687 0.0359143 0.316794
0 0.338616 0.672086 0.0198788 0.0568775 0.275775
