2 0.0464412 0.618589 0.0854673 0.0789903 0.838821
2 0.260531 0.253744 0.0420158 0.0577053 0.809229
2 0.617465 0.374611 0.0659061 0.0619513 0.784123
2 0.316539 0.250515 0.0449977 0.064173 0.766509
2 0.423787 0.509027 0.0858459 0.0863874 0.717117
2 0.701081 0.388386 0.0752905 0.0607805 0.683776
0 0.803491 0.729764 0.0184028 0.0781557 0.630397
2 0.168368 0.306313 0.0454872 0.0755742 0.52011
0 0.36506 0.943175 0.0332121 0.0956495 0.501565
0 0.803458 0.566558 0.0115078 0.0545527 0.500882
0 0.806973 0.490201 0.0122299 0.0546193 0.494036
2 0.689975 0.344179 0.057383 0.0522506 0.384737
5 0.756102 0.260283 0.131718 0.134885 0.382113
9 0.0350843 0.201807 0.014142 0.0369434 0.3756
0 0.68201 0.860798 0.0142902 0.0651472 0.319383
9 0.155472 0.912504 0.00897365 0.0417826 0.31341
