2 0.254508 0.249174 0.0408672 0.067765 0.741824
2 0.226394 0.156193 0.0390936 0.0464185 0.715192
2 0.633802 0.451992 0.0912539 0.100058 0.691193
62 0.492363 0.138654 0.117736 0.141249 0.683406
2 0.216563 0.202092 0.0405907 0.058565 0.650286
2 0.145823 0.0592074 0.0331036 0.0506625 0.618456
0 0.255272 0.68907 0.0106066 0.0591805 0.617254
2 0.179389 0.153415 0.0332879 0.0474859 0.588718
2 0.145742 0.115811 0.0333814 0.047046 0.538687
5 0.52385 0.293955 0.107805 0.0992919 0.533714
2 0.305463 0.24125 0.0426077 0.0682138 0.448895
0 0.378881 0.770871 0.0105087 0.0684865 0.441617
9 0.736067 0.613598 0.0136999 0.0474148 0.416515
0 0.531554 0.636405 0.0186194 0.1108 0.40229
0 0.3488 0.765036 0.0165994 0.0653334 0.398188
0 0.134541 0.950851 0.0163612 0.085369 0.389754
5 0.760841 0.264315 0.0999127 0.124224 0.371371
2 0.804619 0.393177 0.0709099 0.0868823 0.349754
0 0.516209 0.63362 0.0210637 0.0740468 0.320583
5 0.022337 0.121245 0.0441491 0.238417 0.308733
2 0.170136 0.307716 0.045702 0.0557785 0.297572
0 0.514384 0.362 0.0143036 0.0442284 0.269083
0 0.216567 0.366476 0.0113838 0.0477288 0.264897
9 0.584247 0.284931 0.0108007 0.0322859 0.258794
