5 0.497827 0.587199 0.166954 0.155911 0.930246
5 0.795617 0.275834 0.11672 0.130696 0.914841
5 0.681352 0.363434 0.149612 0.134136 0.856691
2 0.262892 0.197118 0.0420746 0.0618949 0.826609
2 0.326987 0.272664 0.0445968 0.0648229 0.819315
5 0.164614 0.179292 0.0786794 0.138675 0.659419
2 0.815109 0.42851 0.0467131 0.0791589 0.629158
2 0.799874 0.384952 0.0655128 0.0680717 0.606508
2 0.212747 0.185811 0.0385708 0.0723761 0.587038
2 0.220491 0.147797 0.0378918 0.0578188 0.577628
2 0.115034 0.143923 0.0277061 0.0490346 0.567567
2 0.122443 0.0848956 0.0308101 0.0439665 0.431388
5 0.525648 0.290436 0.108087 0.0830205 0.406358
2 0.0968293 0.0488001 0.0301653 0.0496617 0.375415
2 0.166673 0.311231 0.0396204 0.0561047 0.350388
3 0.289493 0.295701 0.0228219 0.0404412 0.34798
2 0.164372 0.101252 0.0524196 0.0635562 0.316571
7 0.274155 0.953438 0.0806931 0.0916226 0.298232
2 0.289669 0.296574 0.0225933 0.0392653 0.278641
0 0.693343 0.889379 0.0128305 0.0631532 0.272262
