5 0.528964 0.557118 0.135736 0.203207 0.936517
2 0.248248 0.318255 0.0349051 0.0591508 0.74297
2 0.547937 0.398526 0.0764025 0.0597669 0.659279
2 0.16921 0.309197 0.0425242 0.0493995 0.657483
5 0.871051 0.92683 0.142054 0.14028 0.612739
0 0.136611 0.96918 0.0155301 0.0616391 0.522763
2 0.290658 0.510141 0.0333972 0.071347 0.513431
0 0.888805 0.783815 0.0186874 0.0646618 0.463361
0 0.156262 0.443065 0.013722 0.0525877 0.368592
0 0.490657 0.355887 0.0102936 0.0417263 0.363683
0 0.106625 0.949253 0.0144239 0.0758959 0.33687
2 0.279137 0.764804 0.0470502 0.100428 0.332978
0 0.859501 0.703372 0.0110039 0.0504635 0.328758
5 0.483784 0.167409 0.135644 0.227359 0.296171
0 0.834668 0.75744 0.0162388 0.0656837 0.268464
0 0.878366 0.741858 0.0109482 0.0692485 0.253477
0 0.804762 0.760334 0.0120665 0.0530338 0.252935
0 0.686201 0.866187 0.0168963 0.0628793 0.252011
