2 0.303038 0.241464 0.0435668 0.0643224 0.823477
2 0.800948 0.4289 0.0564968 0.0691661 0.759796
0 0.418528 0.561719 0.0125481 0.0622798 0.609175
2 0.803291 0.368741 0.0569118 0.0718308 0.602126
9 0.289005 0.792809 0.0347777 0.0499132 0.566522
0 0.83085 0.714185 0.0176319 0.0679423 0.551861
2 0.802303 0.290454 0.064897 0.0669126 0.54108
2 0.688038 0.344585 0.0616628 0.0619207 0.475986
0 0.157048 0.383202 0.0106137 0.0511441 0.449864
2 0.263794 0.254516 0.0414309 0.071159 0.433394
9 0.155506 0.913339 0.00831871 0.0389584 0.405483
5 0.0226087 0.119214 0.044503 0.233838 0.402547
7 0.263664 0.254987 0.0408525 0.0716744 0.378099
0 0.820677 0.606433 0.0152714 0.0550413 0.376546
0 0.783963 0.683122 0.0148569 0.0636771 0.362659
0 0.596845 0.543768 0.0150614 0.0530709 0.355466
0 0.167887 0.382932 0.0115303 0.0494487 0.349611
0 0.57176 0.610677 0.0145138 0.0543949 0.3232
0 0.79404 0.684793 0.0133806 0.0598392 0.316163
0 0.844215 0.720814 0.0119749 0.0557075 0.313153
0 0.0788587 0.436698 0.0140884 0.0496775 0.302693
0 0.547957 0.598304 0.013969 0.0549145 0.2983
0 0.672209 0.580012 0.0203926 0.0690681 0.282424
