2 0.3163 0.249779 0.0430067 0.0640131 0.763945
2 0.792946 0.375532 0.0701261 0.0760806 0.758254
2 0.268359 0.26851 0.0454947 0.0638369 0.624626
0 0.200059 0.698686 0.021102 0.064993 0.533851
62 0.492082 0.132278 0.117775 0.143046 0.532311
9 0.288791 0.801855 0.0360949 0.0358582 0.528385
0 0.0956612 0.562515 0.0164309 0.0571601 0.496082
2 0.835584 0.40222 0.0522047 0.0553638 0.494969
0 0.157201 0.540002 0.0153557 0.0615885 0.41448
9 0.386888 0.22791 0.0179381 0.0512419 0.325706
0 0.192576 0.382424 0.0114413 0.0528525 0.314195
0 0.260968 0.335952 0.013418 0.0515677 0.312512
0 0.308511 0.757485 0.0160636 0.0489322 0.304268
0 0.759401 0.620851 0.0142497 0.0696815 0.29662
9 0.385993 0.222736 0.0157718 0.039137 0.285895
0 0.326458 0.338046 0.0137467 0.0426224 0.251223
2 0.3163 0.249779 0.0430067 0.0640131 0.763945
2 0.792946 0.375532 0.0701261 0.0760806 0.758254
2 0.268359 0.26851 0.0454947 0.0638369 0.624626
0 0.200059 0.698686 0.021102 0.064993 0.533851
62 0.492082 0.132278 0.117775 0.143046 0.532311
9 0.288791 0.801855 0.0360949 0.0358582 0.528385
0 0.0956612 0.562515 0.0164309 0.0571601 0.496082
2 0.835584 0.40222 0.0522047 0.0553638 0.494969
0 0.157201 0.540002 0.0153557 0.0615885 0.41448
9 0.386888 0.22791 0.0179381 0.0512419 0.325706
0 0.192576 0.382424 0.0114413 0.0528525 0.314195
0 0.260968 0.335952 0.013418 0.0515677 0.312512
0 0.308511 0.757485 0.0160636 0.0489322 0.304268
0 0.759401 0.620851 0.0142497 0.0696815 0.29662
9 0.385993 0.222736 0.0157718 0.039137 0.285895
0 0.326458 0.338046 0.0137467 0.0426224 0.251223
