5 0.0646307 0.408074 0.128983 0.169538 0.821979
2 0.260308 0.256429 0.0483551 0.0794883 0.816711
2 0.798978 0.841386 0.0898983 0.127869 0.810804
0 0.78107 0.690125 0.0159999 0.0648743 0.708107
2 0.31039 0.252266 0.0434078 0.0648166 0.693155
2 0.0715682 0.01544 0.03205 0.0305598 0.6276
0 0.802535 0.684972 0.0152693 0.0697446 0.623217
9 0.28993 0.796344 0.0378764 0.0508104 0.562174
2 0.822819 0.411835 0.05772 0.0707574 0.536416
9 0.155987 0.911412 0.00903263 0.0420832 0.459584
0 0.838263 0.603776 0.0102057 0.0421604 0.425048
0 0.0493732 0.540226 0.0165277 0.0781903 0.424681
5 0.76926 0.267745 0.108365 0.111087 0.404616
9 0.735056 0.613352 0.0135635 0.0471792 0.362692
0 0.918757 0.681834 0.0143284 0.0511566 0.344584
3 0.245016 0.617039 0.0252015 0.0575811 0.34053
5 0.0243289 0.185553 0.048021 0.366892 0.339175
9 0.142457 0.250239 0.0144909 0.0504029 0.321099
0 0.820942 0.609344 0.0129982 0.0560011 0.30151
62 0.492113 0.126795 0.118073 0.135706 0.295074
0 0.745766 0.696199 0.0104935 0.0368683 0.266957
0 0.41325 0.325379 0.0107141 0.0485613 0.264803
2 0.872149 0.4353 0.0309509 0.0412016 0.264166
5 0.791781 0.374759 0.0614735 0.0790836 0.262773
2 0.792331 0.374475 0.0626848 0.0783412 0.254708
0 0.248503 0.59074 0.0209275 0.0691372 0.253893
2 0.977445 0.446467 0.04452 0.0567471 0.251026
9 0.624762 0.249237 0.020838 0.0800207 0.250583
