5 0.238442 0.212009 0.0827551 0.130957 0.872844
2 0.214882 0.504345 0.0679461 0.0748073 0.86693
2 0.198407 0.252228 0.042471 0.0565485 0.825928
2 0.0418085 0.626329 0.0832687 0.0683146 0.819924
2 0.296458 0.231446 0.0421681 0.0631855 0.808707
5 0.238832 0.147768 0.0771958 0.124065 0.791557
2 0.183988 0.158484 0.0323559 0.0614598 0.78174
2 0.245768 0.339602 0.0329141 0.0654658 0.611785
62 0.491779 0.128254 0.117735 0.134974 0.352426
0 0.467225 0.435687 0.0144029 0.048066 0.309485
9 0.155183 0.91612 0.00822878 0.0415293 0.290972
0 0.691929 0.860606 0.0125873 0.0642066 0.282845
0 0.0288794 0.554837 0.013066 0.0556159 0.265266
0 0.0172029 0.572271 0.012202 0.0471118 0.256018
