5 0.543304 0.904141 0.218787 0.187832 0.913441
5 0.753316 0.332662 0.139883 0.144061 0.850986
5 0.251871 0.229955 0.0875604 0.141934 0.850013
2 0.138902 0.160789 0.0380145 0.0581359 0.810396
2 0.116873 0.0779123 0.0377175 0.0461084 0.774655
2 0.195347 0.17735 0.0333515 0.0521053 0.767234
5 0.0230559 0.127119 0.0456524 0.249461 0.65614
5 0.530472 0.293043 0.125181 0.0835577 0.627728
7 0.786443 0.907284 0.0771626 0.13417 0.541535
0 0.705539 0.868171 0.0135298 0.0672024 0.541422
2 0.802025 0.37625 0.0592957 0.0785893 0.515945
2 0.237511 0.141573 0.044937 0.0638399 0.508712
62 0.491906 0.130055 0.117102 0.140969 0.482481
2 0.786554 0.907717 0.0772591 0.134201 0.446633
2 0.158648 0.123405 0.0401262 0.0545183 0.438947
2 0.834027 0.408062 0.034054 0.0506462 0.412356
0 0.365536 0.946604 0.033291 0.0977695 0.385202
0 0.125628 0.97198 0.0196293 0.051721 0.341457
2 0.16906 0.310085 0.0336155 0.0570376 0.317106
