2 0.202313 0.683628 0.0960872 0.102195 0.872958
5 0.251293 0.223787 0.0873457 0.142308 0.872653
2 0.486142 0.523938 0.078239 0.0924645 0.834771
2 0.681957 0.439487 0.0661455 0.0736771 0.825227
2 0.177867 0.532818 0.0732122 0.0743796 0.821989
2 0.5896 0.394931 0.0589562 0.0571642 0.773648
2 0.221941 0.287518 0.0335986 0.0610084 0.700354
2 0.308244 0.246156 0.0364036 0.0540727 0.674429
7 0.26519 0.940955 0.0764645 0.116005 0.592064
2 0.252435 0.382198 0.0318152 0.064571 0.576983
2 0.0312943 0.628754 0.0623098 0.0673008 0.574826
2 0.170939 0.193161 0.0403749 0.0573142 0.561756
5 0.525005 0.287466 0.107175 0.0786856 0.497836
2 0.210674 0.130497 0.0383934 0.0548903 0.494179
2 0.177327 0.333578 0.0492907 0.0599325 0.432465
0 0.665801 0.862182 0.0140371 0.0710147 0.429948
2 0.195882 0.166905 0.0313887 0.0641901 0.365821
0 0.160867 0.458378 0.0107279 0.0543475 0.359466
0 0.941575 0.904389 0.0153637 0.0693383 0.312773
5 0.022511 0.12473 0.0441772 0.247942 0.290697
0 0.178713 0.448279 0.0110673 0.0595222 0.276329
2 0.167438 0.128661 0.0406827 0.0560749 0.262227
