5 0.290783 0.213917 0.0821497 0.137685 0.865013
5 0.0836447 0.0343159 0.0639001 0.0686319 0.748949
2 0.237833 0.229579 0.0476645 0.0603868 0.625538
62 0.491267 0.127708 0.11803 0.141139 0.571028
0 0.319139 0.925722 0.0178285 0.0640683 0.516982
0 0.291107 0.452425 0.0111698 0.0496384 0.471212
0 0.167781 0.557654 0.0129402 0.0541684 0.346603
0 0.708426 0.849737 0.0213121 0.0674218 0.341846
0 0.156697 0.5449 0.0150225 0.0503791 0.327997
0 0.736161 0.736403 0.0146359 0.0534804 0.308138
0 0.569305 0.502273 0.0145829 0.0516461 0.30013
7 0.810272 0.350508 0.0538956 0.0960191 0.293335
0 0.167027 0.441701 0.0128908 0.0543564 0.282206
0 0.566541 0.396567 0.0103209 0.0445328 0.276725
0 0.577126 0.798045 0.0161203 0.0637102 0.262779
0 0.969886 0.48525 0.0110516 0.055141 0.25617
0 0.962777 0.678788 0.0135326 0.0603654 0.253938
0 0.863359 0.593196 0.0224737 0.0766235 0.252973
