0 0.0656968 0.513009 0.0176155 0.0512785 0.558709
0 0.709186 0.84152 0.0159149 0.063613 0.488638
0 0.585836 0.727425 0.0159189 0.0711141 0.487635
0 0.956202 0.568253 0.0149677 0.0563193 0.445954
0 0.510046 0.84211 0.0143562 0.0615651 0.416644
0 0.341908 0.624034 0.0157029 0.0482208 0.386456
0 0.238794 0.35643 0.0107638 0.0475677 0.381581
0 0.355785 0.831213 0.0245417 0.0741282 0.379648
0 0.896965 0.75613 0.0140697 0.0638184 0.373929
0 0.556405 0.796674 0.0136051 0.0585215 0.370476
0 0.828118 0.596644 0.01782 0.0621666 0.367744
0 0.308713 0.611413 0.01519 0.0598889 0.333705
0 0.344834 0.475224 0.0142293 0.05465 0.277159
0 0.85778 0.538828 0.0125229 0.0521096 0.276868
62 0.492107 0.127257 0.116953 0.138151 0.275256
0 0.559466 0.379456 0.0119496 0.0436753 0.268353
0 0.165643 0.352989 0.0123237 0.0438989 0.264497
0 0.516153 0.509628 0.0147722 0.0542872 0.263525
9 0.0350464 0.199809 0.0149093 0.0366411 0.256096
