2 0.381105 0.605277 0.0851115 0.0937276 0.878301
2 0.149957 0.535099 0.0819831 0.0924412 0.825352
2 0.795558 0.417429 0.0655487 0.0722187 0.809889
2 0.248167 0.244713 0.0424931 0.0653744 0.786785
2 0.719759 0.405793 0.0651281 0.0690978 0.714718
2 0.304142 0.246277 0.043157 0.0643593 0.693239
2 0.245817 0.367812 0.035846 0.0620264 0.665698
2 0.118205 0.137744 0.0353028 0.0518905 0.641516
2 0.215496 0.195972 0.0385692 0.062121 0.590376
2 0.60726 0.628461 0.0386456 0.105063 0.494948
2 0.611969 0.491319 0.081992 0.0957943 0.485924
5 0.611659 0.491379 0.082078 0.0949469 0.411722
0 0.8317 0.715996 0.0171755 0.0733982 0.408517
0 0.289632 0.858758 0.0159596 0.0667362 0.383212
7 0.607359 0.628442 0.0384231 0.104438 0.334679
0 0.0562798 0.463807 0.0138119 0.0434578 0.295115
0 0.364648 0.94226 0.0328353 0.0956923 0.293646
0 0.0664708 0.536097 0.0177697 0.055931 0.255638
