2 0.150825 0.117383 0.0360638 0.0527559 0.792854
2 0.79069 0.390188 0.0619966 0.0650608 0.701192
2 0.241336 0.231622 0.0403978 0.0657507 0.694728
2 0.103831 0.0519102 0.0351638 0.0570161 0.616634
2 0.30222 0.253511 0.0417591 0.0533769 0.507421
0 0.386503 0.708577 0.0212212 0.0630993 0.451998
0 0.349017 0.710018 0.0163377 0.0652888 0.367434
0 0.361339 0.814368 0.016322 0.0623696 0.360293
5 0.769282 0.26039 0.120103 0.132519 0.350601
2 0.211224 0.18826 0.0366598 0.0600699 0.346432
0 0.769687 0.642203 0.0135628 0.0586745 0.342207
2 0.841734 0.423529 0.0367693 0.0509757 0.310507
5 0.525211 0.286483 0.103652 0.076063 0.26729
5 0.0613159 0.387245 0.122632 0.141359 0.252869
