2 0.805992 0.379506 0.0543186 0.0683932 0.758617
2 0.308604 0.246407 0.0433198 0.063694 0.739643
0 0.910902 0.674084 0.019742 0.0662329 0.587571
0 0.756758 0.650883 0.0160622 0.071562 0.548609
0 0.321368 0.59925 0.0188112 0.0611649 0.544746
0 0.947042 0.651471 0.0195801 0.0630323 0.525124
0 0.707449 0.836967 0.015151 0.0682563 0.521523
0 0.895621 0.664734 0.0150684 0.0576094 0.434278
0 0.415655 0.592485 0.0139782 0.0613525 0.423118
9 0.0344615 0.200642 0.0143852 0.0361578 0.372325
0 0.888314 0.755052 0.0169025 0.0573422 0.369657
0 0.187897 0.570963 0.0192119 0.0512967 0.325786
0 0.00788436 0.479124 0.0154182 0.0622935 0.321007
0 0.364359 0.942976 0.0322097 0.0964379 0.252924
