7 0.189953 0.0721187 0.0516526 0.0939676 0.832397
2 0.309718 0.253533 0.0394544 0.0646513 0.799365
2 0.27305 0.261074 0.0432394 0.0649092 0.797487
2 0.206897 0.188169 0.0391682 0.0589441 0.768968
0 0.761279 0.55997 0.0116557 0.0591649 0.689634
2 0.0460781 0.59454 0.0897084 0.0805352 0.655578
9 0.155946 0.913489 0.00987105 0.0428635 0.580643
0 0.288792 0.431974 0.0147922 0.0590571 0.545007
9 0.289215 0.79446 0.0364326 0.0493971 0.532147
0 0.673001 0.764929 0.0145428 0.0631829 0.48279
2 0.821077 0.449427 0.0346407 0.0458554 0.421847
9 0.734517 0.613709 0.015494 0.0499539 0.395335
9 0.582948 0.288032 0.0150708 0.0342892 0.348715
9 0.571567 0.226703 0.0152655 0.0462734 0.339472
0 0.364049 0.944964 0.0323022 0.0974084 0.332097
9 0.117422 0.267299 0.014444 0.0354212 0.325568
62 0.491893 0.127135 0.117789 0.134046 0.300282
9 0.143998 0.250753 0.0179608 0.0520128 0.287581
