5 0.742731 0.281215 0.157918 0.174313 0.672059
0 0.74226 0.689774 0.0132743 0.0616296 0.545247
9 0.0351963 0.199344 0.0152911 0.0372921 0.539654
0 0.785858 0.758109 0.0138729 0.0713525 0.536278
0 0.76048 0.665473 0.0147326 0.0608632 0.514888
0 0.803796 0.724507 0.0120892 0.061841 0.501885
0 0.142091 0.451871 0.0108186 0.0485585 0.491088
0 0.121595 0.968241 0.0309553 0.0622077 0.460176
0 0.95025 0.560103 0.0167553 0.0549661 0.411752
0 0.977547 0.567554 0.0146357 0.0576523 0.387469
0 0.158506 0.445541 0.0133466 0.0588957 0.379607
0 0.107922 0.54485 0.0125377 0.0575486 0.373949
0 0.181809 0.436779 0.0107407 0.0604737 0.363246
62 0.491747 0.126175 0.117328 0.136978 0.341029
0 0.934953 0.550056 0.0144611 0.0538698 0.309677
0 0.989402 0.665685 0.0205719 0.0884728 0.290136
0 0.161625 0.444441 0.0120389 0.0575889 0.288331
9 0.571526 0.228298 0.0137259 0.0429142 0.273414
9 0.155447 0.912893 0.00867906 0.0410494 0.262281
