2 0.247485 0.428541 0.0391809 0.0622075 0.805071
0 0.0723534 0.531771 0.0115187 0.057135 0.596146
0 0.915982 0.673681 0.0160419 0.053752 0.489608
0 0.796144 0.737826 0.0171404 0.0770131 0.460345
0 0.737976 0.680093 0.0122681 0.0582777 0.454713
0 0.863537 0.710566 0.0162338 0.060919 0.442123
0 0.962494 0.770958 0.016124 0.0506516 0.379725
0 0.0617245 0.485315 0.00927582 0.0495566 0.375958
0 0.0519386 0.562591 0.0146298 0.0568156 0.375915
0 0.819096 0.594895 0.0139534 0.0539074 0.359439
0 0.833236 0.562916 0.0124428 0.0577869 0.357347
0 0.981961 0.692975 0.0140747 0.0529348 0.348697
0 0.0212147 0.596865 0.0154785 0.0618142 0.303632
5 0.763542 0.261308 0.118673 0.13647 0.300913
9 0.0350621 0.20262 0.0143703 0.0342718 0.297486
9 0.571557 0.227232 0.0129066 0.0436233 0.296393
0 0.0433812 0.587998 0.0175515 0.05287 0.286906
9 0.155832 0.913444 0.0084682 0.0393975 0.276486
0 0.817811 0.487469 0.0110737 0.0563405 0.262196
0 0.994255 0.779721 0.0109377 0.064474 0.256961
