2 0.302965 0.246803 0.0444184 0.062971 0.813163
2 0.133797 0.888653 0.0942305 0.105749 0.759637
2 0.169427 0.105256 0.0359465 0.0554306 0.733899
0 0.156435 0.468847 0.0139771 0.0759249 0.561408
0 0.14424 0.457427 0.0121068 0.0543823 0.55283
9 0.0348972 0.199914 0.015618 0.0402529 0.533922
2 0.248591 0.957091 0.0750641 0.084671 0.530877
5 0.746394 0.281431 0.150251 0.174479 0.511304
0 0.0927215 0.514383 0.0148276 0.0607277 0.508324
0 0.107023 0.484793 0.0113281 0.053562 0.485598
0 0.841044 0.758758 0.0137468 0.0617855 0.411025
0 0.967494 0.597231 0.013928 0.0618505 0.348497
0 0.0629976 0.525339 0.0135761 0.0518165 0.346217
0 0.883326 0.664625 0.0148415 0.0562668 0.319225
0 0.869468 0.583071 0.0109842 0.0531118 0.269995
62 0.491873 0.126651 0.11723 0.135353 0.264484
