5 0.154491 0.106302 0.0738085 0.120908 0.824471
2 0.239286 0.234203 0.0440845 0.063307 0.667776
2 0.198711 0.177807 0.035117 0.0589581 0.620546
2 0.153558 0.278266 0.0469074 0.0706382 0.60939
62 0.491814 0.139367 0.116412 0.132892 0.602681
2 0.685857 0.43619 0.0750237 0.0673811 0.593288
2 0.290267 0.239182 0.0388092 0.0585853 0.555396
2 0.265989 0.176865 0.0410192 0.0676816 0.534227
0 0.239407 0.844196 0.013733 0.0611535 0.439927
5 0.528561 0.297418 0.111713 0.099344 0.358138
0 0.408711 0.710545 0.0137329 0.062925 0.294882
0 0.437979 0.792835 0.0178268 0.0663069 0.266199
5 0.0155867 0.164863 0.0308966 0.15132 0.264915
