2 0.0934629 0.567064 0.0859218 0.102043 0.799817
7 0.211224 0.281917 0.0447245 0.0850613 0.719209
0 0.733535 0.681999 0.0164509 0.0696584 0.626042
0 0.927105 0.602389 0.0162811 0.0607674 0.605982
0 0.601828 0.953402 0.0134079 0.0711685 0.540731
0 0.754709 0.718997 0.0133976 0.0609107 0.469202
0 0.705443 0.654797 0.0136761 0.0640055 0.449361
0 0.0671466 0.511552 0.0137547 0.0615707 0.42538
0 0.870448 0.56442 0.0187111 0.0548045 0.415265
0 0.755535 0.672998 0.0134531 0.0604469 0.40765
9 0.0354646 0.202942 0.0126534 0.0323774 0.33279
0 0.0561181 0.520053 0.0144898 0.0554875 0.326535
0 0.134407 0.481988 0.013811 0.0559736 0.323059
0 0.136474 0.939044 0.0163935 0.0512068 0.322282
0 0.364901 0.943755 0.0334099 0.0978787 0.307385
9 0.572048 0.227728 0.013278 0.0422623 0.267811
7 0.816243 0.282638 0.043338 0.0583341 0.253234
0 0.783932 0.754589 0.0121141 0.0689267 0.252622
