0 0.795676 0.727188 0.012892 0.057528 0.631229
0 0.829003 0.714108 0.0142601 0.0669434 0.60214
0 0.137188 0.462662 0.0113425 0.0477548 0.569463
0 0.789965 0.603444 0.0131035 0.060989 0.553536
0 0.0673119 0.51892 0.0121588 0.0481077 0.54423
0 0.129808 0.400118 0.0121076 0.0504459 0.430835
0 0.131353 0.969761 0.0170019 0.0585276 0.404683
0 0.694569 0.626684 0.0111687 0.0562049 0.39787
0 0.056251 0.547736 0.0128769 0.0582385 0.379513
0 0.926779 0.768251 0.0189011 0.0483914 0.368073
9 0.0348985 0.201936 0.0145204 0.0354372 0.367012
0 0.705413 0.664632 0.0127298 0.0595195 0.362777
0 0.778925 0.558475 0.0127885 0.0514476 0.318799
