2 0.75839 0.345381 0.058307 0.057368 0.698349
2 0.130897 0.195573 0.0374418 0.0545998 0.658812
9 0.0352065 0.199306 0.0151584 0.0369092 0.62557
2 0.813877 0.362018 0.0443617 0.0712169 0.599185
0 0.943336 0.551462 0.0143867 0.0653688 0.560293
0 0.109017 0.536929 0.012475 0.0574493 0.5301
0 0.748711 0.657607 0.0145422 0.0696342 0.520275
0 0.540742 0.363554 0.0106569 0.0445991 0.516427
2 0.844873 0.421104 0.0381657 0.0576307 0.507372
2 0.868565 0.977889 0.0754684 0.0423848 0.484338
0 0.120405 0.535787 0.013159 0.0484146 0.414994
0 0.799515 0.597556 0.0146719 0.053609 0.337306
0 0.683299 0.620319 0.0120454 0.0526249 0.32738
0 0.823191 0.660884 0.0149408 0.062452 0.326413
0 0.147705 0.472668 0.0120754 0.0462313 0.324453
2 0.889014 0.462845 0.0783928 0.0834516 0.321829
0 0.777044 0.744692 0.017912 0.0602281 0.309322
0 0.793641 0.528847 0.0118334 0.0564994 0.286228
0 0.0804829 0.532388 0.015342 0.0667121 0.28417
0 0.814037 0.608758 0.0119949 0.0466699 0.278141
9 0.571126 0.227665 0.0128452 0.0432919 0.273251
5 0.540773 0.910471 0.31169 0.165625 0.268835
