2 0.247762 0.654937 0.100112 0.0869455 0.847251
2 0.108379 0.722228 0.0858655 0.105279 0.791899
2 0.528536 0.45873 0.0712353 0.0703402 0.779153
2 0.256223 0.255508 0.0430141 0.0691132 0.772141
2 0.167308 0.74864 0.109796 0.127825 0.753045
2 0.191978 0.318009 0.042533 0.0622476 0.72596
62 0.492006 0.131151 0.117868 0.134559 0.605003
0 0.769542 0.722959 0.018081 0.0697455 0.575669
0 0.0979131 0.489259 0.0146168 0.0599894 0.564076
2 0.221852 0.206208 0.042174 0.061662 0.520522
2 0.257324 0.197869 0.0399339 0.0616712 0.470657
2 0.670667 0.443895 0.0673628 0.0763747 0.468944
2 0.0248831 0.640696 0.0496776 0.0437689 0.468668
9 0.28792 0.795792 0.036734 0.050334 0.468387
9 0.154747 0.914924 0.00901394 0.0417662 0.45039
0 0.744924 0.698637 0.0130037 0.0564082 0.423688
2 0.755434 0.323148 0.0626459 0.0522181 0.418641
0 0.72847 0.671728 0.0133972 0.0497108 0.393101
9 0.188372 0.161068 0.0280551 0.0595731 0.391473
0 0.0851055 0.519131 0.0122209 0.0548479 0.384684
2 0.751843 0.453033 0.0542391 0.0773154 0.359838
2 0.781729 0.394625 0.043294 0.0541073 0.34163
0 0.169537 0.445841 0.0131215 0.0523782 0.340744
0 0.186508 0.434056 0.0130905 0.0699534 0.316774
0 0.407624 0.304852 0.0121655 0.0473191 0.308555
0 0.945461 0.623456 0.016083 0.0931907 0.282689
0 0.93231 0.64509 0.0129581 0.058086 0.25572
