2 0.268216 0.265116 0.0461298 0.0694261 0.734013
0 0.54617 0.475113 0.0151422 0.0584132 0.642104
0 0.168944 0.5035 0.0144974 0.0557476 0.634663
9 0.289945 0.803257 0.0342181 0.0340207 0.61656
62 0.491522 0.127394 0.117312 0.140073 0.526834
0 0.563391 0.520967 0.0121654 0.0532778 0.494527
0 0.0705223 0.614086 0.0143326 0.0586738 0.457637
0 0.310496 0.483374 0.0127054 0.0536366 0.456031
0 0.77845 0.66755 0.0111098 0.0565613 0.449778
0 0.305481 0.892788 0.0165815 0.0635312 0.439155
0 0.833157 0.686114 0.0167215 0.072654 0.421949
0 0.79701 0.688239 0.014131 0.0628916 0.420948
0 0.078041 0.562043 0.0117326 0.0512231 0.415305
9 0.735833 0.611707 0.0131125 0.0411297 0.411028
0 0.760658 0.643134 0.0119177 0.0441503 0.366008
0 0.868779 0.659873 0.0122612 0.0548717 0.359513
5 0.770885 0.266867 0.107342 0.11129 0.353006
0 0.690734 0.635201 0.0104821 0.0644545 0.319284
0 0.243869 0.891739 0.0144435 0.0661138 0.314737
0 0.921624 0.701109 0.0168125 0.0684992 0.303097
0 0.0902095 0.531158 0.0104306 0.0426387 0.296757
0 0.335814 0.389712 0.0135438 0.0533446 0.296481
0 0.844693 0.603195 0.0121769 0.0566961 0.288878
0 0.322949 0.389101 0.0106994 0.0435321 0.254303
0 0.198192 0.501177 0.0119829 0.0461039 0.251401
2 0.268216 0.265116 0.0461298 0.0694261 0.734013
0 0.54617 0.475113 0.0151422 0.0584132 0.642104
0 0.168944 0.5035 0.0144974 0.0557476 0.634663
9 0.289945 0.803257 0.0342181 0.0340207 0.61656
62 0.491522 0.127394 0.117312 0.140073 0.526834
0 0.563391 0.520967 0.0121654 0.0532778 0.494527
0 0.0705223 0.614086 0.0143326 0.0586738 0.457637
0 0.310496 0.483374 0.0127054 0.0536366 0.456031
0 0.77845 0.66755 0.0111098 0.0565613 0.449778
0 0.305481 0.892788 0.0165815 0.0635312 0.439155
0 0.833157 0.686114 0.0167215 0.072654 0.421949
0 0.79701 0.688239 0.014131 0.0628916 0.420948
0 0.078041 0.562043 0.0117326 0.0512231 0.415305
9 0.735833 0.611707 0.0131125 0.0411297 0.411028
0 0.760658 0.643134 0.0119177 0.0441503 0.366008
0 0.868779 0.659873 0.0122612 0.0548717 0.359513
5 0.770885 0.266867 0.107342 0.11129 0.353006
0 0.690734 0.635201 0.0104821 0.0644545 0.319284
0 0.243869 0.891739 0.0144435 0.0661138 0.314737
0 0.921624 0.701109 0.0168125 0.0684992 0.303097
0 0.0902095 0.531158 0.0104306 0.0426387 0.296757
0 0.335814 0.389712 0.0135438 0.0533446 0.296481
0 0.844693 0.603195 0.0121769 0.0566961 0.288878
0 0.322949 0.389101 0.0106994 0.0435321 0.254303
0 0.198192 0.501177 0.0119829 0.0461039 0.251401
