2 0.263438 0.639893 0.0863892 0.0948263 0.878235
2 0.448142 0.543851 0.0908789 0.0969283 0.82587
2 0.691189 0.436367 0.064268 0.0660667 0.813906
2 0.219021 0.282489 0.0344332 0.0609299 0.74748
2 0.797162 0.439293 0.0664335 0.0707864 0.737875
2 0.275431 0.2183 0.0409436 0.0540755 0.721534
2 0.206959 0.191941 0.0392779 0.052457 0.721274
2 0.241765 0.169447 0.0335397 0.0590051 0.710805
2 0.112681 0.0683331 0.0339153 0.0484699 0.622358
2 0.178053 0.146215 0.0385374 0.0568144 0.52126
2 0.465036 0.47248 0.0931698 0.0938224 0.470906
5 0.535323 0.290828 0.125884 0.0837404 0.44579
0 0.029744 0.568691 0.0104694 0.0519823 0.324854
2 0.19743 0.10659 0.0376312 0.053239 0.301388
2 0.086418 0.0425441 0.0266276 0.0409117 0.283615
0 0.695791 0.877329 0.0138569 0.0602122 0.270134
2 0.142544 0.110061 0.0318534 0.0504419 0.264232
