2 0.297004 0.634626 0.0838974 0.0748576 0.864114
2 0.140327 0.67369 0.100404 0.0816557 0.853264
2 0.212601 0.725019 0.108272 0.12729 0.828051
2 0.463045 0.605104 0.0809582 0.0943189 0.810205
2 0.0868587 0.740762 0.0679057 0.0972334 0.752049
2 0.220235 0.212976 0.0413641 0.0489566 0.706789
2 0.264329 0.426963 0.037815 0.0670473 0.596595
2 0.70837 0.420945 0.0660841 0.076178 0.526789
5 0.762417 0.262889 0.104625 0.126975 0.453247
0 0.133611 0.506389 0.0166616 0.0626894 0.426653
2 0.753186 0.355518 0.0671288 0.0475674 0.424435
2 0.312727 0.25187 0.0438637 0.0695813 0.421334
2 0.258344 0.201582 0.0416839 0.0597591 0.405392
2 0.258189 0.254795 0.0417311 0.0648978 0.389537
2 0.165703 0.0557446 0.0340264 0.0528635 0.384511
2 0.190052 0.167172 0.032359 0.044557 0.38211
62 0.492518 0.13838 0.117729 0.130903 0.380617
9 0.155458 0.915839 0.00907989 0.0411938 0.336213
9 0.289627 0.795976 0.0361912 0.0514682 0.323583
0 0.0831426 0.5189 0.0121474 0.0583645 0.306433
2 0.160054 0.189646 0.0363153 0.0581523 0.289161
