2 0.317165 0.319463 0.0439159 0.0692336 0.823804
0 0.770451 0.720433 0.015083 0.0615926 0.730797
2 0.224111 0.390686 0.0358645 0.0701591 0.659335
2 0.920102 0.963376 0.0868607 0.070499 0.643663
0 0.656612 0.856985 0.013541 0.06822 0.560652
0 0.724287 0.66065 0.0140165 0.0634618 0.551395
0 0.364462 0.942962 0.0305942 0.0938802 0.506239
0 0.147149 0.471496 0.0115133 0.0510754 0.497028
0 0.135754 0.971895 0.0147055 0.0546705 0.480424
0 0.855504 0.502616 0.0169762 0.0606074 0.470452
0 0.111163 0.973569 0.020253 0.0525068 0.429048
9 0.155254 0.913029 0.008742 0.0389865 0.388052
0 0.12097 0.525621 0.0155345 0.0568654 0.351999
0 0.170806 0.425404 0.0121285 0.0546305 0.34731
9 0.0352703 0.201034 0.014829 0.0345949 0.318372
0 0.613396 0.344965 0.0105968 0.0463012 0.2892
0 0.794483 0.528365 0.0129284 0.0609545 0.288789
0 0.153788 0.980415 0.0159203 0.0390042 0.283766
0 0.751439 0.668431 0.0130114 0.067844 0.280287
9 0.571604 0.227143 0.013236 0.0432688 0.265452
0 0.876508 0.946457 0.0236935 0.0657145 0.25283
