5 0.627627 0.668124 0.116262 0.19265 0.919102
2 0.286265 0.295575 0.039104 0.0647411 0.81136
2 0.464743 0.490719 0.0575577 0.091677 0.775295
2 0.363564 0.323561 0.0507837 0.0755488 0.747241
2 0.230816 0.213816 0.0446941 0.0738259 0.72496
2 0.283362 0.197791 0.0391006 0.0498004 0.693988
2 0.510225 0.397297 0.0709442 0.0656433 0.686283
7 0.100255 0.841959 0.101335 0.14803 0.633014
0 0.364177 0.945174 0.0322626 0.093297 0.528058
2 0.116848 0.230755 0.037633 0.051451 0.523113
5 0.126663 0.0774513 0.0788075 0.116187 0.466235
5 0.542094 0.914623 0.313979 0.161127 0.456309
5 0.0225567 0.120727 0.0446809 0.237073 0.398144
62 0.49224 0.134645 0.11992 0.140435 0.363728
9 0.73612 0.618326 0.0119093 0.0436106 0.337034
