0 0.122065 0.50624 0.0124524 0.0553856 0.657424
0 0.0588597 0.518964 0.0116309 0.0507853 0.551687
0 0.990535 0.500256 0.0160133 0.0533519 0.52002
0 0.760823 0.65552 0.0161488 0.0590661 0.516635
0 0.747605 0.698393 0.0102953 0.0571192 0.498315
9 0.0348791 0.200219 0.0135456 0.036281 0.447508
0 0.146085 0.490521 0.0129016 0.0507629 0.429296
0 0.729842 0.702901 0.0135677 0.0624108 0.398757
0 0.679014 0.862384 0.0137699 0.0602841 0.372619
0 0.364653 0.940326 0.0326816 0.0906477 0.276096
9 0.155469 0.913885 0.00818224 0.0395813 0.267691
0 0.0442853 0.515276 0.010882 0.048773 0.259825
