2 0.158788 0.721886 0.0961794 0.102065 0.829623
2 0.269992 0.260999 0.0439888 0.0669954 0.761404
2 0.152997 0.106391 0.0370744 0.0566841 0.717517
2 0.429368 0.606242 0.0969932 0.109305 0.695335
62 0.491716 0.13195 0.11862 0.139876 0.662718
2 0.196197 0.161529 0.0367902 0.0601309 0.629557
2 0.230003 0.219117 0.0414775 0.065438 0.623868
2 0.087924 0.0368109 0.0330718 0.050963 0.557841
2 0.291331 0.227787 0.0414099 0.0618189 0.494463
0 0.530685 0.363415 0.0126622 0.0525304 0.493766
2 0.0330736 0.593781 0.0661472 0.077958 0.454832
0 0.0839768 0.504219 0.0104011 0.0555786 0.416304
9 0.141979 0.25139 0.012734 0.0515717 0.368459
2 0.544802 0.453296 0.0672299 0.0579649 0.349648
9 0.386651 0.225889 0.0114025 0.0377734 0.337022
9 0.0484524 0.0917466 0.0212577 0.0517291 0.324697
3 0.512214 0.521171 0.0776491 0.0966437 0.254205
