2 0.689517 0.796158 0.0854669 0.121873 0.812232
2 0.822442 0.879308 0.0907738 0.136047 0.792109
2 0.265405 0.267385 0.0439616 0.0673094 0.749028
2 0.538502 0.386973 0.0746914 0.0639553 0.726676
2 0.268089 0.611951 0.0373915 0.0786331 0.663837
62 0.491602 0.129757 0.117843 0.144041 0.58478
0 0.0306442 0.550463 0.0147785 0.0696442 0.486085
7 0.258114 0.891632 0.0480741 0.111891 0.482256
9 0.287006 0.797307 0.032793 0.0522 0.451578
0 0.119128 0.272439 0.0167183 0.074379 0.373496
9 0.145512 0.262198 0.0218467 0.0687706 0.332801
0 0.438085 0.333152 0.0122763 0.0432875 0.312421
0 0.158354 0.365648 0.0132606 0.0608774 0.301068
0 0.863762 0.628735 0.011887 0.0571587 0.299301
0 0.0671012 0.511714 0.0135106 0.0599765 0.297111
9 0.58346 0.286089 0.0134855 0.0369703 0.296527
9 0.73545 0.618891 0.0167963 0.0596493 0.295746
2 0.689517 0.796158 0.0854669 0.121873 0.812232
2 0.822442 0.879308 0.0907738 0.136047 0.792109
2 0.265405 0.267385 0.0439616 0.0673094 0.749028
2 0.538502 0.386973 0.0746914 0.0639553 0.726676
2 0.268089 0.611951 0.0373915 0.0786331 0.663837
62 0.491602 0.129757 0.117843 0.144041 0.58478
0 0.0306442 0.550463 0.0147785 0.0696442 0.486085
7 0.258114 0.891632 0.0480741 0.111891 0.482256
9 0.287006 0.797307 0.032793 0.0522 0.451578
0 0.119128 0.272439 0.0167183 0.074379 0.373496
9 0.145512 0.262198 0.0218467 0.0687706 0.332801
0 0.438085 0.333152 0.0122763 0.0432875 0.312421
0 0.158354 0.365648 0.0132606 0.0608774 0.301068
0 0.863762 0.628735 0.011887 0.0571587 0.299301
0 0.0671012 0.511714 0.0135106 0.0599765 0.297111
9 0.58346 0.286089 0.0134855 0.0369703 0.296527
9 0.73545 0.618891 0.0167963 0.0596493 0.295746
