2 0.169973 0.227347 0.0359886 0.0498538 0.758708
2 0.187056 0.160768 0.0396838 0.069037 0.690955
2 0.274727 0.267772 0.0533491 0.0920149 0.689539
2 0.132716 0.177021 0.03862 0.0591986 0.683112
2 0.144411 0.110602 0.0348505 0.0442386 0.629496
0 0.705118 0.881719 0.014859 0.0616645 0.545826
7 0.214861 0.2528 0.0522664 0.0970913 0.545599
62 0.492079 0.130792 0.117581 0.129901 0.484309
0 0.365272 0.942713 0.0326863 0.0899345 0.386087
0 0.917085 0.916825 0.0144356 0.0679791 0.360163
0 0.819459 0.776252 0.0207672 0.113243 0.341554
