2 0.25212 0.244588 0.0405878 0.0584928 0.813086
2 0.30619 0.242355 0.0440087 0.0661163 0.743966
2 0.152609 0.0783112 0.0315319 0.0516254 0.721199
2 0.255971 0.180695 0.0402963 0.0574955 0.62626
2 0.166745 0.136468 0.036419 0.0611688 0.618286
2 0.809373 0.434531 0.0667538 0.070767 0.579542
9 0.289249 0.794702 0.0396024 0.0533754 0.528268
9 0.155557 0.912904 0.00871081 0.0388475 0.509067
0 0.715414 0.680613 0.0143782 0.0650386 0.488029
0 0.763731 0.629468 0.0169394 0.0731378 0.439401
2 0.206623 0.185124 0.0389031 0.0634093 0.412714
2 0.812832 0.38392 0.0565339 0.0550557 0.40934
9 0.734859 0.612193 0.0147987 0.0449063 0.333455
9 0.571797 0.226757 0.016016 0.0472529 0.312945
0 0.363023 0.942097 0.0292759 0.0900755 0.298575
9 0.5835 0.284747 0.0175097 0.0453823 0.296665
62 0.491685 0.125203 0.118098 0.138078 0.261017
