2 0.281921 0.287986 0.0396517 0.0579115 0.802005
2 0.201517 0.184308 0.0393825 0.0641868 0.737971
62 0.492423 0.136296 0.117645 0.142577 0.588815
2 0.268483 0.178351 0.0450295 0.07191 0.583973
9 0.287017 0.795725 0.0354599 0.0521305 0.411745
2 0.684348 0.755159 0.0982026 0.154326 0.402427
0 0.633987 0.571311 0.0129662 0.0569327 0.385284
2 0.409363 0.441623 0.0361617 0.0734432 0.37417
0 0.794026 0.303046 0.0143563 0.0656804 0.333497
0 0.364635 0.947287 0.0342082 0.0987391 0.290847
7 0.683984 0.755012 0.0977718 0.15416 0.288966
9 0.155024 0.915663 0.00899231 0.0409524 0.26545
9 0.735768 0.612915 0.0126748 0.0437173 0.260264
2 0.399168 0.431094 0.0538618 0.096081 0.257814
0 0.675378 0.85988 0.0164177 0.0505914 0.250452
