5 0.199019 0.645217 0.133256 0.154857 0.925258
2 0.433311 0.579001 0.0918682 0.0787415 0.853335
2 0.217384 0.307308 0.0427748 0.0568503 0.808007
5 0.753825 0.311497 0.0843388 0.0785197 0.7958
2 0.214557 0.518382 0.0621782 0.0739553 0.788821
2 0.3081 0.251165 0.0444675 0.0566601 0.776119
2 0.184069 0.157471 0.0419947 0.0605227 0.663224
2 0.810897 0.329061 0.0470081 0.0520843 0.613308
2 0.214562 0.197398 0.0390859 0.0589743 0.570117
2 0.744939 0.403588 0.0655397 0.0616891 0.544935
5 0.147705 0.260027 0.0637675 0.112745 0.529712
5 0.536103 0.291875 0.130982 0.0857697 0.527349
2 0.0553431 0.640407 0.0468147 0.0508479 0.481641
2 0.813485 0.288784 0.0473368 0.0444749 0.416932
2 0.146309 0.106391 0.0365109 0.0602599 0.365064
2 0.117064 0.0699365 0.0365355 0.0591529 0.36482
2 0.0464328 0.0385677 0.0267937 0.0399222 0.351061
2 0.0839535 0.0248771 0.0286542 0.0475527 0.339982
0 0.669913 0.623547 0.013573 0.0545803 0.296401
62 0.492204 0.128299 0.117434 0.137658 0.271939
2 0.10475 0.11516 0.0510506 0.0590979 0.258994
