2 0.2717 0.282751 0.0479339 0.0622092 0.790976
2 0.295897 0.249081 0.0480884 0.0637046 0.749142
2 0.0592315 0.591852 0.0969954 0.0728583 0.717096
2 0.189389 0.0893114 0.037077 0.0469321 0.711564
2 0.198975 0.142976 0.040845 0.0578349 0.706021
2 0.249073 0.200242 0.0439297 0.0603324 0.630962
0 0.364668 0.938824 0.0301665 0.0831421 0.590501
2 0.260885 0.171346 0.0386651 0.0585633 0.562088
9 0.155842 0.910986 0.00868719 0.040742 0.534844
0 0.783105 0.562494 0.0127448 0.0453716 0.499786
9 0.289258 0.795205 0.0381614 0.0499115 0.449725
9 0.736153 0.608613 0.0126829 0.0384978 0.434095
0 0.40585 0.31332 0.0128941 0.0451783 0.408609
0 0.0201128 0.491019 0.012733 0.0669339 0.378401
2 0.666093 0.953819 0.115435 0.0893862 0.377432
9 0.142499 0.248875 0.0132737 0.0498581 0.337402
9 0.117542 0.267642 0.01357 0.0319951 0.319542
0 0.137945 0.502237 0.0166459 0.0562366 0.291486
0 0.556096 0.645518 0.0152887 0.0487968 0.286202
0 0.151247 0.50158 0.0151013 0.0528008 0.278474
0 0.158044 0.791043 0.0147175 0.0645332 0.273821
62 0.492062 0.125219 0.117747 0.141005 0.271186
9 0.572859 0.226665 0.0176138 0.0464817 0.269925
0 0.636189 0.549887 0.0150702 0.0626534 0.263786
