2 0.802677 0.290146 0.066135 0.0676384 0.723673
2 0.841067 0.439525 0.0676094 0.0651961 0.70269
2 0.136815 0.881693 0.0936432 0.105314 0.675665
0 0.789071 0.764402 0.013959 0.0590469 0.642317
2 0.704533 0.331479 0.0652729 0.0827643 0.589461
5 0.0224565 0.119498 0.0441969 0.234538 0.521615
5 0.207201 0.295995 0.0444685 0.0725382 0.511193
0 0.86919 0.672874 0.0137264 0.0611782 0.492302
0 0.96229 0.604347 0.0150192 0.0544679 0.490164
2 0.204332 0.148363 0.0399319 0.054372 0.485468
0 0.760468 0.514294 0.0104052 0.0483666 0.411969
0 0.0684754 0.554108 0.0137561 0.0560159 0.410589
0 0.156618 0.45849 0.0151218 0.0653448 0.374037
0 0.176758 0.434784 0.0134241 0.0738525 0.371188
9 0.288022 0.794609 0.032343 0.0532813 0.355031
2 0.207337 0.29539 0.0441953 0.0733587 0.342397
9 0.122326 0.372887 0.0107009 0.0323555 0.320882
0 0.895066 0.615708 0.012891 0.0532044 0.31958
0 0.872433 0.619974 0.0134508 0.0548828 0.310088
9 0.57132 0.227215 0.0129362 0.0434188 0.287601
0 0.403728 0.29611 0.0117371 0.0507318 0.278252
9 0.141717 0.250288 0.00949609 0.0500858 0.265784
0 0.14213 0.464981 0.0103067 0.0405844 0.25886
0 0.783502 0.511568 0.00936108 0.0511081 0.25737
0 0.0797286 0.553882 0.0129076 0.056154 0.255107
