5 0.561303 0.910737 0.226076 0.175958 0.900458
2 0.802759 0.919852 0.0896032 0.137438 0.775372
2 0.182719 0.225218 0.0390791 0.0553562 0.76962
2 0.113076 0.132309 0.0332126 0.0516188 0.747313
2 0.166338 0.13266 0.0397471 0.0579009 0.729378
2 0.105354 0.0386957 0.0340941 0.0516716 0.702336
2 0.813194 0.29186 0.0472044 0.0574128 0.552646
2 0.260222 0.177097 0.0384469 0.0556266 0.490229
5 0.534681 0.292243 0.129547 0.0895532 0.455321
0 0.173487 0.845671 0.0173739 0.079286 0.358668
5 0.47877 0.931836 0.190258 0.133915 0.335805
62 0.49243 0.129454 0.117558 0.134015 0.283492
2 0.212114 0.213069 0.0274802 0.0429602 0.274546
5 0.0225072 0.119768 0.0445622 0.236342 0.267316
0 0.285651 0.869484 0.0178401 0.0588877 0.256004
