5 0.502604 0.453443 0.187368 0.163681 0.945908
5 0.246223 0.214703 0.084819 0.154676 0.872189
2 0.29739 0.234014 0.0353198 0.0587633 0.810779
5 0.0851537 0.0697443 0.067926 0.117119 0.752982
2 0.186398 0.155856 0.0413088 0.0700784 0.72755
2 0.753356 0.321023 0.0694922 0.0644383 0.668004
2 0.147486 0.11564 0.0390327 0.0481768 0.659345
2 0.18804 0.104627 0.0353973 0.0519997 0.524304
5 0.537926 0.287091 0.126829 0.0764885 0.484804
5 0.764985 0.256874 0.108412 0.123109 0.378147
9 0.155761 0.914421 0.00854385 0.0409544 0.371616
