2 0.304847 0.245881 0.0434381 0.0672173 0.769139
0 0.159154 0.413046 0.0132565 0.0578288 0.620327
2 0.222487 0.223051 0.0424737 0.0595521 0.595248
9 0.289594 0.794972 0.0376097 0.0497531 0.528455
9 0.155774 0.91097 0.010077 0.0434606 0.456032
0 0.366234 0.942465 0.0346879 0.0933607 0.408873
0 0.550084 0.727035 0.0162862 0.0706728 0.392296
9 0.624984 0.248929 0.0204273 0.0730361 0.352187
2 0.0349493 0.598253 0.0698987 0.0795341 0.322839
0 0.905969 0.771166 0.0183308 0.0671997 0.30812
9 0.73544 0.613098 0.0161514 0.0463218 0.29665
9 0.117566 0.266744 0.014806 0.0348506 0.294696
2 0.268937 0.263727 0.0212311 0.0414959 0.261598
9 0.189863 0.906022 0.0188006 0.0578071 0.260334
5 0.806344 0.412236 0.0763279 0.121829 0.259492
9 0.571326 0.225601 0.0150494 0.045816 0.254972
