2 0.134791 0.0494819 0.0367634 0.0553889 0.714073
2 0.823173 0.877356 0.0892084 0.134015 0.698202
0 0.955936 0.686901 0.0144463 0.0674808 0.522102
2 0.81586 0.363573 0.0415808 0.0712955 0.506785
0 0.472192 0.702966 0.0181971 0.0650408 0.47631
0 0.485253 0.804537 0.0141651 0.0624474 0.455997
0 0.532515 0.648435 0.0201382 0.0555956 0.441627
0 0.303269 0.863213 0.0122055 0.05918 0.441463
62 0.492071 0.126929 0.117059 0.140415 0.411175
0 0.3908 0.792237 0.0177958 0.0698357 0.399579
9 0.735224 0.616803 0.0156485 0.0495751 0.37677
9 0.288713 0.803985 0.0379306 0.0360569 0.368747
9 0.292797 0.804829 0.0268462 0.0320706 0.34045
0 0.798343 0.582634 0.0126276 0.0607041 0.334229
0 0.754358 0.560024 0.0123348 0.0543597 0.321286
0 0.111375 0.602054 0.0152224 0.0566557 0.278365
0 0.70647 0.728341 0.0164452 0.0701379 0.273245
2 0.134791 0.0494819 0.0367634 0.0553889 0.714073
2 0.823173 0.877356 0.0892084 0.134015 0.698202
0 0.955936 0.686901 0.0144463 0.0674808 0.522102
2 0.81586 0.363573 0.0415808 0.0712955 0.506785
0 0.472192 0.702966 0.0181971 0.0650408 0.47631
0 0.485253 0.804537 0.0141651 0.0624474 0.455997
0 0.532515 0.648435 0.0201382 0.0555956 0.441627
0 0.303269 0.863213 0.0122055 0.05918 0.441463
62 0.492071 0.126929 0.117059 0.140415 0.411175
0 0.3908 0.792237 0.0177958 0.0698357 0.399579
9 0.735224 0.616803 0.0156485 0.0495751 0.37677
9 0.288713 0.803985 0.0379306 0.0360569 0.368747
9 0.292797 0.804829 0.0268462 0.0320706 0.34045
0 0.798343 0.582634 0.0126276 0.0607041 0.334229
0 0.754358 0.560024 0.0123348 0.0543597 0.321286
0 0.111375 0.602054 0.0152224 0.0566557 0.278365
0 0.70647 0.728341 0.0164452 0.0701379 0.273245
