2 0.265187 0.697396 0.0468219 0.105017 0.738241
2 0.179783 0.274509 0.0356801 0.0590775 0.68741
0 0.759592 0.690627 0.0133747 0.0622464 0.559542
9 0.142145 0.250597 0.0119722 0.0523003 0.545522
2 0.216636 0.151189 0.0401624 0.0549348 0.494428
0 0.834261 0.585856 0.0154236 0.0699525 0.469552
0 0.822749 0.577361 0.0142025 0.0617076 0.449297
0 0.0929649 0.513851 0.0119725 0.0582595 0.434813
0 0.862184 0.687444 0.0166496 0.064464 0.404623
2 0.281622 0.961823 0.0411737 0.0758296 0.400709
9 0.155701 0.912102 0.00945086 0.0427514 0.387395
9 0.582601 0.287428 0.0156178 0.0355598 0.375452
9 0.117185 0.268003 0.0141693 0.0334535 0.369071
0 0.445286 0.326711 0.0130843 0.0539334 0.314125
62 0.492175 0.12842 0.117291 0.140515 0.275736
0 0.0856674 0.522321 0.0130587 0.0533915 0.256551
