2 0.803398 0.376712 0.0567631 0.06444 0.747803
9 0.0343134 0.200372 0.015053 0.0396761 0.639064
2 0.196687 0.119684 0.0363149 0.0569255 0.583467
0 0.361209 0.847035 0.0136824 0.0703595 0.502552
62 0.491353 0.125632 0.118245 0.136629 0.493139
0 0.455401 0.460755 0.0165515 0.0550867 0.476042
0 0.0152381 0.585941 0.0140437 0.0585887 0.44083
0 0.283202 0.529684 0.021408 0.0864564 0.39178
0 0.657039 0.728904 0.017985 0.0741815 0.383823
0 0.392234 0.321675 0.0116527 0.052708 0.379569
0 0.488843 0.50263 0.016056 0.0503871 0.366641
2 0.848976 0.423144 0.0302559 0.0536057 0.362961
0 0.309703 0.936339 0.0135386 0.0754539 0.332897
0 0.335345 0.896485 0.0274842 0.0641339 0.327861
0 0.341154 0.836833 0.0116779 0.0530134 0.311369
9 0.571874 0.228803 0.0145185 0.0429126 0.306459
0 0.0776588 0.550277 0.0106875 0.0534211 0.305818
0 0.89534 0.825867 0.0124393 0.0617601 0.298896
0 0.14614 0.452189 0.014542 0.0506734 0.262461
