2 0.143544 0.706856 0.101143 0.113996 0.871375
2 0.21687 0.479185 0.058495 0.0726763 0.827599
2 0.242915 0.62036 0.0871276 0.0842401 0.821664
2 0.200055 0.177666 0.0361396 0.0566725 0.753726
2 0.355715 0.612509 0.0748977 0.0824588 0.735656
2 0.248218 0.239721 0.0413658 0.0659684 0.704123
2 0.314811 0.246281 0.0426221 0.0596291 0.664421
2 0.78861 0.313202 0.0598145 0.0590866 0.627581
5 0.0227476 0.123585 0.0448927 0.240302 0.555661
9 0.289392 0.795897 0.0377918 0.0522037 0.552759
2 0.151224 0.278891 0.0391062 0.0572417 0.545323
62 0.492114 0.132248 0.117618 0.138993 0.525789
0 0.706284 0.8768 0.0142742 0.0587107 0.520232
2 0.717652 0.430158 0.0737587 0.0649946 0.385309
2 0.170707 0.145634 0.0333656 0.0484432 0.317697
0 0.170033 0.432609 0.0175045 0.088107 0.286286
0 0.868992 0.690515 0.0111954 0.0541704 0.266771
