5 0.249923 0.579662 0.196813 0.181144 0.935053
2 0.633782 0.466955 0.0666657 0.0722565 0.826982
2 0.330228 0.614021 0.0847185 0.0885059 0.790707
2 0.162677 0.556906 0.0772746 0.0739899 0.753056
2 0.548889 0.42559 0.0678061 0.0687163 0.730742
7 0.242373 0.295457 0.0812771 0.160973 0.609481
3 0.116265 0.720537 0.0478439 0.067308 0.513088
7 0.181919 0.130903 0.0772784 0.147724 0.50128
62 0.492743 0.137087 0.117148 0.142231 0.501241
9 0.155444 0.915663 0.00893521 0.0415561 0.49795
2 0.262118 0.194899 0.0398571 0.0601489 0.456249
5 0.767333 0.260933 0.109837 0.125754 0.427547
5 0.182397 0.130834 0.0768985 0.148947 0.374888
2 0.307141 0.250328 0.0433537 0.0644202 0.37415
2 0.0792096 0.0318154 0.0318418 0.0490281 0.364387
0 0.666829 0.644925 0.0129 0.0502689 0.355786
9 0.288335 0.79528 0.0356256 0.0540073 0.348395
2 0.798095 0.388635 0.0572304 0.0586639 0.332585
