0 0.772632 0.721711 0.0126034 0.0659965 0.630485
2 0.0991459 0.114667 0.0236105 0.0440558 0.616341
0 0.0728135 0.526682 0.0143283 0.0732842 0.615453
0 0.828262 0.726505 0.0147654 0.0582399 0.566611
0 0.153134 0.461909 0.00966904 0.051356 0.507499
0 0.815796 0.68739 0.0152229 0.0641649 0.501846
0 0.182099 0.447763 0.0127198 0.04884 0.501291
5 0.0647309 0.402535 0.129275 0.178587 0.462489
0 0.74659 0.646436 0.0165733 0.0645004 0.417032
0 0.790169 0.763643 0.0190115 0.0558234 0.373471
5 0.249059 0.233492 0.0497445 0.0852909 0.367488
0 0.932243 0.894567 0.0145401 0.0614861 0.365446
0 0.966189 0.593392 0.0144545 0.0496957 0.359448
9 0.0351748 0.200949 0.0153858 0.0384307 0.349209
2 0.249141 0.233346 0.0498493 0.0853103 0.338376
0 0.903791 0.683994 0.0147104 0.0733521 0.331663
0 0.835764 0.570934 0.0151009 0.0514455 0.331223
0 0.87171 0.537705 0.0128277 0.0587989 0.267728
