2 0.838142 0.441282 0.066135 0.0657394 0.690576
2 0.694995 0.807511 0.0856619 0.125969 0.66873
0 0.894245 0.597867 0.0114531 0.0553104 0.608538
7 0.82691 0.863024 0.111934 0.172826 0.584573
0 0.728329 0.671247 0.0134691 0.060789 0.545999
0 0.888581 0.673328 0.0156929 0.064758 0.503679
5 0.811558 0.278262 0.0481347 0.0807489 0.492585
7 0.157211 0.200587 0.0678924 0.0973809 0.471159
0 0.0424378 0.580668 0.0166407 0.0627294 0.461339
9 0.735622 0.60978 0.00819092 0.0295875 0.426293
0 0.833175 0.788194 0.0120285 0.0347883 0.406268
0 0.714388 0.669076 0.0125658 0.0565179 0.40355
0 0.716382 0.669546 0.0103535 0.0584067 0.370162
9 0.0344406 0.201863 0.0133602 0.0403043 0.348446
0 0.180305 0.423212 0.0101483 0.0501887 0.341083
0 0.697367 0.622678 0.0152786 0.0585817 0.332818
0 0.786866 0.748891 0.0119139 0.0598099 0.314311
9 0.155828 0.912412 0.00870013 0.041094 0.314009
0 0.857734 0.601202 0.0125532 0.0511392 0.303976
9 0.288074 0.794509 0.0325988 0.0510344 0.303376
0 0.112102 0.457894 0.0140257 0.0596993 0.290961
0 0.0980481 0.50874 0.0146862 0.0633313 0.285263
0 0.147942 0.458401 0.0188412 0.0708543 0.283903
0 0.135852 0.487729 0.012641 0.0575409 0.283823
9 0.571321 0.226988 0.0130898 0.0444618 0.27404
0 0.873031 0.599842 0.012166 0.051484 0.265846
7 0.166945 0.201137 0.048431 0.0950395 0.255218
