5 0.613622 0.897259 0.233471 0.2015 0.934607
5 0.857053 0.923431 0.269199 0.147564 0.823924
5 0.141361 0.0887735 0.074047 0.118201 0.809639
2 0.26919 0.270277 0.0464527 0.0620307 0.733633
2 0.223081 0.207498 0.0380212 0.0618412 0.733244
2 0.189631 0.164106 0.0418212 0.0666092 0.681514
5 0.811541 0.383977 0.0644592 0.128349 0.663912
2 0.772231 0.361125 0.0558737 0.0534784 0.531969
62 0.491311 0.13171 0.118767 0.137733 0.528561
2 0.713803 0.383689 0.062129 0.0568418 0.523702
0 0.514676 0.840569 0.0153091 0.0589527 0.40464
