5 0.549628 0.904948 0.230622 0.185788 0.897229
2 0.180534 0.681646 0.0805937 0.0855201 0.874597
2 0.266985 0.262732 0.0497839 0.0697092 0.864552
2 0.272071 0.679109 0.0902403 0.0992311 0.84153
2 0.378753 0.582627 0.0935751 0.106374 0.834773
2 0.78754 0.925096 0.093092 0.142018 0.801113
2 0.503661 0.45182 0.0705259 0.0686162 0.794867
2 0.1257 0.614484 0.0879263 0.0748502 0.746273
5 0.276306 0.19247 0.0806539 0.149432 0.703859
2 0.192053 0.171258 0.0368373 0.0617117 0.701351
2 0.689757 0.431591 0.0723359 0.0661048 0.6964
2 0.75594 0.365851 0.053187 0.0586249 0.651499
2 0.228317 0.222222 0.038109 0.0576096 0.649932
2 0.150193 0.112106 0.0309613 0.0569775 0.543839
9 0.40345 0.431448 0.0126986 0.0499898 0.538925
2 0.392947 0.524067 0.0642481 0.0578372 0.536725
0 0.677888 0.722519 0.0125281 0.0605591 0.509467
2 0.0983214 0.0523772 0.0387042 0.0497469 0.491364
2 0.813275 0.294532 0.0477671 0.0567282 0.449003
62 0.492684 0.129183 0.117894 0.136567 0.44074
0 0.456391 0.628287 0.0155592 0.0641598 0.407599
3 0.386189 0.643648 0.0254006 0.0529248 0.394398
2 0.16407 0.0687604 0.0459128 0.0446067 0.38081
2 0.222215 0.161132 0.0325737 0.0639158 0.369023
0 0.231243 0.849039 0.0177431 0.068643 0.306872
