2 0.458765 0.459992 0.0749981 0.0780735 0.856712
2 0.392056 0.590032 0.0860763 0.101577 0.834207
2 0.652003 0.463359 0.080827 0.0952539 0.807381
2 0.30594 0.248828 0.0444561 0.0632123 0.802157
2 0.191806 0.264579 0.0403649 0.0573273 0.783431
2 0.719771 0.376055 0.0647684 0.0609827 0.745334
2 0.143588 0.201098 0.0399005 0.049163 0.739941
2 0.179409 0.156198 0.042149 0.063344 0.690934
2 0.267401 0.186889 0.0367778 0.0592687 0.687935
2 0.217253 0.143 0.0414315 0.0654555 0.668879
2 0.192756 0.681836 0.0998696 0.115659 0.61375
2 0.142947 0.110677 0.0341499 0.0523764 0.572696
0 0.697891 0.874835 0.0158863 0.0618429 0.437902
5 0.53575 0.288133 0.124198 0.0755586 0.388071
2 0.116589 0.0725281 0.0335189 0.0490629 0.384336
5 0.0229364 0.12364 0.045389 0.24409 0.275011
5 0.764073 0.261315 0.112923 0.13212 0.264601
2 0.0934113 0.129919 0.0298566 0.0408473 0.26239
