7 0.639357 0.702307 0.101893 0.195733 0.903366
2 0.152372 0.905162 0.093667 0.105909 0.807532
9 0.142245 0.250663 0.0132679 0.0530415 0.532534
0 0.538406 0.354565 0.0120424 0.0449525 0.526545
2 0.694526 0.389529 0.0484223 0.0583247 0.502758
9 0.286654 0.798353 0.0336966 0.0542582 0.411596
0 0.388589 0.313244 0.0085186 0.0438642 0.405564
9 0.117265 0.268346 0.0146279 0.0339323 0.397192
9 0.734812 0.61286 0.0141109 0.0454144 0.392951
9 0.624206 0.24818 0.020817 0.0661519 0.363514
0 0.773682 0.577595 0.0114759 0.0509369 0.36308
2 0.6567 0.359927 0.0598063 0.0583338 0.346173
9 0.583184 0.28814 0.0145454 0.0329389 0.3054
0 0.795163 0.69252 0.0120999 0.0650788 0.297288
0 0.783651 0.696286 0.0137276 0.0722388 0.264887
9 0.870259 0.431108 0.00942612 0.0339517 0.254979
0 0.0229597 0.537042 0.0194587 0.0559262 0.252813
