2 0.174979 0.677924 0.106599 0.112826 0.874112
2 0.51471 0.515909 0.0897865 0.097996 0.856607
2 0.20491 0.494549 0.066943 0.0832514 0.800629
2 0.223641 0.294831 0.0446446 0.0568427 0.770964
2 0.230999 0.359575 0.0336966 0.0640986 0.671769
2 0.365634 0.542294 0.0758568 0.0743388 0.625224
2 0.304515 0.243138 0.0414436 0.0624583 0.603516
2 0.254546 0.184734 0.0395925 0.0616084 0.571538
62 0.491889 0.135485 0.117815 0.142194 0.516897
2 0.811744 0.274856 0.0433193 0.0749173 0.514827
9 0.288551 0.795942 0.034931 0.0523229 0.490235
2 0.157832 0.199469 0.0401483 0.0493292 0.473206
2 0.728632 0.330659 0.0606767 0.0569599 0.422146
9 0.735706 0.612738 0.0146721 0.0504141 0.419278
9 0.156087 0.917039 0.00926569 0.0381195 0.315038
5 0.0226272 0.121578 0.0443359 0.236971 0.303554
2 0.117228 0.23701 0.0398227 0.0626982 0.288499
9 0.583731 0.286231 0.010694 0.0308766 0.286533
