2 0.295677 0.240778 0.0458765 0.0604089 0.833601
2 0.641926 0.706122 0.0577728 0.102009 0.767773
5 0.0638682 0.405085 0.127576 0.174115 0.619562
0 0.769652 0.72677 0.0139734 0.0654156 0.575197
0 0.133208 0.484545 0.0122921 0.0513859 0.472034
0 0.962583 0.500396 0.0139145 0.0559575 0.443597
0 0.0723075 0.539262 0.0148229 0.0675761 0.395296
0 0.955377 0.672092 0.0147558 0.0558407 0.310136
0 0.172014 0.458059 0.010999 0.0551589 0.301285
0 0.993612 0.595762 0.0120173 0.0676244 0.299823
0 0.120175 0.549409 0.0172357 0.0475315 0.283429
0 0.535484 0.336947 0.009828 0.0428671 0.263284
