2 0.229712 0.214194 0.044217 0.0679905 0.82389
2 0.261706 0.266397 0.0415626 0.067918 0.807059
2 0.106282 0.103056 0.0263231 0.0473145 0.62972
0 0.135329 0.453424 0.0129053 0.0532416 0.565316
0 0.365216 0.944193 0.0331428 0.0988322 0.470031
5 0.110413 0.191071 0.0398466 0.0933445 0.465989
0 0.812007 0.749792 0.0149506 0.0641235 0.465386
2 0.0584689 0.139852 0.0335239 0.0431073 0.411622
0 0.131118 0.91146 0.0157432 0.0723897 0.410042
0 0.761228 0.704379 0.0128838 0.057921 0.39453
0 0.126104 0.491671 0.0121545 0.0522736 0.393064
0 0.751801 0.674653 0.0136904 0.0572857 0.36369
0 0.171223 0.429 0.00880523 0.0521515 0.34062
0 0.963066 0.690009 0.0141521 0.0478964 0.328568
0 0.787255 0.756171 0.015765 0.0643707 0.278045
0 0.783572 0.675806 0.0132835 0.051426 0.269473
9 0.155799 0.911833 0.00925183 0.0424271 0.260422
0 0.815194 0.577262 0.0132423 0.0566456 0.250878
