2 0.530028 0.400176 0.0733288 0.0696306 0.783308
2 0.378776 0.333726 0.056564 0.0985527 0.655934
2 0.18918 0.0892997 0.0378585 0.0459857 0.629367
9 0.142295 0.250037 0.0121267 0.0526585 0.572142
2 0.854804 0.912212 0.0868408 0.142886 0.541559
0 0.153218 0.462969 0.0161681 0.0735214 0.52768
9 0.156559 0.910204 0.0100911 0.0455983 0.499509
0 0.802424 0.54297 0.0119926 0.0597872 0.450316
0 0.782114 0.554404 0.0118244 0.046866 0.397033
9 0.117071 0.267693 0.0137892 0.0343127 0.384364
2 0.270114 0.763211 0.0656443 0.125339 0.379562
2 0.675918 0.344392 0.0561232 0.0593989 0.37375
62 0.491793 0.129548 0.11768 0.143849 0.364339
2 0.266639 0.533894 0.0362986 0.0691761 0.355378
0 0.36472 0.944861 0.0320428 0.0939487 0.354827
9 0.582451 0.278347 0.0192573 0.0552841 0.319604
0 0.805798 0.707589 0.0189074 0.0607746 0.302618
9 0.583289 0.281484 0.0161513 0.0433036 0.277491
0 0.698054 0.65112 0.0151119 0.0864999 0.252859
