2 0.412764 0.358242 0.0603361 0.0737161 0.829792
2 0.323778 0.535152 0.0536632 0.0948426 0.825419
2 0.175939 0.891414 0.0905114 0.105036 0.822066
2 0.543931 0.606724 0.0680084 0.112459 0.807577
2 0.262801 0.271011 0.0473718 0.0643412 0.759556
2 0.427059 0.464775 0.0559396 0.0850851 0.74669
2 0.743574 0.807637 0.0824162 0.123949 0.738291
2 0.182075 0.151986 0.0423911 0.063461 0.701352
5 0.0775443 0.733994 0.107095 0.130127 0.683061
2 0.571121 0.390512 0.0746619 0.0653263 0.610628
9 0.288038 0.802467 0.0311092 0.0437575 0.558924
9 0.735251 0.611576 0.0138662 0.0435387 0.558459
2 0.280941 0.979877 0.0396816 0.0402459 0.487974
9 0.142002 0.249984 0.0115364 0.0519061 0.486691
9 0.117082 0.26715 0.0147164 0.0343293 0.401922
2 0.189529 0.0886566 0.0359581 0.0466998 0.35158
0 0.773188 0.719382 0.0172146 0.0894296 0.346944
5 0.023871 0.120148 0.0471522 0.235458 0.338102
2 0.667791 0.347966 0.041445 0.0605889 0.335448
9 0.717027 0.544982 0.0104349 0.0405631 0.319336
2 0.167081 0.0967615 0.0364304 0.0519853 0.306418
9 0.583324 0.286026 0.0145683 0.0357141 0.274727
0 0.120536 0.505416 0.0189426 0.0516678 0.250133
