2 0.347451 0.528509 0.0752091 0.0718362 0.793741
2 0.717999 0.387196 0.0700615 0.0650726 0.723966
2 0.0712033 0.6423 0.0938576 0.0814036 0.717635
2 0.252728 0.243332 0.0434433 0.0650187 0.623879
62 0.492322 0.134772 0.117954 0.144611 0.591113
9 0.159629 0.192252 0.037537 0.0561693 0.571094
2 0.605122 0.463109 0.0895847 0.109031 0.569314
2 0.285384 0.229118 0.0405311 0.0647672 0.487268
9 0.290862 0.795368 0.0415427 0.0518945 0.451907
0 0.703071 0.867012 0.0154166 0.0643507 0.367707
0 0.0305699 0.553182 0.0156204 0.0602593 0.361078
9 0.155623 0.915084 0.00916557 0.0422913 0.36025
3 0.199166 0.613797 0.0391732 0.0530029 0.3516
0 0.771672 0.618018 0.0160879 0.058835 0.334274
0 0.00516787 0.537939 0.0103357 0.0687819 0.26433
0 0.770606 0.715648 0.0137154 0.0606617 0.258482
