2 0.258955 0.258049 0.0431192 0.0683221 0.793973
2 0.312928 0.525319 0.080287 0.0707225 0.738088
2 0.402364 0.598153 0.0845854 0.0864931 0.704077
2 0.6525 0.518886 0.0686618 0.0828993 0.670913
62 0.492357 0.134957 0.119283 0.148222 0.575023
2 0.306107 0.24966 0.0403783 0.0661325 0.509023
2 0.108482 0.680221 0.093502 0.0951349 0.446354
9 0.737424 0.628654 0.01236 0.0640052 0.42067
2 0.0337598 0.594357 0.0672414 0.0790689 0.378636
2 0.260165 0.624819 0.048736 0.0524435 0.353207
0 0.10769 0.491817 0.0136386 0.0601561 0.342033
9 0.142217 0.250623 0.0133657 0.0520966 0.320091
9 0.386782 0.224259 0.00987968 0.0367537 0.284917
2 0.063202 0.441832 0.125774 0.10565 0.282885
2 0.0206677 0.452925 0.0412269 0.0832373 0.26442
