2 0.110721 0.705726 0.0998464 0.098525 0.886202
2 0.375506 0.516386 0.0697271 0.0641444 0.842805
2 0.268509 0.201843 0.0425129 0.0698589 0.801461
2 0.44178 0.554814 0.0795334 0.0894527 0.79568
2 0.310176 0.257499 0.050501 0.0636062 0.776547
62 0.492433 0.133429 0.117285 0.147713 0.717649
2 0.218582 0.156117 0.03895 0.058864 0.711544
2 0.819587 0.31417 0.0373466 0.0675059 0.640927
5 0.764331 0.262803 0.112425 0.132892 0.618045
5 0.067646 0.405503 0.135292 0.18138 0.572629
7 0.190758 0.0842034 0.048296 0.0876323 0.493671
2 0.132267 0.0648584 0.0353984 0.0508425 0.491923
2 0.16477 0.113137 0.0279194 0.0352011 0.452283
9 0.289851 0.795388 0.0387768 0.0552039 0.451709
9 0.155318 0.91438 0.00857921 0.0413993 0.411341
0 0.940931 0.725713 0.0148129 0.066235 0.31091
2 0.231665 0.437763 0.0426413 0.0743027 0.269317
9 0.121801 0.376186 0.0125652 0.0391902 0.267428
0 0.131341 0.480642 0.010341 0.0427172 0.263081
