2 0.257991 0.185924 0.0403417 0.0614853 0.813789
2 0.791909 0.826984 0.0805409 0.120825 0.704661
9 0.117301 0.267361 0.0141846 0.0343063 0.546441
9 0.141813 0.24948 0.0121633 0.0495488 0.45667
9 0.287471 0.800152 0.0325396 0.0530948 0.426163
9 0.625239 0.250568 0.0239104 0.0795607 0.411089
9 0.15638 0.912485 0.0102255 0.0401906 0.403137
9 0.735474 0.609482 0.0145521 0.042894 0.380176
2 0.0352037 0.595717 0.0698677 0.0811724 0.332492
9 0.0210536 0.56817 0.0169758 0.0382529 0.298421
9 0.679542 0.357431 0.0103349 0.0217345 0.280938
9 0.58358 0.281661 0.0174608 0.0509966 0.266485
9 0.584168 0.285683 0.0148422 0.0385612 0.253027
