5 0.150805 0.618596 0.22742 0.192561 0.911304
2 0.27168 0.664875 0.0939302 0.0885829 0.890477
2 0.611986 0.493056 0.0705326 0.0852046 0.852275
2 0.191205 0.267963 0.0399196 0.0649263 0.841504
2 0.247578 0.424062 0.0416564 0.0686925 0.793675
2 0.263036 0.253592 0.0450805 0.071361 0.758501
2 0.752426 0.346312 0.0677749 0.0548309 0.739326
2 0.217033 0.199715 0.0400199 0.0630731 0.660541
2 0.815489 0.378125 0.0461113 0.0591585 0.58065
0 0.121934 0.966633 0.0134078 0.0666765 0.538267
2 0.297046 0.234957 0.0447366 0.0689549 0.532017
2 0.191154 0.118742 0.0369142 0.0469781 0.435193
2 0.184074 0.168713 0.0397581 0.0534928 0.412752
62 0.491624 0.128817 0.119279 0.13807 0.394721
2 0.170596 0.530346 0.0692321 0.0460253 0.36404
2 0.266706 0.191418 0.0399811 0.0578889 0.341684
2 0.147843 0.109124 0.0363913 0.0638257 0.338113
5 0.532516 0.28806 0.124235 0.0798394 0.318826
2 0.118324 0.0744284 0.0281469 0.0436552 0.289072
2 0.230582 0.152099 0.0337986 0.054923 0.280029
0 0.706702 0.667621 0.012307 0.0573012 0.273426
2 0.84977 0.423419 0.03062 0.0586889 0.269736
9 0.57648 0.228704 0.0233782 0.0494965 0.268598
2 0.812952 0.292396 0.046409 0.0591362 0.256842
