2 0.2597 0.257771 0.0462177 0.0615435 0.709631
2 0.765392 0.395631 0.0578953 0.0604692 0.649533
62 0.492406 0.136309 0.11891 0.145211 0.636822
2 0.184173 0.103743 0.0398005 0.0421328 0.617602
0 0.556656 0.727279 0.0155622 0.065174 0.611022
5 0.245345 0.157416 0.0803237 0.140022 0.480172
0 0.720032 0.832381 0.0130275 0.0571642 0.478398
7 0.245332 0.156443 0.0810144 0.140312 0.472514
5 0.767586 0.261726 0.114161 0.127979 0.403258
9 0.288841 0.795692 0.0353315 0.0527839 0.402152
0 0.540554 0.702613 0.0125051 0.0637811 0.371231
2 0.795901 0.450881 0.0683809 0.0751272 0.356546
0 0.538065 0.387499 0.01122 0.0440778 0.313782
0 0.559165 0.788088 0.0150101 0.0618591 0.31143
0 0.181919 0.64233 0.0144211 0.0586877 0.267447
2 0.313173 0.250689 0.0405355 0.0644297 0.25643
