2 0.573771 0.543377 0.0763872 0.0865563 0.845366
2 0.189726 0.169499 0.0410519 0.0550301 0.82323
2 0.24037 0.229294 0.0416756 0.0661952 0.809281
2 0.14604 0.116318 0.0396211 0.0497104 0.787679
2 0.189168 0.0885788 0.037105 0.0451449 0.711026
9 0.289952 0.796462 0.0348336 0.0481822 0.588153
2 0.31518 0.255149 0.0451427 0.0643756 0.5718
9 0.15487 0.910384 0.00909886 0.0451467 0.563082
0 0.273383 0.380724 0.0144724 0.0492281 0.510504
9 0.141584 0.250505 0.0122274 0.050968 0.422924
62 0.492089 0.126448 0.117877 0.136263 0.376268
0 0.604337 0.616594 0.0111683 0.0526557 0.374877
0 0.768243 0.639901 0.015085 0.0672 0.325052
9 0.582857 0.287313 0.0149618 0.0355367 0.32378
9 0.0799592 0.498616 0.011197 0.0321702 0.303454
9 0.622257 0.250211 0.0176754 0.0797187 0.282454
0 0.694433 0.613191 0.00878601 0.0506427 0.277068
9 0.574146 0.227967 0.0204858 0.0445738 0.263606
