5 0.207553 0.168967 0.0835844 0.131493 0.888823
2 0.266508 0.257655 0.0393435 0.066915 0.745093
0 0.253957 0.83156 0.0183949 0.0636971 0.684213
0 0.777889 0.659355 0.0175113 0.0565216 0.647149
0 0.401389 0.833261 0.0211566 0.0794827 0.613052
0 0.854575 0.671735 0.0125278 0.0606288 0.588923
0 0.288268 0.86191 0.0171822 0.0592936 0.565436
0 0.0860066 0.483009 0.0104747 0.0448093 0.510562
0 0.865722 0.668178 0.0104122 0.0518809 0.489183
0 0.365441 0.94344 0.0337822 0.100149 0.455935
0 0.732225 0.534824 0.0124598 0.0583028 0.442382
0 0.518958 0.577711 0.0159647 0.0603767 0.423146
0 0.819029 0.624752 0.0128891 0.0538725 0.422469
9 0.0348045 0.202237 0.0137138 0.0345506 0.413323
0 0.31674 0.771129 0.0117186 0.0623874 0.40498
0 0.300904 0.813645 0.0131665 0.0549786 0.403039
5 0.53274 0.321676 0.132378 0.139942 0.400721
5 0.764192 0.26299 0.115828 0.139332 0.39857
2 0.808004 0.370176 0.0430527 0.0627636 0.379453
0 0.71544 0.833126 0.0152903 0.0694975 0.35341
0 0.987869 0.540078 0.0169975 0.0801588 0.3047
0 0.0613837 0.251933 0.0104423 0.0452385 0.296945
7 0.489273 0.937963 0.0971318 0.121235 0.286904
2 0.821301 0.404229 0.0360586 0.0630269 0.262804
9 0.155505 0.912781 0.00878475 0.0413418 0.261041
