2 0.535652 0.546955 0.0903151 0.0981783 0.829236
2 0.480609 0.482213 0.0736387 0.0654173 0.807799
2 0.569483 0.478671 0.072139 0.0699524 0.799529
2 0.644731 0.404567 0.0668613 0.0672041 0.771023
2 0.298947 0.61415 0.0862311 0.0918381 0.734145
2 0.318625 0.261223 0.0449655 0.0586346 0.724675
2 0.205095 0.56832 0.0723204 0.068431 0.673446
2 0.785617 0.378829 0.0642658 0.0666021 0.634006
62 0.492061 0.131223 0.117358 0.133963 0.596881
2 0.245832 0.390058 0.0351559 0.0758387 0.590283
2 0.813265 0.406294 0.0653419 0.0708759 0.576886
2 0.254922 0.589429 0.07367 0.0807916 0.561176
2 0.269115 0.281281 0.0416721 0.0593701 0.530923
9 0.28867 0.795597 0.0356302 0.0519687 0.471263
0 0.768951 0.705447 0.0151259 0.068826 0.39571
2 0.698468 0.334959 0.0615888 0.0742635 0.383112
2 0.204294 0.105565 0.0384949 0.0556143 0.314507
