7 0.237562 0.168777 0.0657159 0.115285 0.859849
2 0.350161 0.30048 0.0496096 0.0620236 0.849268
2 0.265445 0.666001 0.041854 0.0898265 0.829373
2 0.443849 0.472047 0.0568856 0.0919896 0.825634
0 0.845626 0.595335 0.0165672 0.0672273 0.63325
0 0.85328 0.753539 0.0135942 0.0650123 0.42625
0 0.886469 0.823829 0.016095 0.0716763 0.419679
9 0.0345725 0.20008 0.0138301 0.036284 0.409863
0 0.981874 0.513167 0.0133926 0.054566 0.391649
0 0.965653 0.724221 0.0189941 0.0563816 0.381134
0 0.993814 0.515905 0.0115824 0.056132 0.353285
0 0.812205 0.738627 0.0111967 0.0582197 0.33572
0 0.194193 0.399042 0.012288 0.0548843 0.33139
2 0.0833946 0.0093279 0.0335746 0.0186558 0.322675
0 0.944589 0.770302 0.0153332 0.044752 0.310394
9 0.288012 0.792772 0.0320697 0.0526879 0.288289
9 0.18956 0.905156 0.01719 0.0592239 0.267526
0 0.90576 0.822474 0.026392 0.0796492 0.266137
9 0.155705 0.911846 0.00832329 0.0414744 0.261617
0 0.5428 0.354481 0.0135689 0.0561139 0.259408
9 0.379665 0.142353 0.0169595 0.0629332 0.257946
