2 0.158678 0.0833469 0.0343459 0.0547627 0.707577
2 0.790731 0.389049 0.0699626 0.0617135 0.69137
2 0.0336901 0.602215 0.0673802 0.0769953 0.649842
5 0.76819 0.261282 0.112419 0.125399 0.611698
2 0.304274 0.245537 0.042906 0.0686543 0.59226
62 0.493064 0.1308 0.116872 0.140191 0.531077
0 0.482529 0.850698 0.0145578 0.0672462 0.361186
0 0.157271 0.754683 0.0134506 0.0602059 0.334775
2 0.253444 0.193901 0.0382226 0.0619571 0.301866
0 0.535109 0.741924 0.0133657 0.05554 0.293163
9 0.141695 0.25066 0.0122508 0.0505182 0.291877
0 0.729041 0.741539 0.0164543 0.0636324 0.288006
0 0.671541 0.719905 0.0163798 0.072288 0.277704
