2 0.446268 0.370349 0.0637487 0.0719851 0.845213
2 0.268221 0.627344 0.0373775 0.0840313 0.771489
2 0.375705 0.314799 0.0556406 0.0805772 0.675038
2 0.249719 0.418319 0.0380867 0.0739911 0.650253
0 0.784086 0.67163 0.0139051 0.0745207 0.608587
2 0.855001 0.969302 0.077873 0.0591298 0.537058
9 0.142768 0.250841 0.0125532 0.052572 0.507252
9 0.117309 0.267159 0.0143189 0.0339047 0.499728
9 0.286267 0.799413 0.0361622 0.0508472 0.400972
9 0.156404 0.910606 0.0094178 0.0390347 0.382522
2 0.582069 0.917267 0.395331 0.159966 0.360857
0 0.431778 0.284054 0.0091156 0.0442553 0.32992
9 0.73521 0.609125 0.0147139 0.0402551 0.32985
0 0.808231 0.504388 0.0124962 0.0500776 0.326046
2 0.222068 0.951421 0.0870348 0.0971578 0.292319
9 0.14326 0.261828 0.0120358 0.0312837 0.262874
