5 0.228565 0.203706 0.0851162 0.138308 0.858156
2 0.299335 0.244765 0.0410835 0.0578715 0.830496
2 0.42297 0.566324 0.0839878 0.0726534 0.809637
2 0.242115 0.360643 0.0369394 0.071834 0.78907
2 0.181188 0.244678 0.0387453 0.0510037 0.786473
2 0.112708 0.228844 0.0384008 0.0478878 0.658065
2 0.107798 0.138335 0.0362056 0.0465508 0.63304
2 0.197132 0.116805 0.0334143 0.048367 0.600828
0 0.0942015 0.519933 0.0112322 0.0536118 0.529135
5 0.528556 0.30579 0.144798 0.114287 0.508326
2 0.626145 0.484008 0.0793341 0.0911218 0.482612
62 0.491286 0.127404 0.117777 0.136469 0.41727
0 0.928611 0.712783 0.0137234 0.057135 0.348642
0 0.0811737 0.458539 0.0148197 0.0488825 0.334844
5 0.626022 0.484604 0.078878 0.0914242 0.31611
0 0.0061901 0.531052 0.0120239 0.057519 0.309409
0 0.827316 0.691461 0.0144773 0.0567382 0.304754
0 0.63762 0.331521 0.0102711 0.0464262 0.299267
0 0.736158 0.670799 0.011986 0.0508717 0.293802
9 0.155362 0.914931 0.00923095 0.0413018 0.270939
