2 0.818988 0.409137 0.0651123 0.0709944 0.600381
0 0.862479 0.669931 0.0162926 0.0579336 0.558181
0 0.365423 0.942036 0.0324739 0.0951291 0.492329
0 0.139623 0.973669 0.021738 0.0526627 0.400406
0 0.568865 0.357887 0.0107745 0.0416102 0.385016
0 0.769811 0.529619 0.0135148 0.0540427 0.38278
0 0.796274 0.567418 0.0131119 0.0577927 0.379173
0 0.77752 0.66544 0.0116738 0.056793 0.374345
0 0.119399 0.966992 0.0124201 0.0496418 0.364787
0 0.827978 0.667409 0.012067 0.0557586 0.362749
0 0.691614 0.608236 0.0139205 0.0585642 0.347928
0 0.764023 0.714289 0.0125696 0.0653422 0.344479
0 0.16565 0.983979 0.0171679 0.0313961 0.330103
0 0.956312 0.468048 0.0124409 0.0429023 0.318129
0 0.73274 0.681744 0.0144252 0.052634 0.3082
9 0.0349803 0.202426 0.0134195 0.0351139 0.307946
9 0.155595 0.912729 0.00820472 0.040695 0.288851
0 0.746372 0.651244 0.00986176 0.057624 0.271526
0 0.805594 0.490088 0.0112999 0.0459386 0.269896
0 0.047807 0.554355 0.0124463 0.0611344 0.257427
