5 0.29002 0.22033 0.0953023 0.133473 0.88014
2 0.24951 0.251305 0.0447738 0.0624825 0.749096
5 0.0792124 0.0303015 0.0623785 0.0601594 0.629855
2 0.221286 0.159212 0.0459044 0.0554794 0.625904
5 0.528934 0.307443 0.146996 0.117126 0.606667
0 0.382397 0.796995 0.014174 0.0544586 0.490117
2 0.832317 0.405393 0.0455261 0.0479051 0.401956
2 0.192724 0.0975382 0.0378184 0.0495764 0.393586
0 0.714544 0.733098 0.0130157 0.0531813 0.348681
0 0.769565 0.680624 0.0123684 0.0574124 0.317451
0 0.457339 0.704423 0.0164509 0.0588694 0.287205
2 0.809119 0.365393 0.0434431 0.0699701 0.277498
0 0.582133 0.601326 0.0121883 0.0554828 0.26714
0 0.707119 0.84122 0.0114238 0.0597938 0.263449
