5 0.125854 0.133264 0.0728978 0.118955 0.853148
2 0.842211 0.941472 0.106031 0.115473 0.825675
2 0.102104 0.870254 0.065225 0.0985499 0.729755
2 0.276892 0.644266 0.0404181 0.0817624 0.715132
5 0.313819 0.256109 0.0459401 0.0698978 0.664215
2 0.294279 0.48475 0.0351475 0.06194 0.642524
2 0.712506 0.334926 0.0776093 0.0545803 0.621886
5 0.529679 0.292393 0.117346 0.085737 0.62003
2 0.138121 0.0505777 0.0347354 0.0511357 0.545197
2 0.159964 0.100679 0.0402771 0.055767 0.480183
2 0.1002 0.194192 0.0255385 0.0525448 0.426417
2 0.806311 0.451058 0.0605674 0.07215 0.354515
62 0.492211 0.132021 0.116852 0.128867 0.351842
2 0.197079 0.239443 0.0179151 0.0446083 0.344821
7 0.156054 0.260529 0.0643579 0.116532 0.258802
