2 0.354337 0.378855 0.0490294 0.0703706 0.746852
2 0.685411 0.774154 0.0798718 0.133556 0.744445
2 0.231924 0.94975 0.0761405 0.0988115 0.737163
2 0.254535 0.490517 0.0373548 0.0757964 0.722324
0 0.136719 0.487331 0.0103069 0.0486675 0.621414
9 0.625913 0.249701 0.0241213 0.080966 0.524456
9 0.735316 0.6148 0.0128989 0.0454858 0.524234
9 0.28752 0.797754 0.0332218 0.0545659 0.469028
9 0.155927 0.913076 0.00842156 0.039602 0.468496
2 0.143265 0.172967 0.0435215 0.0636612 0.454869
9 0.142932 0.261367 0.0276803 0.0627721 0.436304
0 0.773517 0.699721 0.0124745 0.0611386 0.409449
0 0.0193716 0.500752 0.0142522 0.0623588 0.39756
0 0.163306 0.4255 0.0105407 0.0501729 0.34671
0 0.746001 0.690722 0.0127048 0.0552836 0.342931
0 0.364378 0.942443 0.0307623 0.0914756 0.322793
9 0.143404 0.172732 0.043444 0.0636246 0.303051
62 0.492208 0.125334 0.118125 0.139762 0.28698
0 0.0334522 0.492847 0.0118769 0.04793 0.252205
