2 0.4675 0.38101 0.0673443 0.0704318 0.867129
2 0.791515 0.931271 0.0908787 0.130943 0.839284
7 0.261768 0.411561 0.0443922 0.131035 0.798243
2 0.65808 0.386845 0.0801803 0.0639523 0.705644
2 0.177009 0.898131 0.0927452 0.0982157 0.632663
2 0.203981 0.105105 0.0375763 0.0572639 0.488491
2 0.789705 0.836404 0.0838432 0.121691 0.459393
5 0.767065 0.262651 0.106881 0.123924 0.450664
0 0.754409 0.54109 0.0154106 0.0634037 0.448226
62 0.492118 0.132923 0.118158 0.141547 0.43592
0 0.786771 0.523735 0.0161628 0.0536543 0.353158
9 0.287754 0.797359 0.0333525 0.0561554 0.332857
2 0.165406 0.0563787 0.0335729 0.0497205 0.273789
9 0.583921 0.283709 0.00918522 0.0266809 0.251038
