5 0.251663 0.22981 0.0630766 0.115714 0.905144
5 0.159908 0.0499685 0.0749259 0.0995063 0.784739
2 0.309867 0.244731 0.0451794 0.0536803 0.737635
2 0.175239 0.142846 0.0366572 0.0605313 0.686787
5 0.534154 0.304998 0.128229 0.11218 0.60346
5 0.112885 0.200499 0.0414771 0.101667 0.532862
0 0.254659 0.673507 0.0120437 0.0617842 0.412754
2 0.804646 0.373123 0.050095 0.0734709 0.372383
0 0.262212 0.740483 0.0174955 0.0634015 0.31945
5 0.0592127 0.398246 0.118176 0.154244 0.314566
2 0.833533 0.404968 0.0467438 0.0472851 0.307248
0 0.0954857 0.736023 0.015363 0.0644745 0.276256
