5 0.72369 0.312194 0.160306 0.136805 0.910745
5 0.233008 0.196436 0.0874209 0.150022 0.865066
5 0.125112 0.0681183 0.0708572 0.114563 0.843796
2 0.184624 0.267082 0.0363469 0.0486895 0.819519
2 0.250017 0.429604 0.0408879 0.0706469 0.808195
2 0.119861 0.167178 0.0357794 0.0529766 0.755147
5 0.2894 0.187049 0.0761902 0.15099 0.704771
2 0.168339 0.140939 0.0330056 0.046985 0.628393
5 0.536236 0.288862 0.129638 0.081832 0.439315
9 0.156103 0.915402 0.00807524 0.0397909 0.358845
9 0.576538 0.228294 0.0229418 0.0480621 0.317154
0 0.0189303 0.553024 0.0146563 0.0586178 0.265907
0 0.508438 0.343409 0.0115192 0.0495644 0.262445
