2 0.194911 0.246854 0.0450921 0.0607078 0.707
2 0.182113 0.295903 0.0425782 0.0613229 0.665969
2 0.163129 0.196896 0.0446913 0.0711945 0.6484
5 0.535272 0.303991 0.128717 0.112126 0.598057
2 0.133654 0.159137 0.0334971 0.0511145 0.548408
2 0.731183 0.38365 0.06817 0.0559085 0.534183
2 0.186009 0.162805 0.0331637 0.0556126 0.503902
2 0.11039 0.123401 0.0377356 0.048287 0.502207
2 0.246871 0.247059 0.0399258 0.0569134 0.468409
0 0.148038 0.960509 0.0186143 0.0765361 0.410119
0 0.364122 0.944139 0.0322145 0.0960612 0.350486
0 0.108045 0.982775 0.0169977 0.0343791 0.255061
