2 0.298577 0.237466 0.0432922 0.0665026 0.811814
2 0.247346 0.185873 0.0398135 0.0610389 0.730212
0 0.681368 0.607824 0.0177104 0.0737286 0.591554
0 0.632699 0.380254 0.015 0.0528139 0.553
9 0.155415 0.911513 0.00866866 0.0411196 0.52929
9 0.28814 0.794816 0.037025 0.0509952 0.420697
0 0.206926 0.459266 0.0148335 0.0489487 0.420355
9 0.735279 0.607623 0.0139762 0.036381 0.41528
62 0.492231 0.12485 0.117864 0.137718 0.366885
9 0.572448 0.226387 0.0169492 0.0467317 0.357276
9 0.624165 0.251359 0.0196831 0.0763867 0.342311
0 0.706692 0.654028 0.0124369 0.0680308 0.310805
0 0.0675869 0.299446 0.0090085 0.0453133 0.299442
9 0.819255 0.351085 0.0135651 0.0283958 0.278134
