5 0.1308 0.82796 0.1493 0.21331 0.856679
2 0.402803 0.428447 0.0523398 0.0767595 0.799756
2 0.813547 0.378024 0.0494293 0.0632228 0.790614
2 0.12271 0.159058 0.0412258 0.0471704 0.776665
2 0.31601 0.254286 0.0454196 0.0664416 0.775855
2 0.227049 0.302008 0.0329526 0.0517587 0.77564
5 0.761067 0.311271 0.0718155 0.0773957 0.756029
2 0.10361 0.0560443 0.033178 0.0521737 0.74162
2 0.812541 0.292141 0.0458363 0.0540019 0.615716
5 0.0512487 0.0385418 0.0472401 0.0770837 0.468925
5 0.524444 0.29026 0.107309 0.0816992 0.328501
0 0.764597 0.747488 0.0173696 0.090017 0.315597
0 0.629883 0.618791 0.0159593 0.0708539 0.283129
5 0.146723 0.259148 0.0654379 0.113656 0.266096
