2 0.81015 0.376246 0.055308 0.0597775 0.703354
2 0.261284 0.254674 0.0396308 0.065982 0.694269
2 0.295836 0.235168 0.0419602 0.0673993 0.597585
0 0.956245 0.522368 0.0136358 0.061251 0.597561
0 0.914296 0.633082 0.0125702 0.0605786 0.557127
0 0.317624 0.859772 0.0114633 0.0701714 0.520164
0 0.954552 0.742884 0.015015 0.0617252 0.502666
9 0.288576 0.796754 0.0347399 0.0467077 0.479913
0 0.0725193 0.495763 0.0159152 0.0594285 0.47475
2 0.857775 0.946823 0.0740978 0.105195 0.467675
62 0.491905 0.127964 0.117769 0.139322 0.447209
0 0.794345 0.659767 0.013781 0.0917965 0.426754
0 0.898582 0.773275 0.0163883 0.0576246 0.422288
0 0.00464131 0.543193 0.00928262 0.0520394 0.39856
0 0.926812 0.642067 0.013533 0.0643445 0.394056
0 0.296102 0.704087 0.0160295 0.0653263 0.383652
0 0.279148 0.702564 0.0152763 0.0602895 0.345634
0 0.735744 0.684124 0.0135094 0.0688577 0.309569
0 0.80896 0.648257 0.013335 0.0573203 0.298842
0 0.241756 0.850194 0.0137332 0.0663228 0.28706
0 0.795135 0.68723 0.0139416 0.0619995 0.279003
2 0.81015 0.376246 0.055308 0.0597775 0.703354
2 0.261284 0.254674 0.0396308 0.065982 0.694269
2 0.295836 0.235168 0.0419602 0.0673993 0.597585
0 0.956245 0.522368 0.0136358 0.061251 0.597561
0 0.914296 0.633082 0.0125702 0.0605786 0.557127
0 0.317624 0.859772 0.0114633 0.0701714 0.520164
0 0.954552 0.742884 0.015015 0.0617252 0.502666
9 0.288576 0.796754 0.0347399 0.0467077 0.479913
0 0.0725193 0.495763 0.0159152 0.0594285 0.47475
2 0.857775 0.946823 0.0740978 0.105195 0.467675
62 0.491905 0.127964 0.117769 0.139322 0.447209
0 0.794345 0.659767 0.013781 0.0917965 0.426754
0 0.898582 0.773275 0.0163883 0.0576246 0.422288
0 0.00464131 0.543193 0.00928262 0.0520394 0.39856
0 0.926812 0.642067 0.013533 0.0643445 0.394056
0 0.296102 0.704087 0.0160295 0.0653263 0.383652
0 0.279148 0.702564 0.0152763 0.0602895 0.345634
0 0.735744 0.684124 0.0135094 0.0688577 0.309569
0 0.80896 0.648257 0.013335 0.0573203 0.298842
0 0.241756 0.850194 0.0137332 0.0663228 0.28706
0 0.795135 0.68723 0.0139416 0.0619995 0.279003
