5 0.683023 0.919921 0.265029 0.156662 0.923316
2 0.306682 0.254984 0.0462363 0.0682072 0.727939
2 0.188875 0.253774 0.0427727 0.0640097 0.717371
62 0.492252 0.136227 0.118134 0.146075 0.612215
9 0.736792 0.619111 0.0130268 0.0487145 0.44863
2 0.269466 0.177808 0.045207 0.0707935 0.41325
7 0.81017 0.356564 0.0546196 0.0952188 0.329935
5 0.0228178 0.121449 0.0449926 0.238774 0.311235
0 0.945556 0.929161 0.0150196 0.0643402 0.300998
9 0.288442 0.797796 0.0340794 0.0490858 0.298134
9 0.156002 0.915363 0.00936248 0.0396779 0.262104
