2 0.203567 0.175991 0.0429665 0.0657618 0.836395
2 0.253223 0.242211 0.0409532 0.0654409 0.835316
0 0.0929083 0.514256 0.0119442 0.0528359 0.520469
0 0.0579133 0.5423 0.0146052 0.0629664 0.512216
0 0.83639 0.736094 0.0157421 0.0606491 0.482532
0 0.488912 0.683413 0.0148129 0.0546378 0.481523
2 0.832796 0.395297 0.051712 0.067931 0.456901
9 0.0346808 0.200028 0.0152624 0.0386299 0.43516
0 0.787918 0.72743 0.013282 0.0616564 0.434213
62 0.491936 0.125808 0.117498 0.135134 0.400815
0 0.981489 0.492215 0.0111443 0.0505146 0.399271
0 0.754401 0.581528 0.0111087 0.0635693 0.389459
0 0.0805089 0.436886 0.0140272 0.0510128 0.383454
0 0.88109 0.689487 0.0154633 0.0622828 0.361948
0 0.541025 0.814082 0.019228 0.0657973 0.350506
0 0.0100986 0.566434 0.0171757 0.064395 0.30937
0 0.763539 0.729308 0.0160411 0.0609016 0.294839
2 0.801795 0.388627 0.0348978 0.0529566 0.288982
2 0.809852 0.387949 0.0506823 0.0539263 0.282585
0 0.115188 0.523881 0.0146367 0.0516656 0.259666
0 0.853383 0.549108 0.0108429 0.0545538 0.256924
0 0.777286 0.683994 0.0105041 0.0375583 0.255286
