2 0.34501 0.650734 0.0855029 0.0881708 0.769349
2 0.268382 0.177999 0.0446121 0.0686616 0.738329
2 0.23702 0.228552 0.0423491 0.0662408 0.562803
2 0.202305 0.186323 0.0358703 0.0626225 0.557288
62 0.490811 0.136712 0.115071 0.118966 0.535786
9 0.289408 0.795037 0.0367396 0.0526055 0.481867
5 0.769566 0.266406 0.117644 0.13909 0.448177
9 0.133222 0.143738 0.0134688 0.0338539 0.371503
9 0.121855 0.376479 0.0105244 0.0358632 0.311084
5 0.0217787 0.157533 0.0432959 0.164203 0.261025
9 0.843749 0.219575 0.0103687 0.0361449 0.252105
