5 0.724097 0.310934 0.16049 0.138518 0.921116
5 0.203064 0.260949 0.0802052 0.139789 0.877885
2 0.602559 0.693308 0.072377 0.0961327 0.873582
2 0.446539 0.472197 0.0499844 0.0825358 0.833414
2 0.196961 0.168462 0.0403335 0.0655445 0.822494
2 0.337157 0.346976 0.0504789 0.0659517 0.80365
2 0.255978 0.517037 0.03559 0.0722592 0.779144
2 0.124008 0.0854393 0.0357107 0.04477 0.760775
2 0.7918 0.917876 0.0917196 0.151947 0.759256
2 0.250322 0.250663 0.0411127 0.0534571 0.712898
2 0.811295 0.382675 0.0537178 0.062518 0.706962
0 0.111626 0.97785 0.0150045 0.0436908 0.418727
5 0.0597729 0.386943 0.119546 0.131724 0.396602
5 0.536947 0.296976 0.128616 0.0730907 0.371248
2 0.0612761 0.0135413 0.0322304 0.0270826 0.367147
0 0.137503 0.495098 0.0127967 0.0551127 0.364682
62 0.491496 0.131661 0.118515 0.136496 0.358707
2 0.812268 0.290474 0.0470363 0.0590302 0.284079
0 0.132346 0.972528 0.0193489 0.0525401 0.276552
2 0.845783 0.42421 0.0368126 0.0490907 0.252687
