0 0.3655 0.944908 0.0345473 0.0992291 0.542448
0 0.0634165 0.523193 0.0122802 0.0530958 0.396782
9 0.0346356 0.202841 0.0134565 0.0342076 0.38631
2 0.820985 0.404776 0.0437529 0.0671773 0.384842
0 0.119878 0.530288 0.0167925 0.0619573 0.380808
0 0.936402 0.597563 0.0155767 0.0526883 0.351197
0 0.839025 0.658067 0.0141645 0.0516047 0.344815
9 0.155816 0.912712 0.00891182 0.0406379 0.343067
0 0.191948 0.417294 0.0113087 0.0468246 0.283121
0 0.848355 0.754032 0.0136929 0.0822252 0.276484
0 0.163689 0.470827 0.00986042 0.0534266 0.276384
0 0.138088 0.348812 0.0100814 0.0518717 0.27629
0 0.72875 0.634581 0.0121275 0.0632276 0.259922
