5 0.707527 0.904882 0.257376 0.173111 0.878392
2 0.230522 0.478017 0.0672794 0.0777393 0.854623
2 0.347598 0.596521 0.0934594 0.102268 0.841337
5 0.251604 0.224485 0.0895501 0.144212 0.829188
2 0.431505 0.507739 0.0774248 0.0666477 0.822471
2 0.106697 0.588307 0.0923164 0.0829763 0.804917
2 0.470724 0.537728 0.0765532 0.0863369 0.793093
2 0.0875086 0.732447 0.0583174 0.0840495 0.764952
3 0.151633 0.742532 0.0465044 0.0630829 0.725222
5 0.860316 0.938006 0.211741 0.119579 0.705618
5 0.0223188 0.121129 0.0440996 0.234751 0.63649
2 0.672619 0.465291 0.0663611 0.0762668 0.576908
3 0.266388 0.688006 0.0377086 0.0560342 0.557932
2 0.151719 0.11746 0.0352179 0.0537821 0.514406
2 0.11502 0.0711262 0.0331853 0.0460448 0.513756
2 0.664981 0.761455 0.0805485 0.134952 0.508584
9 0.155368 0.914833 0.010041 0.0419386 0.462748
2 0.610542 0.667878 0.0522209 0.100117 0.414059
9 0.285672 0.795926 0.0387333 0.0537235 0.381303
2 0.207368 0.131741 0.0332163 0.0478281 0.349754
62 0.492562 0.133792 0.11788 0.148653 0.335973
7 0.608118 0.646841 0.0569636 0.142585 0.326383
2 0.82356 0.284813 0.0297737 0.052495 0.326333
2 0.244964 0.379878 0.0383255 0.0653503 0.281267
9 0.121147 0.375915 0.011277 0.0383013 0.25879
2 0.306301 0.250817 0.0281044 0.0471391 0.254428
