2 0.510448 0.5576 0.0621117 0.0917961 0.814032
2 0.845219 0.950805 0.0885521 0.0973236 0.809782
2 0.617037 0.399845 0.0705448 0.0585081 0.779284
2 0.269405 0.909869 0.0526399 0.10875 0.704852
2 0.188364 0.243247 0.0389825 0.0625181 0.661107
5 0.116377 0.201887 0.0468165 0.107111 0.650378
0 0.554975 0.365582 0.00954475 0.0461283 0.351977
62 0.490361 0.133197 0.12069 0.145247 0.312587
0 0.116672 0.947152 0.0157522 0.0462355 0.294303
5 0.530363 0.290202 0.112091 0.0795383 0.268744
9 0.155584 0.91526 0.0086802 0.04087 0.268087
