2 0.104952 0.86455 0.0651813 0.0937127 0.746391
2 0.228071 0.310711 0.0356667 0.0532763 0.743362
2 0.12295 0.157615 0.0323013 0.0474352 0.700722
0 0.772699 0.550844 0.0199956 0.0743095 0.57723
0 0.726383 0.661339 0.0130301 0.0546429 0.570165
9 0.0351613 0.202068 0.0148988 0.0331682 0.477594
2 0.818439 0.283116 0.0389873 0.0513534 0.44149
0 0.965881 0.724171 0.0148123 0.0639594 0.410473
0 0.946955 0.470133 0.0107681 0.0472106 0.372701
0 0.706491 0.656091 0.011026 0.0641722 0.359417
0 0.445449 0.299641 0.0113424 0.047583 0.339796
0 0.790568 0.605851 0.012852 0.0387583 0.326359
0 0.680872 0.863366 0.0122137 0.0666626 0.325612
0 0.551867 0.36261 0.0104816 0.0499695 0.317537
0 0.739781 0.617134 0.0104696 0.0503169 0.314696
0 0.0583881 0.270828 0.0103076 0.0436269 0.308114
