2 0.307071 0.252547 0.0456429 0.0646804 0.797544
0 0.553162 0.620258 0.0158453 0.0666004 0.60888
9 0.141951 0.250636 0.0126544 0.0517687 0.458411
9 0.288705 0.794256 0.0371777 0.0524129 0.454667
9 0.829267 0.374904 0.0103281 0.0236316 0.433241
3 0.100807 0.852504 0.032605 0.0548164 0.43214
9 0.735244 0.608131 0.0126755 0.0388203 0.406112
9 0.155827 0.912627 0.00911288 0.0419569 0.391901
9 0.116967 0.268328 0.0149846 0.0343476 0.39169
62 0.492414 0.12709 0.116934 0.133635 0.378189
0 0.140102 0.430141 0.0104593 0.0504356 0.375694
0 0.823296 0.579126 0.0118351 0.0587552 0.365119
0 0.835815 0.581974 0.0132248 0.066478 0.334291
0 0.365036 0.945128 0.033331 0.0941844 0.31715
0 0.094407 0.831088 0.0133255 0.0501612 0.29843
