2 0.257593 0.24874 0.0438733 0.0678165 0.826427
0 0.839755 0.674844 0.0144943 0.0711445 0.601804
9 0.289076 0.797793 0.0371714 0.0465973 0.538499
9 0.735462 0.60808 0.0118837 0.0382607 0.467555
0 0.894486 0.666976 0.015082 0.0626775 0.462369
0 0.314986 0.593171 0.0190224 0.062989 0.447148
0 0.442034 0.318231 0.0108334 0.0442389 0.438606
0 0.202456 0.434661 0.013632 0.0538143 0.347382
0 0.958765 0.77147 0.0129993 0.0559557 0.330183
0 0.391787 0.573849 0.0151279 0.048317 0.309335
62 0.492408 0.127321 0.117814 0.139686 0.29338
9 0.117109 0.266564 0.0140508 0.0338113 0.277595
2 0.0893299 0.0135409 0.03142 0.0270818 0.262435
0 0.329235 0.550276 0.0152694 0.0609111 0.261702
0 0.019379 0.494852 0.0176454 0.0604226 0.255879
2 0.257593 0.24874 0.0438733 0.0678165 0.826427
0 0.839755 0.674844 0.0144943 0.0711445 0.601804
9 0.289076 0.797793 0.0371714 0.0465973 0.538499
9 0.735462 0.60808 0.0118837 0.0382607 0.467555
0 0.894486 0.666976 0.015082 0.0626775 0.462369
0 0.314986 0.593171 0.0190224 0.062989 0.447148
0 0.442034 0.318231 0.0108334 0.0442389 0.438606
0 0.202456 0.434661 0.013632 0.0538143 0.347382
0 0.958765 0.77147 0.0129993 0.0559557 0.330183
0 0.391787 0.573849 0.0151279 0.048317 0.309335
62 0.492408 0.127321 0.117814 0.139686 0.29338
9 0.117109 0.266564 0.0140508 0.0338113 0.277595
2 0.0893299 0.0135409 0.03142 0.0270818 0.262435
0 0.329235 0.550276 0.0152694 0.0609111 0.261702
0 0.019379 0.494852 0.0176454 0.0604226 0.255879
