2 0.588912 0.400864 0.07187 0.0574974 0.788589
0 0.541265 0.357987 0.0102886 0.0457317 0.592811
0 0.781931 0.761261 0.0123873 0.0638875 0.586732
0 0.0677363 0.504725 0.0150555 0.0640275 0.533273
2 0.144868 0.879435 0.102062 0.110121 0.526144
0 0.659918 0.8564 0.0130152 0.0643695 0.50872
2 0.250502 0.978323 0.0525638 0.0424065 0.508629
9 0.0345815 0.201186 0.0143391 0.0375482 0.499857
0 0.0462855 0.592327 0.0165202 0.070251 0.46566
0 0.806035 0.558932 0.0124313 0.0600107 0.414006
0 0.764334 0.584234 0.0122391 0.0537372 0.400297
0 0.136644 0.499834 0.014396 0.0473746 0.355709
0 0.118835 0.535249 0.0169989 0.0503491 0.325127
0 0.776785 0.675911 0.0122938 0.0370246 0.321866
0 0.572074 0.356792 0.0119971 0.0365599 0.303657
0 0.947222 0.551982 0.0175144 0.057545 0.295949
0 0.944503 0.551988 0.0131321 0.0568068 0.289913
0 0.952575 0.552975 0.0108376 0.0587126 0.261375
0 0.141968 0.969662 0.0132158 0.0592984 0.26053
