2 0.257058 0.189739 0.0396765 0.0640596 0.775608
2 0.223566 0.213896 0.0406929 0.0632615 0.764922
9 0.155391 0.911079 0.00902779 0.0416867 0.608146
0 0.509401 0.414409 0.010941 0.0540566 0.587657
9 0.289183 0.795635 0.0373718 0.0481808 0.562656
2 0.307789 0.251869 0.0439735 0.0667097 0.552392
0 0.486033 0.368617 0.0119253 0.0514891 0.522185
0 0.0887082 0.508 0.0120749 0.0562819 0.431708
9 0.735037 0.612697 0.0131027 0.0437297 0.369651
0 0.165128 0.443362 0.0108012 0.0524924 0.366317
0 0.519498 0.416601 0.0114973 0.0511768 0.365267
0 0.76902 0.683305 0.0139331 0.06202 0.361318
0 0.75385 0.662813 0.0117916 0.0507286 0.336459
9 0.583111 0.287598 0.0149289 0.0355891 0.315918
62 0.49188 0.12789 0.117724 0.137775 0.308319
2 0.778346 0.387198 0.0317872 0.0393 0.307027
0 0.781326 0.675 0.0150741 0.0671932 0.270925
0 0.157122 0.439675 0.00990734 0.050902 0.268191
0 0.017091 0.481559 0.0180306 0.0608383 0.267213
9 0.141708 0.250756 0.0127367 0.05092 0.259976
