2 0.275529 0.501499 0.0410676 0.0683292 0.736764
0 0.871504 0.613038 0.0162952 0.0648295 0.558231
0 0.890561 0.604132 0.0120586 0.0589144 0.539747
0 0.805927 0.492942 0.012817 0.0634457 0.537097
0 0.881548 0.815867 0.0170645 0.0617499 0.523918
0 0.793646 0.486199 0.0112844 0.055583 0.518878
0 0.191425 0.414611 0.0118323 0.0522395 0.495878
5 0.0231242 0.11966 0.0455477 0.234836 0.481838
0 0.906813 0.615948 0.0141769 0.0666496 0.470636
0 0.840883 0.57914 0.0119797 0.058056 0.470467
0 0.0884205 0.532226 0.0124123 0.0568786 0.394735
0 0.897792 0.817204 0.0179396 0.0669476 0.348299
9 0.287638 0.798436 0.0328669 0.0521364 0.326385
0 0.105801 0.506726 0.0140756 0.0587924 0.317215
0 0.559883 0.359455 0.00945091 0.0479784 0.29928
62 0.491967 0.126037 0.117323 0.139089 0.292825
0 0.153018 0.488221 0.0125996 0.0605277 0.276323
