5 0.20783 0.278374 0.0742901 0.144686 0.870155
2 0.618871 0.67135 0.0739027 0.105557 0.851287
2 0.80148 0.915478 0.0891395 0.136499 0.82848
2 0.463087 0.509105 0.0502893 0.0827964 0.772814
2 0.192628 0.0970119 0.0370398 0.0502439 0.576383
5 0.530534 0.301785 0.128357 0.108567 0.466866
0 0.364588 0.945855 0.0317636 0.0985168 0.385804
0 0.00917339 0.546915 0.0141509 0.0590779 0.377672
2 0.935085 0.825642 0.0880035 0.0925858 0.343375
0 0.502588 0.33452 0.00928688 0.0426162 0.324598
0 0.715484 0.679446 0.012952 0.0551695 0.315853
0 0.0691025 0.541126 0.0168976 0.0514247 0.280293
0 0.0340632 0.520921 0.0115354 0.0469932 0.272597
0 0.0264887 0.573451 0.0122879 0.0593587 0.254283
