2 0.206853 0.669207 0.0872972 0.0947386 0.883922
2 0.796745 0.894863 0.0933519 0.130092 0.880066
5 0.161898 0.114539 0.0763375 0.121336 0.86718
2 0.673465 0.753664 0.0808069 0.121644 0.857796
2 0.615973 0.479049 0.0712912 0.0786194 0.852195
2 0.427682 0.51256 0.0777331 0.066512 0.842364
2 0.298312 0.23593 0.0464246 0.0723597 0.815292
2 0.198713 0.281824 0.0465812 0.0736743 0.804259
2 0.0684763 0.682274 0.0732358 0.0730372 0.802166
2 0.226922 0.449042 0.0463087 0.0688417 0.779953
5 0.755325 0.312183 0.0847719 0.0776866 0.716654
2 0.676693 0.398489 0.0589191 0.0622505 0.708536
5 0.537604 0.291514 0.132957 0.0846177 0.663901
2 0.119392 0.179106 0.0371806 0.0512715 0.662768
2 0.243085 0.238826 0.0420679 0.0654853 0.66205
2 0.257661 0.187728 0.0409438 0.0650715 0.618446
2 0.210697 0.187643 0.0398875 0.0726326 0.563727
2 0.812494 0.29302 0.0471983 0.0546561 0.539842
62 0.491421 0.130374 0.118353 0.139776 0.454376
0 0.405408 0.665734 0.016073 0.0568509 0.338133
2 0.243147 0.387664 0.0304734 0.0660486 0.298271
