2 0.808633 0.380445 0.0515625 0.0592873 0.530635
2 0.699979 0.343006 0.0613445 0.0527863 0.513721
62 0.492256 0.131511 0.118243 0.140725 0.513363
5 0.769083 0.259324 0.109472 0.120797 0.505613
0 0.155616 0.523589 0.0132763 0.0523884 0.457857
2 0.193747 0.120556 0.0372666 0.056808 0.366533
2 0.165902 0.0555349 0.0348509 0.0526364 0.358089
2 0.253415 0.182666 0.0411067 0.06044 0.35327
2 0.31645 0.250221 0.0322536 0.0497667 0.302051
0 0.344089 0.821347 0.0150046 0.0686761 0.291664
0 0.221191 0.797298 0.0126505 0.0646113 0.260525
