2 0.527342 0.393874 0.0717083 0.0621677 0.815517
2 0.66792 0.353071 0.0701723 0.0675562 0.784582
2 0.183504 0.324244 0.0391517 0.0538907 0.537002
0 0.78399 0.708165 0.0124736 0.061594 0.471382
0 0.976685 0.593416 0.0158226 0.0675916 0.456163
9 0.155675 0.913974 0.00819907 0.0382314 0.447067
0 0.879899 0.623386 0.012421 0.0553748 0.428958
0 0.163185 0.976115 0.0188422 0.0467228 0.416636
9 0.0346832 0.201811 0.014497 0.0390034 0.404356
9 0.571518 0.228541 0.0130215 0.0418551 0.387227
0 0.116302 0.506438 0.0135865 0.0625102 0.382558
0 0.76858 0.523411 0.0119637 0.0563153 0.36045
0 0.866627 0.60399 0.0126167 0.0505073 0.337923
0 0.806032 0.49334 0.0120033 0.0549021 0.299942
0 0.13131 0.956849 0.0159212 0.0800903 0.282755
0 0.0797579 0.547191 0.0138398 0.0524727 0.274488
0 0.760532 0.521454 0.0142212 0.061243 0.266899
