2 0.76417 0.469789 0.0573919 0.0821824 0.698467
2 0.193055 0.324657 0.0408115 0.0693238 0.666651
62 0.492337 0.135541 0.116954 0.121114 0.596939
2 0.262898 0.259669 0.0429763 0.0671528 0.556358
0 0.426902 0.682616 0.0136543 0.0636632 0.496613
9 0.288541 0.796627 0.0370523 0.0524312 0.465405
5 0.759088 0.264318 0.0968203 0.130628 0.448805
0 0.280026 0.486445 0.00960054 0.0543093 0.350271
0 0.587349 0.406167 0.0100274 0.0482161 0.326224
0 0.363977 0.417328 0.00908799 0.0417352 0.278085
5 0.0626557 0.409497 0.125311 0.173538 0.272025
0 0.754851 0.558642 0.0202433 0.0521883 0.270029
