5 0.712245 0.925694 0.26983 0.147547 0.904092
2 0.254106 0.249683 0.0392357 0.0659229 0.689137
5 0.159235 0.0501543 0.073203 0.0996581 0.681758
2 0.81537 0.370848 0.0359909 0.061704 0.623511
5 0.766538 0.269004 0.110954 0.145303 0.59757
2 0.226647 0.214611 0.0344157 0.0529996 0.580866
2 0.287061 0.226126 0.0450442 0.0608092 0.434537
2 0.755701 0.321298 0.0708607 0.0573787 0.397848
2 0.100953 0.0473615 0.0339167 0.0554089 0.396682
5 0.0665896 0.389506 0.133179 0.134433 0.340355
7 0.244611 0.143408 0.0395849 0.0642454 0.310423
2 0.178944 0.333507 0.036304 0.0546978 0.296762
0 0.133934 0.736532 0.0134847 0.0621277 0.293433
62 0.491168 0.132883 0.119317 0.149907 0.290404
