5 0.28422 0.223177 0.0921945 0.138726 0.883687
5 0.169809 0.117481 0.0772687 0.126396 0.849724
2 0.388392 0.345142 0.051755 0.0699279 0.83567
2 0.621317 0.687486 0.0666581 0.0958808 0.831042
2 0.551986 0.40107 0.0738233 0.0630244 0.789399
2 0.160296 0.203645 0.0411378 0.0541386 0.708769
2 0.208501 0.265539 0.038349 0.056358 0.675708
2 0.11647 0.228884 0.0357212 0.0496153 0.661047
62 0.492346 0.140165 0.11664 0.133908 0.613403
2 0.174508 0.909762 0.0921795 0.0964376 0.599274
2 0.140706 0.270159 0.0340101 0.0483009 0.528461
9 0.287293 0.800294 0.0322417 0.0528141 0.492357
2 0.109615 0.124978 0.0302056 0.0539527 0.445209
5 0.761392 0.265951 0.107394 0.132418 0.411119
9 0.735341 0.615099 0.0153345 0.0470815 0.392418
2 0.110696 0.0684328 0.0299757 0.042511 0.375933
2 0.0829752 0.0231484 0.0334024 0.0458063 0.366971
2 0.163741 0.314717 0.0540144 0.0655712 0.329337
0 0.132109 0.586682 0.0141652 0.0545531 0.326432
