2 0.646653 0.385233 0.0690406 0.0602704 0.846481
2 0.425005 0.369297 0.061939 0.0667977 0.787453
7 0.827399 0.863419 0.111372 0.174593 0.663274
7 0.283582 0.624439 0.0340534 0.0888241 0.652592
0 0.970758 0.683695 0.0166828 0.0574853 0.563213
0 0.901035 0.67464 0.0141159 0.0597641 0.551374
0 0.990175 0.720503 0.0151224 0.0638467 0.512418
0 0.812961 0.562529 0.0130108 0.0564819 0.451342
0 0.857546 0.800662 0.0167265 0.0721497 0.40746
0 0.787997 0.750694 0.0181131 0.0803736 0.399994
2 0.850276 0.433217 0.0608643 0.0643754 0.394713
0 0.861331 0.565186 0.015451 0.0590095 0.394702
0 0.777031 0.508466 0.010423 0.0499391 0.379426
0 0.170533 0.359007 0.0106201 0.0499914 0.373439
0 0.116326 0.519419 0.0136917 0.0525157 0.363344
0 0.745931 0.589534 0.0183834 0.0533471 0.344195
9 0.0346727 0.201512 0.0137533 0.0382076 0.314093
0 0.00551083 0.566714 0.0110172 0.0583745 0.310876
9 0.287068 0.793754 0.0335961 0.0520294 0.29734
0 0.146535 0.440628 0.0142971 0.0531891 0.295045
9 0.57125 0.227579 0.0124344 0.0434159 0.287776
0 0.961485 0.775504 0.0171173 0.0424649 0.280863
