2 0.097574 0.0495259 0.0323223 0.0509856 0.709592
2 0.8135 0.36608 0.0382377 0.0712437 0.663657
5 0.743778 0.281129 0.160477 0.176427 0.610214
0 0.115799 0.5253 0.0133672 0.0491045 0.465776
0 0.163873 0.58101 0.0171384 0.0559906 0.449621
0 0.481403 0.377015 0.0111471 0.0494407 0.3976
9 0.0347379 0.200344 0.0142869 0.0361642 0.375341
0 0.565687 0.743984 0.0126859 0.0582813 0.368373
0 0.144675 0.388964 0.0108364 0.0540943 0.367733
0 0.0723489 0.575492 0.0159368 0.0546706 0.361677
0 0.536029 0.528937 0.0129128 0.0551453 0.305888
0 0.794491 0.676248 0.0131954 0.0604843 0.300241
0 0.56179 0.501491 0.0131968 0.0581636 0.294256
0 0.124568 0.47294 0.0152691 0.0558347 0.289901
0 0.844526 0.689202 0.0190674 0.062993 0.277327
0 0.511366 0.764326 0.0136328 0.059894 0.276876
0 0.131051 0.409174 0.0102683 0.0518617 0.276263
62 0.491979 0.12652 0.116778 0.137219 0.274097
0 0.156322 0.382769 0.0111295 0.0476549 0.27314
0 0.580406 0.803253 0.0128395 0.0587494 0.262582
0 0.628971 0.548169 0.0139503 0.0560835 0.254046
0 0.651484 0.797648 0.016715 0.0670319 0.250115
