0 0.146887 0.749311 0.0150661 0.0644399 0.573689
5 0.0211677 0.12425 0.0418488 0.244492 0.501035
0 0.779315 0.665209 0.0138882 0.055387 0.442457
2 0.829155 0.406278 0.059067 0.0649771 0.405234
0 0.829803 0.710883 0.0120367 0.0488736 0.390023
0 0.959362 0.633313 0.013673 0.0548699 0.362036
0 0.807972 0.700277 0.0156715 0.0602291 0.360433
0 0.585378 0.706693 0.0127769 0.057717 0.358262
0 0.572608 0.704907 0.0129462 0.0580401 0.34117
0 0.973589 0.70673 0.0159052 0.0575419 0.338499
0 0.870615 0.625741 0.0142765 0.0522247 0.337851
0 0.362173 0.94382 0.0379698 0.09813 0.303881
0 0.518046 0.485876 0.0120447 0.0559996 0.295017
0 0.902981 0.697892 0.0144749 0.057196 0.284697
0 0.703501 0.850699 0.0235411 0.0707057 0.256854
0 0.806305 0.628216 0.0135445 0.0605436 0.253007
