2 0.790729 0.829925 0.0879407 0.131915 0.778417
2 0.181566 0.324277 0.0332445 0.0651187 0.725765
9 0.28876 0.796418 0.0365886 0.0512904 0.593073
0 0.543558 0.646135 0.0114689 0.0553392 0.449469
5 0.535253 0.303512 0.128038 0.112536 0.384849
9 0.626772 0.250239 0.0276348 0.0806215 0.363249
0 0.481533 0.346317 0.0106722 0.0570524 0.342268
0 0.309902 0.253856 0.0167972 0.0543796 0.338566
0 0.890651 0.593081 0.015588 0.0621468 0.330198
2 0.254015 0.24461 0.0427393 0.0676457 0.325804
2 0.222852 0.146355 0.0388547 0.0595651 0.323134
0 0.719753 0.674373 0.0158833 0.0996027 0.321807
2 0.216061 0.197391 0.0398922 0.0600264 0.31831
0 0.854687 0.601541 0.0126266 0.0580137 0.316943
0 0.365119 0.945229 0.0328189 0.098586 0.314138
62 0.492033 0.124065 0.117911 0.138246 0.28063
2 0.261408 0.257947 0.028767 0.0435809 0.278964
9 0.736849 0.608593 0.0163754 0.0354953 0.266611
9 0.142251 0.249253 0.0145049 0.048683 0.257441
