2 0.167878 0.655555 0.0937775 0.0751956 0.87836
2 0.602201 0.703935 0.0738419 0.106402 0.869652
2 0.602112 0.528939 0.0668833 0.0800568 0.843864
2 0.235039 0.6685 0.0913685 0.0872444 0.820393
2 0.194047 0.55035 0.0759508 0.0837941 0.818645
2 0.626184 0.454733 0.0768254 0.080642 0.720183
2 0.301459 0.243825 0.0376988 0.0607156 0.700305
2 0.221377 0.146033 0.0393732 0.0588457 0.686592
2 0.260089 0.2598 0.0488544 0.0773656 0.684552
2 0.258839 0.202932 0.0400781 0.0573964 0.600304
5 0.537795 0.289779 0.126326 0.0826808 0.486662
0 0.709604 0.840706 0.0229263 0.0653132 0.384166
9 0.15554 0.915004 0.00909972 0.0395779 0.353054
0 0.222918 0.430266 0.0159693 0.080649 0.351915
6 0.905989 0.0454877 0.186983 0.0900617 0.299062
