5 0.846605 0.913964 0.170303 0.168387 0.870378
2 0.332872 0.358143 0.0481632 0.0784712 0.788824
2 0.445767 0.478761 0.0568606 0.0982108 0.765377
2 0.726767 0.334898 0.0669669 0.0513463 0.760617
2 0.822472 0.41052 0.0644463 0.0718214 0.731969
2 0.797507 0.384014 0.071144 0.067817 0.606169
2 0.629398 0.686118 0.088953 0.150777 0.563079
9 0.287442 0.797549 0.0369306 0.0473463 0.480255
2 0.184621 0.330442 0.033575 0.0532304 0.444305
5 0.524783 0.291283 0.10171 0.0852145 0.417894
0 0.364813 0.946325 0.0349912 0.0974262 0.36979
