5 0.781439 0.323216 0.114906 0.122012 0.766209
5 0.589649 0.905541 0.242714 0.184916 0.697294
2 0.300743 0.250313 0.0491566 0.0542205 0.667757
2 0.260073 0.252487 0.0483039 0.0764272 0.6653
5 0.25195 0.159013 0.0802006 0.13844 0.601965
2 0.209929 0.189464 0.0399103 0.0609057 0.469506
2 0.684355 0.375123 0.0758192 0.0557403 0.350601
2 0.0882304 0.0320027 0.0324444 0.0515828 0.323901
2 0.166493 0.137793 0.0360095 0.048302 0.31812
0 0.30255 0.711742 0.013606 0.0607578 0.30959
5 0.537535 0.2935 0.132349 0.0879435 0.269811
2 0.806595 0.359818 0.0643231 0.104249 0.256825
