2 0.548016 0.602875 0.0627506 0.103103 0.814834
2 0.351439 0.375018 0.0496881 0.0649553 0.748758
2 0.21439 0.187158 0.039502 0.0669567 0.621212
2 0.192816 0.0973563 0.0379027 0.0492623 0.606954
5 0.518372 0.917044 0.147038 0.162348 0.576767
2 0.810434 0.329244 0.0447021 0.0578913 0.565514
0 0.116197 0.968681 0.0163929 0.0626377 0.522334
5 0.0587908 0.398895 0.117228 0.155708 0.478813
0 0.136088 0.968624 0.0155826 0.062752 0.440682
0 0.138721 0.459248 0.0132711 0.0581034 0.439542
62 0.492569 0.128315 0.116955 0.138452 0.412294
0 0.0776065 0.504911 0.0125318 0.0555362 0.335633
0 0.103934 0.508622 0.0117945 0.0517159 0.31782
5 0.532566 0.308733 0.119648 0.108048 0.299305
0 0.00784169 0.536438 0.0134412 0.0538515 0.266921
