2 0.270384 0.249274 0.0445477 0.0667707 0.822183
2 0.195182 0.121322 0.0408477 0.0640941 0.683698
2 0.780104 0.388137 0.0605837 0.0727961 0.672799
2 0.822642 0.425947 0.0718044 0.0695048 0.653025
9 0.117588 0.266784 0.0136863 0.03475 0.537466
9 0.15586 0.912115 0.00893242 0.0415724 0.516906
9 0.735485 0.61494 0.013584 0.0509415 0.510309
9 0.289484 0.79476 0.0354224 0.0508314 0.457707
0 0.131008 0.342886 0.0109017 0.0486262 0.456581
0 0.653156 0.605117 0.0151829 0.0578412 0.448455
7 0.123279 0.0279531 0.0492251 0.0547348 0.405675
0 0.93028 0.902534 0.0140213 0.0574849 0.391753
9 0.571482 0.226516 0.0156022 0.0451536 0.370669
0 0.361021 0.945892 0.0390458 0.100042 0.355092
9 0.142112 0.249649 0.0136706 0.0513793 0.343318
0 0.455053 0.468703 0.0127302 0.0598533 0.334665
0 0.59309 0.573895 0.0132559 0.0575461 0.253649
