5 0.287378 0.55493 0.167622 0.162855 0.937459
2 0.311122 0.258799 0.0437391 0.0551893 0.846103
2 0.261622 0.246321 0.042409 0.0662694 0.816107
2 0.0243728 0.62118 0.0486064 0.0510668 0.801131
2 0.240141 0.368298 0.0287351 0.0662854 0.533427
0 0.694215 0.85928 0.0150835 0.0713374 0.526961
5 0.0980519 0.183429 0.0553554 0.103815 0.509915
0 0.861958 0.618435 0.0140089 0.0565538 0.489773
0 0.144416 0.371416 0.010262 0.0466273 0.456448
0 0.808208 0.683646 0.0105164 0.0566996 0.370137
0 0.985422 0.481164 0.014785 0.0496104 0.348367
0 0.947507 0.569066 0.0144619 0.0630276 0.319659
0 0.0654318 0.315042 0.0100304 0.0307905 0.277682
0 0.855075 0.582469 0.0125137 0.0499644 0.263509
