5 0.559959 0.905376 0.198729 0.184378 0.925247
2 0.50763 0.551566 0.0646514 0.0816133 0.847086
5 0.233805 0.198259 0.0846357 0.149987 0.837962
2 0.360054 0.576373 0.055328 0.102395 0.817758
5 0.159212 0.0478751 0.0708514 0.0957501 0.811645
2 0.208858 0.318257 0.0467613 0.0698894 0.798588
2 0.159632 0.20789 0.0449907 0.0668676 0.794162
2 0.248846 0.417079 0.0478599 0.0846044 0.777121
2 0.265786 0.552492 0.0370121 0.0755708 0.743081
2 0.158937 0.129995 0.0400949 0.052339 0.663639
2 0.296589 0.221659 0.042565 0.0502835 0.653558
2 0.806518 0.376766 0.0555779 0.0690735 0.640456
7 0.235855 0.76724 0.0500741 0.104606 0.636512
2 0.813004 0.291927 0.0456893 0.0583081 0.555663
5 0.0219281 0.123777 0.0431786 0.244104 0.435725
62 0.492116 0.129831 0.117706 0.136667 0.431737
2 0.282087 0.96351 0.0591964 0.0712226 0.410124
2 0.065886 0.0133048 0.0256914 0.0266095 0.369619
2 0.0900011 0.123697 0.0322624 0.0546775 0.360506
5 0.523254 0.288477 0.108214 0.0803108 0.354352
0 0.93467 0.583896 0.0148933 0.0569688 0.275588
