5 0.233797 0.198883 0.0853444 0.152671 0.74924
62 0.491809 0.13875 0.117517 0.138644 0.72286
2 0.137023 0.0983006 0.0410285 0.065653 0.631976
2 0.759954 0.397023 0.0664412 0.0721827 0.527249
5 0.193949 0.133028 0.0469326 0.0909632 0.43407
2 0.288173 0.200288 0.0277681 0.0453447 0.425161
0 0.259518 0.745189 0.0156826 0.0644002 0.393551
0 0.242363 0.733195 0.0136099 0.0598726 0.31095
9 0.121345 0.380759 0.0124475 0.0413996 0.306744
0 0.464994 0.710054 0.0122581 0.0653962 0.298881
5 0.0933864 0.0314161 0.0342029 0.0608757 0.293286
0 0.0927507 0.844306 0.0161565 0.06938 0.280354
2 0.0934295 0.0317594 0.0345894 0.0613528 0.268256
