2 0.412476 0.571341 0.0916047 0.0832189 0.84296
2 0.216135 0.661467 0.088816 0.0977093 0.842108
2 0.29868 0.24943 0.0517832 0.0577053 0.699225
2 0.266634 0.25831 0.0456681 0.0658035 0.68924
2 0.640008 0.537508 0.0697161 0.0825051 0.663792
2 0.612063 0.452876 0.0860369 0.104489 0.633605
2 0.231853 0.215721 0.0399576 0.0653108 0.587901
2 0.706962 0.465297 0.0678078 0.0656838 0.504496
2 0.2581 0.197356 0.0406449 0.0576072 0.470108
2 0.816236 0.36644 0.0370266 0.0635456 0.426392
0 0.145706 0.856644 0.0162071 0.0624 0.388244
2 0.0565146 0.665419 0.0974375 0.110033 0.38015
2 0.178712 0.330474 0.0444837 0.0547961 0.353538
7 0.243362 0.139253 0.0409197 0.056544 0.264819
9 0.288533 0.799872 0.0340446 0.0428765 0.263663
