2 0.2085 0.185181 0.0390656 0.0622796 0.683633
62 0.49225 0.140884 0.117885 0.132571 0.628637
2 0.256013 0.238069 0.0654512 0.112833 0.579523
5 0.2564 0.237381 0.0650361 0.114017 0.57075
2 0.170547 0.143306 0.0345665 0.0504164 0.38012
5 0.0229533 0.121497 0.0451544 0.237533 0.363758
9 0.28768 0.794738 0.0376682 0.0528286 0.319663
0 0.363807 0.944782 0.0345842 0.100107 0.294432
5 0.771057 0.259917 0.113287 0.121941 0.289134
2 0.803358 0.379291 0.0554424 0.0727129 0.275813
2 0.117931 0.229842 0.0384856 0.0511825 0.266639
2 0.826456 0.401108 0.0269241 0.0541272 0.264185
