7 0.244556 0.920284 0.0723781 0.156782 0.633543
0 0.143962 0.469421 0.0102381 0.0504223 0.596233
0 0.782058 0.550707 0.0120768 0.0544662 0.547885
0 0.746891 0.682193 0.0131323 0.0661035 0.517184
7 0.169125 0.306558 0.0483045 0.0757662 0.451313
0 0.0339679 0.542372 0.0117217 0.0596837 0.446976
9 0.0355328 0.203601 0.0154521 0.0353903 0.433378
0 0.0132773 0.548364 0.0125295 0.0605524 0.428289
0 0.902332 0.710754 0.0121998 0.0593826 0.403877
0 0.0626349 0.533537 0.0139216 0.062033 0.360565
0 0.758804 0.698065 0.0138618 0.0639654 0.346452
2 0.169624 0.306595 0.0475321 0.0742022 0.344453
0 0.915386 0.529852 0.015836 0.0507638 0.338772
0 0.0963648 0.50721 0.0158905 0.0478219 0.319845
0 0.365081 0.941249 0.032222 0.0931254 0.291076
0 0.913378 0.71972 0.0123127 0.0598989 0.282378
0 0.613442 0.328939 0.0101776 0.047762 0.253458
