2 0.570118 0.529075 0.0732341 0.0815114 0.852058
2 0.6282 0.461219 0.0707649 0.0774281 0.811978
2 0.186526 0.63489 0.0889478 0.0800084 0.809728
2 0.377949 0.592155 0.0720612 0.0750417 0.78881
7 0.286363 0.218349 0.0944681 0.153312 0.752795
2 0.270039 0.276466 0.0455518 0.0696961 0.716164
2 0.476137 0.476798 0.0729153 0.0676016 0.703118
2 0.205909 0.184901 0.0457624 0.071594 0.695085
7 0.793504 0.36568 0.087941 0.1212 0.685153
62 0.492263 0.137732 0.11595 0.134658 0.622101
0 0.365345 0.94606 0.033068 0.0964433 0.551898
9 0.736129 0.61605 0.0147099 0.0471627 0.397024
9 0.288032 0.794216 0.0346923 0.0551497 0.38225
9 0.155606 0.913947 0.0103764 0.0448954 0.344646
0 0.203563 0.474567 0.0156694 0.0513598 0.309087
5 0.524935 0.296806 0.102895 0.0946339 0.265911
