2 0.125335 0.70324 0.0795088 0.101666 0.887116
2 0.216246 0.714327 0.0869598 0.0811714 0.865399
2 0.562996 0.536309 0.0742118 0.0863428 0.864446
2 0.18829 0.518787 0.0720577 0.0892176 0.830505
5 0.192279 0.150995 0.0792468 0.125438 0.819298
2 0.46106 0.548624 0.0870104 0.0781837 0.818452
2 0.353176 0.557527 0.082072 0.0732529 0.817386
2 0.239312 0.23493 0.0422574 0.0601154 0.779844
2 0.725637 0.414175 0.0743027 0.0817885 0.761516
7 0.649064 0.397397 0.098076 0.108792 0.748359
5 0.134871 0.0859043 0.067044 0.112093 0.722334
2 0.71326 0.33463 0.0760456 0.0534731 0.621422
5 0.535345 0.290051 0.12782 0.0825932 0.566442
2 0.175922 0.320573 0.0466695 0.0609933 0.493254
0 0.705115 0.850314 0.0179361 0.0596997 0.381111
2 0.0884978 0.0431919 0.0296391 0.0449275 0.35731
0 0.949683 0.87627 0.0224392 0.0747094 0.315375
9 0.575541 0.229893 0.0202008 0.0445494 0.285285
