5 0.558973 0.907277 0.221382 0.178875 0.896371
7 0.338975 0.274317 0.06886 0.1248 0.871125
7 0.530743 0.566083 0.0882618 0.16105 0.82783
2 0.447464 0.389333 0.0661821 0.068946 0.819016
5 0.241545 0.227936 0.0896947 0.130035 0.792711
7 0.667738 0.352978 0.134104 0.146898 0.754112
2 0.804971 0.382057 0.0548067 0.0639876 0.711427
2 0.128879 0.174423 0.0368376 0.0542278 0.703945
5 0.0946951 0.0434866 0.0664603 0.0860982 0.607861
5 0.0224251 0.122607 0.044273 0.239777 0.601156
0 0.20719 0.450437 0.0119701 0.0578078 0.528255
2 0.0731256 0.736338 0.0402629 0.0876838 0.387265
0 0.127802 0.505763 0.0122867 0.0588748 0.342469
2 0.046742 0.739193 0.0925585 0.0972649 0.304994
9 0.155318 0.914751 0.00886693 0.0422738 0.29608
62 0.492103 0.131938 0.117473 0.130323 0.270955
2 0.832523 0.430196 0.0598251 0.0888163 0.25636
