2 0.801911 0.427323 0.0599775 0.076403 0.83432
2 0.272899 0.456837 0.0357189 0.0693978 0.716166
0 0.738294 0.662699 0.0114466 0.0561723 0.64864
0 0.846128 0.596088 0.0149269 0.0540198 0.593494
0 0.826222 0.654727 0.0126659 0.0611775 0.491864
2 0.687886 0.343631 0.0622278 0.0641186 0.464381
5 0.0226529 0.12077 0.0447125 0.237085 0.45626
2 0.801048 0.329491 0.0591782 0.0660089 0.43681
0 0.741121 0.553202 0.0134993 0.0586377 0.429104
0 0.89581 0.615067 0.0159288 0.0675117 0.418887
0 0.760345 0.50132 0.0155468 0.0654217 0.406114
0 0.0575697 0.538033 0.0130357 0.056964 0.391946
7 0.800368 0.285952 0.0612323 0.0598375 0.371889
0 0.0675168 0.501998 0.011113 0.0596461 0.280406
0 0.869699 0.626709 0.0125397 0.0410375 0.261904
0 0.87994 0.609058 0.0123631 0.0511263 0.260692
