2 0.446847 0.372349 0.0649469 0.06732 0.816961
2 0.357344 0.303831 0.046491 0.0714573 0.80458
2 0.204825 0.185464 0.0388984 0.0507585 0.771727
2 0.267459 0.619595 0.0392324 0.0874279 0.744622
2 0.268657 0.760445 0.0396497 0.0859233 0.715784
2 0.234413 0.397888 0.0447561 0.0690016 0.683769
5 0.116014 0.0584081 0.0680986 0.107581 0.682442
2 0.435762 0.466642 0.0489203 0.0849943 0.480875
2 0.707498 0.339176 0.0712156 0.053612 0.473124
0 0.131575 0.496888 0.0111677 0.054214 0.334493
0 0.114124 0.973335 0.0157103 0.0517324 0.313726
0 0.910346 0.87646 0.0149311 0.0595678 0.30887
0 0.36547 0.944204 0.033344 0.0931115 0.280953
3 0.604894 0.691341 0.0388876 0.0531367 0.267777
