0 0.205253 0.483814 0.0125372 0.0516199 0.609273
2 0.270864 0.212593 0.0456488 0.0579219 0.60122
0 0.125486 0.485554 0.0168137 0.0573897 0.564068
2 0.144312 0.105039 0.0380269 0.0643776 0.563803
9 0.290565 0.794165 0.0399025 0.0524685 0.553223
0 0.364912 0.945417 0.0328 0.0971907 0.511263
2 0.203534 0.179848 0.0390231 0.0629482 0.490781
0 0.221284 0.490875 0.0195279 0.0412384 0.470567
9 0.155953 0.913272 0.00971398 0.0410407 0.437157
5 0.0634416 0.404871 0.126871 0.177731 0.424395
9 0.73559 0.611399 0.0132902 0.0430817 0.409857
0 0.88355 0.825918 0.0170544 0.0410709 0.406323
9 0.626789 0.247305 0.0255041 0.0790999 0.366633
2 0.840032 0.404814 0.033119 0.0454303 0.365085
9 0.831424 0.345874 0.0119108 0.033301 0.340669
9 0.571737 0.226319 0.015287 0.0453829 0.28017
3 0.32539 0.277626 0.049194 0.0660224 0.262458
9 0.583809 0.293337 0.0179209 0.0604296 0.251438
