9 0.144845 0.250812 0.0168895 0.0539104 0.633948
0 0.176411 0.418398 0.0194873 0.0855116 0.575466
0 0.111621 0.970086 0.0159611 0.0598289 0.550653
0 0.137273 0.468771 0.0133406 0.057047 0.528961
9 0.156043 0.913075 0.00929677 0.0428874 0.509991
9 0.623071 0.24988 0.017775 0.0725373 0.492675
0 0.134612 0.469522 0.0122504 0.0581248 0.465114
9 0.287051 0.800494 0.0327205 0.0587596 0.411095
0 0.52963 0.34638 0.011649 0.0448276 0.393132
9 0.735483 0.610589 0.0140047 0.0430097 0.366505
0 0.644817 0.333142 0.01059 0.0521556 0.362759
9 0.116949 0.267933 0.015572 0.0347588 0.359526
0 0.619293 0.340231 0.0121782 0.0520189 0.344148
9 0.583279 0.28691 0.0120115 0.0343939 0.325262
