2 0.169467 0.649695 0.0913047 0.0872166 0.858076
2 0.247504 0.247457 0.0443658 0.0555076 0.854962
2 0.296227 0.252044 0.0455993 0.0703942 0.780179
2 0.373843 0.507633 0.0771738 0.067215 0.693608
9 0.287986 0.796246 0.0374135 0.0516602 0.602224
62 0.492336 0.13796 0.118417 0.149989 0.597654
2 0.638186 0.528678 0.0787827 0.160242 0.590662
2 0.765314 0.399392 0.0623739 0.0653262 0.389693
9 0.155681 0.91502 0.00871048 0.0390272 0.382438
0 0.74631 0.692579 0.0116178 0.0723716 0.335791
0 0.79551 0.720503 0.0108128 0.061989 0.291991
0 0.814195 0.539565 0.01089 0.0671716 0.289306
0 0.837169 0.63179 0.0135557 0.0642766 0.281895
9 0.584206 0.286535 0.0106412 0.0303901 0.263655
2 0.766174 0.467856 0.0620261 0.0836812 0.263248
0 0.819298 0.706782 0.0144062 0.0551247 0.257278
