2 0.21441 0.686963 0.102061 0.0959262 0.892357
2 0.247397 0.585787 0.0824369 0.082321 0.835163
2 0.413583 0.613869 0.0853903 0.0994046 0.821055
2 0.663482 0.403961 0.0779022 0.0701238 0.785742
2 0.272546 0.276569 0.0445278 0.0618062 0.774658
2 0.462311 0.490973 0.0769061 0.0615258 0.773011
2 0.660969 0.469623 0.0692286 0.0815082 0.711769
2 0.1755 0.229681 0.0383003 0.0517356 0.698709
2 0.232763 0.22044 0.0415477 0.0653772 0.67806
2 0.31414 0.259662 0.0461726 0.056372 0.658648
5 0.764808 0.263073 0.102776 0.131115 0.595782
62 0.492029 0.135623 0.118743 0.144295 0.517732
2 0.261126 0.198065 0.0484329 0.0771561 0.459619
9 0.154929 0.913191 0.00957983 0.0436157 0.438159
9 0.289416 0.795542 0.0388981 0.0534468 0.327275
0 0.697979 0.880857 0.015366 0.0609283 0.323721
