5 0.689286 0.412901 0.170158 0.168011 0.911938
2 0.146635 0.656242 0.0996436 0.0905234 0.880628
2 0.245608 0.473682 0.0419134 0.0740857 0.834897
2 0.751424 0.468133 0.0701595 0.0715664 0.799476
2 0.293081 0.24386 0.0361508 0.0562535 0.780577
2 0.235132 0.22935 0.0338977 0.0589495 0.767392
2 0.448025 0.50465 0.0732586 0.0743862 0.702704
2 0.250204 0.18598 0.0406501 0.0622239 0.655265
3 0.0675499 0.618207 0.0395505 0.0520601 0.611938
7 0.594299 0.601316 0.0432852 0.126669 0.547453
0 0.706942 0.843563 0.0181709 0.0627665 0.418439
2 0.203924 0.162915 0.0511136 0.0979758 0.399332
2 0.594394 0.601222 0.0435069 0.126316 0.364923
2 0.142744 0.105242 0.0438332 0.06797 0.355701
9 0.155124 0.915835 0.00870242 0.0401723 0.324843
0 0.904458 0.897564 0.012936 0.0693398 0.267603
0 0.963591 0.973139 0.0147511 0.0536326 0.254266
