2 0.29715 0.245285 0.0430049 0.058551 0.831536
2 0.195207 0.173649 0.0378399 0.0501797 0.768381
2 0.251098 0.238618 0.0442125 0.0657557 0.681724
2 0.189402 0.0892543 0.0369711 0.0467967 0.623514
0 0.803372 0.555739 0.0158548 0.0658686 0.573756
9 0.155598 0.912645 0.00910196 0.0434024 0.545992
0 0.865525 0.571338 0.0115173 0.0516113 0.520934
9 0.288749 0.793806 0.0397539 0.0538457 0.516123
0 0.736366 0.760105 0.0193729 0.0614617 0.461516
0 0.596076 0.527969 0.0124945 0.0680033 0.407756
2 0.748828 0.387826 0.0707915 0.0812813 0.384413
0 0.585828 0.53009 0.0117201 0.0596922 0.359283
9 0.117187 0.266003 0.0151707 0.0358728 0.357566
0 0.455108 0.31046 0.0110102 0.040231 0.345075
2 0.256466 0.193365 0.0431658 0.0551096 0.343284
9 0.143821 0.249775 0.0183084 0.0510596 0.314493
9 0.735598 0.611842 0.0134563 0.0416348 0.311691
0 0.815512 0.666698 0.0124039 0.0599699 0.309611
62 0.492087 0.125547 0.117972 0.140121 0.294565
9 0.58341 0.286889 0.0148627 0.0361019 0.292932
0 0.830004 0.593435 0.0107958 0.0530887 0.273017
2 0.259592 0.197472 0.0375495 0.0439067 0.268178
7 0.819042 0.433974 0.068951 0.0854234 0.260509
