5 0.301763 0.205492 0.0908114 0.136623 0.83583
5 0.253506 0.232466 0.0637475 0.114543 0.822018
0 0.777136 0.747474 0.0138916 0.0554988 0.510133
0 0.779756 0.502431 0.0115631 0.0545193 0.448223
0 0.872035 0.716799 0.0128185 0.0607669 0.429824
0 0.844741 0.658361 0.0131989 0.0574547 0.407169
5 0.0227597 0.123863 0.0449505 0.243196 0.401389
5 0.0468471 0.407421 0.0933877 0.169148 0.393362
0 0.364963 0.942467 0.0333794 0.0962313 0.38878
0 0.820983 0.736323 0.0139717 0.0542458 0.365599
0 0.0623614 0.541187 0.0140435 0.0601611 0.354383
0 0.147533 0.474332 0.0113451 0.0476088 0.31333
0 0.0512557 0.546895 0.0128738 0.0611976 0.306094
0 0.145857 0.324435 0.0116 0.0459978 0.300915
0 0.804336 0.487659 0.011808 0.0518848 0.295162
0 0.855124 0.842839 0.0153076 0.0619229 0.252416
