5 0.417004 0.548766 0.197331 0.125359 0.926558
2 0.239227 0.699264 0.0877745 0.108082 0.891374
2 0.138824 0.718691 0.0880168 0.0934772 0.884444
2 0.247979 0.246652 0.0418098 0.0606784 0.823182
2 0.299478 0.23867 0.0427994 0.0680542 0.77128
2 0.807254 0.33139 0.0457371 0.0563048 0.680911
2 0.818329 0.361034 0.0312069 0.0583528 0.559287
0 0.713336 0.891688 0.0182485 0.0681678 0.558136
62 0.492048 0.130647 0.117864 0.131017 0.537696
2 0.135222 0.105586 0.0298456 0.0448586 0.504609
0 0.162205 0.975492 0.018176 0.0479841 0.435455
2 0.84508 0.409087 0.0337975 0.0391686 0.40079
5 0.214417 0.115432 0.0738245 0.119725 0.386994
0 0.140253 0.965001 0.0150258 0.0692495 0.368797
5 0.1917 0.141756 0.0869835 0.161105 0.359541
0 0.120323 0.967316 0.0177917 0.0640939 0.350425
7 0.19153 0.141647 0.0867929 0.161157 0.336587
5 0.53507 0.296341 0.119299 0.0922846 0.316853
0 0.0775116 0.538602 0.012109 0.0656391 0.290508
0 0.495445 0.425912 0.0182016 0.0457294 0.269941
0 0.127895 0.980503 0.0134118 0.0389945 0.252025
