2 0.243758 0.444163 0.0339743 0.0638741 0.719908
2 0.232874 0.956895 0.0746448 0.0856825 0.653504
0 0.0838174 0.535047 0.013238 0.0606988 0.559222
9 0.735362 0.610229 0.0136042 0.0393636 0.505034
2 0.152381 0.222592 0.038515 0.053808 0.468253
9 0.287602 0.79835 0.0337607 0.0586909 0.44282
0 0.097942 0.526326 0.0138599 0.0520803 0.402339
0 0.721406 0.65367 0.0107383 0.0594524 0.400555
0 0.743975 0.68401 0.0143452 0.0759496 0.39691
0 0.361775 0.933581 0.0256697 0.0707964 0.385202
0 0.708641 0.655425 0.0133631 0.0660881 0.359729
0 0.166957 0.402379 0.0142842 0.0493446 0.295308
9 0.58296 0.285806 0.015164 0.0326153 0.293862
0 0.0324804 0.553538 0.0132078 0.0611521 0.291575
0 0.0484759 0.542057 0.0179054 0.0817457 0.285567
9 0.625283 0.2506 0.0230631 0.078309 0.274179
