2 0.299899 0.246933 0.0452944 0.0679914 0.655072
0 0.753797 0.693693 0.0142426 0.0648856 0.55755
0 0.0155021 0.564723 0.0129462 0.0547678 0.535065
0 0.764623 0.692854 0.0128517 0.0632173 0.506887
0 0.865555 0.641755 0.0123978 0.0596748 0.479336
9 0.73526 0.610186 0.0123311 0.0412884 0.46197
0 0.421281 0.599247 0.014749 0.0563382 0.417176
5 0.771872 0.266102 0.10705 0.111934 0.392696
0 0.383429 0.50746 0.0107121 0.0523224 0.388368
0 0.819661 0.664159 0.0162846 0.0593154 0.387939
0 0.0381036 0.612104 0.019829 0.0599078 0.372426
0 0.18576 0.540654 0.0146052 0.0560787 0.37111
0 0.14496 0.573847 0.0158568 0.0556444 0.370912
0 0.359328 0.845101 0.0225378 0.0700984 0.362519
62 0.49211 0.128049 0.11825 0.140927 0.355891
0 0.80987 0.702025 0.0174971 0.0761564 0.347026
9 0.297944 0.808057 0.015412 0.0333038 0.31867
9 0.297814 0.824607 0.0170722 0.0674878 0.307948
0 0.66197 0.636417 0.0165355 0.0598013 0.302056
0 0.912337 0.553816 0.0153416 0.0481176 0.298753
0 0.043922 0.543858 0.012069 0.0608181 0.282595
2 0.299899 0.246933 0.0452944 0.0679914 0.655072
0 0.753797 0.693693 0.0142426 0.0648856 0.55755
0 0.0155021 0.564723 0.0129462 0.0547678 0.535065
0 0.764623 0.692854 0.0128517 0.0632173 0.506887
0 0.865555 0.641755 0.0123978 0.0596748 0.479336
9 0.73526 0.610186 0.0123311 0.0412884 0.46197
0 0.421281 0.599247 0.014749 0.0563382 0.417176
5 0.771872 0.266102 0.10705 0.111934 0.392696
0 0.383429 0.50746 0.0107121 0.0523224 0.388368
0 0.819661 0.664159 0.0162846 0.0593154 0.387939
0 0.0381036 0.612104 0.019829 0.0599078 0.372426
0 0.18576 0.540654 0.0146052 0.0560787 0.37111
0 0.14496 0.573847 0.0158568 0.0556444 0.370912
0 0.359328 0.845101 0.0225378 0.0700984 0.362519
62 0.49211 0.128049 0.11825 0.140927 0.355891
0 0.80987 0.702025 0.0174971 0.0761564 0.347026
9 0.297944 0.808057 0.015412 0.0333038 0.31867
9 0.297814 0.824607 0.0170722 0.0674878 0.307948
0 0.66197 0.636417 0.0165355 0.0598013 0.302056
0 0.912337 0.553816 0.0153416 0.0481176 0.298753
0 0.043922 0.543858 0.012069 0.0608181 0.282595
