2 0.412116 0.385666 0.0556861 0.061343 0.703205
5 0.767444 0.263015 0.112793 0.133498 0.69645
2 0.621521 0.407177 0.0778795 0.0622189 0.688598
2 0.339628 0.307074 0.0494294 0.067952 0.572987
62 0.492739 0.139639 0.11631 0.127095 0.516738
9 0.116789 0.146344 0.0326885 0.0525617 0.458751
9 0.287523 0.798535 0.0328175 0.0539208 0.428132
2 0.256492 0.458311 0.0336903 0.0650704 0.412797
5 0.213771 0.93483 0.0956598 0.128413 0.412333
2 0.248246 0.162366 0.043301 0.0647125 0.359434
2 0.0912381 0.036928 0.0429147 0.0710619 0.303812
9 0.155095 0.913367 0.00767493 0.0402537 0.286158
9 0.12149 0.379072 0.0122908 0.0419478 0.274102
