2 0.489549 0.548962 0.0628389 0.0817418 0.870412
5 0.196932 0.234796 0.0855584 0.138187 0.807185
2 0.0804465 0.0244439 0.0375635 0.0488877 0.715174
2 0.138182 0.101737 0.0339613 0.0573393 0.657098
2 0.163499 0.307079 0.0448058 0.0563144 0.648217
5 0.537527 0.292166 0.132378 0.0892914 0.643245
2 0.191911 0.345576 0.0464423 0.0563002 0.6263
7 0.280684 0.436007 0.0391957 0.0974131 0.452228
62 0.491614 0.130365 0.118808 0.140052 0.37231
0 0.930457 0.898247 0.0158062 0.0760169 0.312173
0 0.120086 0.969772 0.0157296 0.056454 0.310701
7 0.680059 0.771596 0.0682202 0.127921 0.310409
2 0.101947 0.210861 0.0356174 0.0462798 0.299718
2 0.280556 0.435696 0.0395539 0.0971341 0.268697
5 0.102758 0.830006 0.0991842 0.159314 0.257867
