2 0.275538 0.287582 0.0453453 0.0582837 0.856049
2 0.304217 0.252607 0.0436626 0.0688823 0.773508
2 0.518369 0.555582 0.0798725 0.131004 0.755115
2 0.642925 0.381711 0.0762864 0.0544805 0.745313
2 0.480775 0.385667 0.0606468 0.0701302 0.74428
7 0.289896 0.484478 0.055454 0.18783 0.666003
2 0.174808 0.217968 0.0389559 0.0570454 0.644085
62 0.491984 0.135676 0.117542 0.135853 0.603949
0 0.152831 0.91471 0.0173822 0.0698885 0.443382
9 0.287259 0.798115 0.0336411 0.0536935 0.423662
2 0.37981 0.336226 0.051224 0.0745461 0.309919
0 0.563307 0.33541 0.00980082 0.043988 0.290041
0 0.154208 0.345737 0.0129965 0.047897 0.266822
