5 0.571943 0.611066 0.155804 0.231735 0.939146
2 0.274601 0.297054 0.0439843 0.0675865 0.812842
2 0.512743 0.402987 0.0734501 0.0646357 0.805672
2 0.219967 0.177873 0.0421223 0.0562072 0.778843
2 0.269698 0.492017 0.0382688 0.0677799 0.682645
2 0.268558 0.177949 0.0454246 0.0695556 0.653636
2 0.340745 0.314194 0.0487109 0.0736091 0.63011
5 0.739229 0.302299 0.167785 0.217314 0.564097
2 0.83964 0.415407 0.0538122 0.0573801 0.536866
62 0.492347 0.140387 0.115754 0.134612 0.514089
9 0.288262 0.797025 0.0325041 0.0539941 0.40032
9 0.744475 0.545357 0.0108807 0.0368306 0.296752
