2 0.257981 0.253349 0.0453702 0.0675787 0.81774
2 0.78221 0.385807 0.0642981 0.0688386 0.80954
9 0.0348472 0.201737 0.014212 0.0384722 0.531405
0 0.667091 0.633958 0.0136473 0.0570414 0.439185
0 0.295794 0.854586 0.0203758 0.0705471 0.426644
0 0.618805 0.381152 0.0139305 0.045015 0.406694
0 0.449923 0.570323 0.0170696 0.0561751 0.377405
2 0.844032 0.423914 0.0481512 0.0573792 0.369614
62 0.491964 0.127208 0.117269 0.135018 0.33478
0 0.510326 0.682127 0.0162691 0.0573079 0.319799
0 0.120223 0.508743 0.0125187 0.0616428 0.308107
0 0.564256 0.830149 0.0163761 0.0694478 0.288099
0 0.502784 0.441968 0.0155045 0.0498106 0.272305
9 0.571261 0.227562 0.0127895 0.0436159 0.265925
0 0.0948719 0.50223 0.0114957 0.0586755 0.263696
0 0.749364 0.678268 0.0146534 0.0810889 0.262472
0 0.314369 0.942041 0.0158305 0.0696898 0.258022
0 0.634623 0.759643 0.0139826 0.0760145 0.256434
0 0.420881 0.318285 0.0100157 0.0495865 0.252195
