2 0.26154 0.253268 0.0391569 0.0578653 0.799353
2 0.168375 0.306541 0.0461319 0.0757551 0.678394
0 0.394228 0.837191 0.0143591 0.0659271 0.621352
0 0.083878 0.62535 0.0121195 0.0573299 0.603102
6 0.902561 0.0453763 0.194078 0.0889459 0.572109
0 0.863695 0.683243 0.0120289 0.0551139 0.564331
0 0.0681873 0.630735 0.0127934 0.0595918 0.563829
2 0.82286 0.401337 0.0336344 0.061305 0.534608
0 0.715758 0.830464 0.014105 0.066315 0.507738
0 0.271739 0.544063 0.0125519 0.0504227 0.40712
0 0.5853 0.771065 0.0150405 0.0669715 0.379534
2 0.84993 0.42898 0.0237017 0.0631141 0.34331
0 0.311868 0.853619 0.0158742 0.0633625 0.330028
0 0.912983 0.627389 0.0142151 0.0520372 0.323915
0 0.49864 0.573143 0.0189349 0.0582442 0.307859
0 0.23005 0.567036 0.0102712 0.0508126 0.299679
0 0.529912 0.842452 0.0166301 0.0689772 0.299104
0 0.613954 0.53479 0.0159229 0.0494673 0.296505
9 0.0353417 0.202693 0.013477 0.03622 0.282893
0 0.994232 0.620784 0.0108921 0.0564038 0.280592
0 0.318139 0.586544 0.0160606 0.0496326 0.279657
0 0.0405307 0.555196 0.0150074 0.0555771 0.266594
62 0.492335 0.126208 0.117383 0.135772 0.261497
9 0.155397 0.912631 0.00874197 0.0417301 0.2592
0 0.55653 0.392296 0.0126632 0.0510244 0.259194
0 0.0715156 0.562895 0.0148445 0.0493359 0.258571
0 0.330465 0.877208 0.0209678 0.0656932 0.252738
