5 0.196536 0.119621 0.0603665 0.121315 0.872827
5 0.269771 0.250626 0.0938447 0.146685 0.849021
2 0.198146 0.257209 0.0458498 0.0550769 0.847096
2 0.245356 0.337674 0.0394108 0.0545244 0.789952
2 0.463951 0.373852 0.0741442 0.0825506 0.757067
5 0.299182 0.518175 0.0503766 0.202173 0.731279
5 0.296231 0.744088 0.0792466 0.264266 0.709418
62 0.491979 0.132274 0.117933 0.138811 0.633769
0 0.218834 0.587001 0.0140628 0.0561384 0.581935
2 0.689611 0.368845 0.0651288 0.0695541 0.565444
2 0.274839 0.407797 0.0331344 0.0661111 0.557374
5 0.0211072 0.12177 0.0416137 0.242023 0.526461
2 0.149373 0.0750149 0.0393645 0.0493486 0.500947
2 0.107559 0.126604 0.0319158 0.0480024 0.452539
5 0.527451 0.288302 0.101731 0.0779669 0.378001
2 0.114326 0.229713 0.0358897 0.0429812 0.346412
2 0.0869809 0.0410785 0.0311045 0.0496745 0.321846
2 0.166632 0.31012 0.0370531 0.0591253 0.303168
0 0.696197 0.880982 0.0138119 0.0629445 0.257482
