2 0.25017 0.653267 0.10264 0.112076 0.812345
2 0.457539 0.555383 0.080515 0.0894318 0.803806
2 0.67102 0.389822 0.0736692 0.0785428 0.763684
2 0.158966 0.195297 0.0439845 0.0592402 0.734071
2 0.328737 0.261877 0.0474786 0.0656425 0.683472
2 0.113192 0.126109 0.036807 0.0615224 0.680408
62 0.491868 0.138152 0.118234 0.141982 0.664633
5 0.179766 0.148314 0.0762731 0.127807 0.644406
2 0.260565 0.263926 0.0384562 0.0541704 0.534595
9 0.288158 0.794817 0.0353559 0.0521596 0.533208
5 0.759716 0.263466 0.0977688 0.128514 0.420471
9 0.121376 0.379968 0.0111427 0.0429032 0.26346
9 0.583885 0.287261 0.00977669 0.0302334 0.252491
