5 0.700302 0.76132 0.180164 0.264655 0.923847
5 0.562168 0.923515 0.159417 0.150294 0.824468
2 0.539595 0.598822 0.0700588 0.104281 0.812284
2 0.335739 0.33173 0.0570419 0.0716254 0.784173
2 0.293085 0.507993 0.0368383 0.0665404 0.759105
5 0.803355 0.359347 0.0687006 0.111707 0.750029
2 0.240001 0.342174 0.0425503 0.0675681 0.748972
2 0.458892 0.482743 0.0603848 0.0886785 0.707614
2 0.138771 0.0625952 0.0381751 0.0539483 0.673883
62 0.492757 0.137977 0.119456 0.141734 0.545198
5 0.52585 0.286648 0.111307 0.0817215 0.4917
2 0.280528 0.948045 0.0568236 0.102275 0.444718
5 0.770035 0.265332 0.109289 0.138768 0.410908
2 0.7379 0.356962 0.0640957 0.0524797 0.405663
9 0.287812 0.797155 0.0325488 0.0540571 0.402842
9 0.169485 0.249185 0.0283776 0.0568128 0.369502
9 0.278991 0.603689 0.0157862 0.0558729 0.30816
9 0.155169 0.91488 0.0079787 0.0399122 0.294927
0 0.155962 0.977322 0.0144486 0.0446711 0.269422
0 0.682422 0.88219 0.0163286 0.0741163 0.268244
