2 0.574019 0.397156 0.0714424 0.0616874 0.809459
2 0.466715 0.387157 0.0665323 0.0760303 0.802542
2 0.254425 0.469397 0.0415799 0.0753718 0.752818
2 0.189102 0.088519 0.0384877 0.0462855 0.649481
2 0.269023 0.971014 0.040665 0.0573008 0.622787
9 0.155666 0.9107 0.00968862 0.0423125 0.488926
5 0.0637662 0.40321 0.127532 0.181024 0.449532
2 0.27023 0.824533 0.0680107 0.114631 0.42821
9 0.735243 0.608608 0.0129183 0.0379873 0.354365
9 0.583593 0.286779 0.0141735 0.0344955 0.347812
62 0.491809 0.123909 0.117906 0.138537 0.329564
0 0.406453 0.293682 0.00902557 0.0450778 0.324992
9 0.622941 0.248375 0.0171569 0.0730253 0.293689
2 0.133255 0.243244 0.041958 0.0516195 0.275632
9 0.571817 0.226223 0.0134072 0.0446238 0.266649
