2 0.535128 0.384334 0.0738434 0.0639557 0.767469
2 0.181042 0.32502 0.0343518 0.0639202 0.739839
2 0.238135 0.344813 0.0419697 0.0644819 0.711501
0 0.365858 0.946128 0.0340059 0.0975905 0.603362
2 0.17558 0.244821 0.0320192 0.0555042 0.578885
9 0.143397 0.249521 0.0136535 0.0529934 0.535008
9 0.286315 0.79677 0.0354637 0.0559177 0.53034
2 0.708473 0.345908 0.0663662 0.0643415 0.525652
9 0.624174 0.249909 0.0205509 0.0717599 0.433007
62 0.492229 0.126612 0.117801 0.137366 0.418786
0 0.169328 0.421673 0.0108957 0.0471906 0.403467
9 0.583926 0.287395 0.0142637 0.0353317 0.394601
9 0.117217 0.26748 0.014468 0.0344187 0.366904
0 0.179517 0.42421 0.00961158 0.0464498 0.32489
2 0.215504 0.939066 0.0947529 0.121425 0.29857
9 0.734408 0.613331 0.0157303 0.0482582 0.289215
2 0.89082 0.467267 0.0756245 0.0864834 0.287198
9 0.174524 0.245172 0.0324687 0.0563649 0.282054
9 0.571784 0.2278 0.014383 0.0430383 0.278057
0 0.0203022 0.499902 0.0134618 0.0657154 0.252508
