2 0.529329 0.569509 0.0593014 0.0978046 0.859118
2 0.109597 0.134057 0.0333807 0.0484667 0.66419
2 0.250146 0.509633 0.0335934 0.0711132 0.629533
0 0.758511 0.686108 0.013463 0.0660417 0.595871
0 0.787764 0.554673 0.0140243 0.0608822 0.561339
0 0.806834 0.552215 0.0114679 0.0548965 0.532932
0 0.719326 0.67495 0.0125612 0.0633611 0.52872
0 0.0681194 0.536253 0.0140824 0.0530753 0.478895
5 0.0537865 0.410473 0.107382 0.164437 0.467743
9 0.0348147 0.200784 0.014142 0.0365972 0.426933
0 0.0271542 0.555137 0.0177536 0.0652301 0.390184
5 0.742659 0.281815 0.162029 0.175479 0.352787
0 0.17809 0.45067 0.0125862 0.0524038 0.350906
0 0.78512 0.759383 0.0114193 0.0512356 0.329831
62 0.491621 0.125743 0.117768 0.137631 0.312698
0 0.955983 0.892926 0.0159466 0.0644301 0.305574
0 0.0968156 0.524733 0.0113034 0.0588445 0.303805
0 0.13414 0.482365 0.0107273 0.0531085 0.285757
9 0.571979 0.228277 0.0137257 0.0412251 0.266208
0 0.919165 0.641106 0.0178802 0.0739143 0.256465
