2 0.259724 0.693537 0.0913818 0.1022 0.77539
2 0.231562 0.6487 0.0908085 0.0834301 0.739813
2 0.314943 0.25197 0.0436206 0.064935 0.726009
2 0.789022 0.837719 0.0823607 0.121473 0.716943
2 0.217801 0.203493 0.0446945 0.0692893 0.636801
0 0.530972 0.361202 0.0108026 0.0502913 0.63268
2 0.263292 0.2062 0.0460889 0.0635133 0.529582
62 0.492342 0.137676 0.11858 0.141057 0.502133
0 0.766157 0.527142 0.0133519 0.0515001 0.481501
0 0.96971 0.522734 0.0117178 0.0583281 0.414071
2 0.266317 0.267551 0.0423632 0.0680993 0.412749
0 0.0134099 0.571991 0.0156075 0.0601639 0.38597
9 0.290909 0.795894 0.0387272 0.0507377 0.375432
0 0.734311 0.686475 0.0153933 0.0571476 0.35778
9 0.15591 0.914854 0.0087028 0.040428 0.341731
0 0.792173 0.759075 0.0124652 0.0510178 0.325668
0 0.118544 0.980655 0.0179582 0.03869 0.321449
9 0.165739 0.307665 0.0146757 0.0534188 0.271355
0 0.695502 0.608281 0.0119905 0.0521862 0.260973
0 0.508265 0.360135 0.0153154 0.0552974 0.260776
