5 0.305403 0.552688 0.167083 0.162645 0.938095
2 0.0642221 0.614488 0.0955628 0.0833519 0.881477
2 0.35564 0.617868 0.0858539 0.08795 0.867759
2 0.194181 0.592286 0.063389 0.0738361 0.829012
2 0.161807 0.52596 0.0860164 0.0961257 0.828011
2 0.244596 0.238178 0.0456687 0.0646934 0.788477
5 0.117457 0.0589401 0.0678936 0.11788 0.778329
2 0.756486 0.902632 0.0867163 0.134884 0.765307
2 0.209819 0.365256 0.0497179 0.0586244 0.763181
2 0.222886 0.452668 0.0520073 0.0685513 0.762754
2 0.290407 0.230651 0.0353974 0.0654923 0.710744
2 0.20777 0.185222 0.0444317 0.0663966 0.669982
2 0.236365 0.167078 0.0504951 0.0636075 0.542976
2 0.166822 0.313759 0.044637 0.0559463 0.539706
2 0.186197 0.138386 0.0420685 0.05258 0.534129
62 0.490876 0.131497 0.120086 0.137411 0.491329
0 0.693924 0.882758 0.0147821 0.0606574 0.357974
0 0.0546958 0.54841 0.0196757 0.0623747 0.305521
9 0.155085 0.9145 0.00819559 0.0399714 0.264551
0 0.943469 0.928659 0.0170994 0.0613846 0.263125
