5 0.432341 0.353461 0.126536 0.147305 0.92138
5 0.241244 0.212785 0.0871524 0.135905 0.835571
2 0.428163 0.473705 0.0600259 0.0811759 0.802044
2 0.134427 0.163361 0.0364722 0.0431728 0.750683
2 0.30029 0.221805 0.0378261 0.0629555 0.728607
2 0.280007 0.819279 0.0464557 0.106494 0.723536
2 0.262203 0.518688 0.0342811 0.0756634 0.719053
2 0.673768 0.350285 0.0610299 0.0638101 0.68033
5 0.0537084 0.408725 0.107183 0.162549 0.521289
2 0.192134 0.0976698 0.0359403 0.0510888 0.473472
2 0.498456 0.923671 0.131993 0.149419 0.4661
2 0.825117 0.286964 0.0240944 0.0443397 0.346936
0 0.0222089 0.569889 0.0169915 0.0500821 0.317738
5 0.761356 0.26237 0.116023 0.135434 0.291812
0 0.163702 0.442467 0.0097183 0.0472319 0.265942
