2 0.163571 0.641449 0.0886582 0.0832789 0.783416
2 0.721381 0.413837 0.0656183 0.0745353 0.743398
2 0.293664 0.23687 0.0503271 0.0770377 0.726402
2 0.256931 0.256834 0.0435601 0.0683398 0.687477
5 0.770237 0.261198 0.11314 0.132379 0.599386
2 0.817989 0.410644 0.0636557 0.064062 0.59725
2 0.210553 0.19298 0.0406501 0.0696183 0.555405
2 0.165705 0.138067 0.0395334 0.0573426 0.470944
2 0.110055 0.225698 0.0295258 0.039413 0.420713
2 0.125233 0.084416 0.0356256 0.0509158 0.381981
2 0.683912 0.341408 0.031744 0.0348963 0.359099
7 0.225127 0.151408 0.0486788 0.0695031 0.35101
2 0.151956 0.0662376 0.0336662 0.051885 0.331069
0 0.436484 0.663935 0.0131012 0.0478377 0.325531
0 0.259491 0.853346 0.0156631 0.0660248 0.312583
0 0.902527 0.889545 0.0167793 0.0890362 0.297379
0 0.502548 0.767178 0.0121305 0.0488807 0.25668
62 0.0221397 0.153349 0.0440503 0.16126 0.254558
