2 0.263818 0.256979 0.0438775 0.067622 0.775072
0 0.0896754 0.563082 0.015527 0.0631429 0.502272
0 0.222294 0.804785 0.0220778 0.065731 0.471183
0 0.481357 0.841503 0.014233 0.0572077 0.467536
0 0.848785 0.710516 0.0129585 0.0580948 0.424292
0 0.364686 0.944423 0.0324404 0.0980554 0.414274
0 0.945907 0.618994 0.014917 0.0557017 0.412525
0 0.779955 0.50914 0.0144617 0.0568793 0.405356
9 0.785967 0.389028 0.0238406 0.0477812 0.386879
0 0.711164 0.822635 0.0147978 0.0678458 0.375744
9 0.034331 0.202919 0.0138385 0.033487 0.367069
0 0.957934 0.509297 0.0125889 0.0532931 0.362385
0 0.772228 0.593328 0.013686 0.0492422 0.361874
0 0.237421 0.632841 0.0169048 0.0588778 0.345067
0 0.258302 0.882721 0.015785 0.0744158 0.340209
0 0.0623258 0.631109 0.0143591 0.0566518 0.303549
0 0.752949 0.778047 0.0184008 0.0570416 0.262623
0 0.166829 0.468067 0.0091326 0.0530019 0.258153
