5 0.116912 0.700279 0.131791 0.165332 0.907617
5 0.193395 0.592635 0.214667 0.164293 0.89911
5 0.563466 0.39799 0.135912 0.169635 0.884488
2 0.346447 0.631585 0.0860626 0.0992254 0.878498
2 0.524103 0.556368 0.0761931 0.0898109 0.814283
2 0.223865 0.479563 0.0568816 0.0682509 0.793312
2 0.813515 0.380797 0.0537653 0.0682015 0.779465
2 0.296798 0.239196 0.0409718 0.055416 0.771588
5 0.110431 0.0514156 0.068676 0.102035 0.728815
2 0.18138 0.156248 0.0392093 0.0572875 0.714351
2 0.247164 0.229878 0.0450357 0.0750107 0.7003
5 0.765558 0.270207 0.109074 0.151642 0.541057
2 0.178097 0.330595 0.0443548 0.0558544 0.54078
2 0.210666 0.140505 0.0362105 0.0561838 0.503439
2 0.244649 0.145286 0.0394939 0.0673435 0.44666
2 0.147282 0.116216 0.0395911 0.0631934 0.441832
2 0.755672 0.32007 0.0702303 0.0630096 0.432558
0 0.903741 0.898257 0.0166695 0.0725576 0.307987
62 0.493466 0.136584 0.11587 0.139084 0.264174
0 0.782166 0.763796 0.0130484 0.0701962 0.256664
0 0.0208764 0.564992 0.0189206 0.069342 0.252182
