2 0.414416 0.448131 0.0571632 0.0766225 0.802098
2 0.291725 0.284353 0.0454498 0.070019 0.7521
2 0.181604 0.324099 0.0329278 0.0645404 0.737907
2 0.207098 0.274442 0.0399364 0.0626995 0.680756
2 0.789021 0.828651 0.0834574 0.13217 0.604105
9 0.156073 0.912553 0.00995138 0.0416321 0.578405
9 0.287158 0.801047 0.0329761 0.0451935 0.575006
2 0.758654 0.882569 0.0339287 0.0763501 0.570787
2 0.855726 0.976294 0.0723553 0.0463131 0.537794
0 0.144303 0.982163 0.0137535 0.0349377 0.492892
0 0.733185 0.678412 0.0157991 0.0685546 0.45301
0 0.162591 0.42626 0.0136848 0.0541378 0.444223
0 0.753571 0.55797 0.0124457 0.0589113 0.418518
9 0.142594 0.250398 0.0121811 0.0510823 0.413383
0 0.781468 0.479318 0.0120771 0.0486964 0.389246
2 0.0313217 0.594997 0.0626433 0.074919 0.389165
0 0.771369 0.564665 0.0148212 0.0697813 0.372671
9 0.117032 0.267533 0.0155618 0.0340097 0.353639
9 0.735305 0.606483 0.0141408 0.0372321 0.307613
2 0.838243 0.965268 0.111659 0.0659183 0.302447
0 0.483553 0.350517 0.00922432 0.0534655 0.296691
9 0.57131 0.227945 0.0127992 0.0431436 0.296225
0 0.116523 0.982578 0.0112092 0.0341298 0.276538
