0 0.753361 0.704887 0.0114969 0.0560302 0.693516
0 0.971932 0.655291 0.0132496 0.0636442 0.675198
2 0.815066 0.404922 0.0541492 0.0681727 0.655405
0 0.776568 0.681828 0.0134515 0.0595839 0.618834
7 0.827238 0.862265 0.111545 0.175631 0.570086
0 0.911059 0.591393 0.0123909 0.0570175 0.499619
2 0.848264 0.433849 0.0516844 0.063788 0.451642
9 0.736127 0.607726 0.00879126 0.0290225 0.434492
0 0.905691 0.772114 0.0229229 0.0691559 0.412393
62 0.492183 0.125113 0.117272 0.135488 0.402389
0 0.911168 0.707825 0.0119095 0.0624039 0.396792
0 0.864154 0.561296 0.0173088 0.067615 0.346822
0 0.136985 0.481389 0.0144421 0.0529147 0.328722
9 0.571917 0.226746 0.0128201 0.0447526 0.316667
0 0.408431 0.312782 0.0118143 0.0482471 0.3024
0 0.79531 0.746292 0.0120207 0.0586266 0.256003
0 0.0387527 0.575697 0.0124809 0.054296 0.253027
9 0.156067 0.912726 0.00847712 0.0396176 0.252475
0 0.507737 0.348443 0.0120344 0.0462723 0.250549
