2 0.554743 0.39146 0.0756237 0.0612289 0.829495
2 0.196597 0.905332 0.0917412 0.106626 0.758632
0 0.365257 0.944662 0.0332632 0.0961616 0.639697
0 0.0305988 0.542161 0.0114741 0.051947 0.614348
2 0.175452 0.258769 0.0349206 0.057497 0.560264
2 0.0202414 0.606864 0.0400195 0.0534499 0.548461
0 0.971948 0.605318 0.0141846 0.0664008 0.515897
9 0.287189 0.797299 0.0332171 0.0559603 0.462896
9 0.142557 0.25087 0.0118644 0.0522817 0.427486
0 0.884633 0.600036 0.0141613 0.06479 0.427048
0 0.517213 0.3593 0.0091135 0.0411026 0.393729
0 0.435088 0.313467 0.014649 0.0646928 0.393582
0 0.868956 0.603365 0.0198837 0.0671807 0.387177
0 0.943285 0.602534 0.0150673 0.0640994 0.381919
0 0.800553 0.686442 0.0141285 0.0629044 0.374729
0 0.755919 0.559878 0.012348 0.0642151 0.366388
0 0.116839 0.492606 0.0142982 0.0576811 0.347196
0 0.808346 0.758664 0.0135036 0.0514696 0.320076
0 0.108249 0.953161 0.0126467 0.052791 0.291675
0 0.0957324 0.484918 0.0135373 0.0594825 0.271765
0 0.0600978 0.539652 0.0217471 0.0603023 0.262348
