2 0.262895 0.259515 0.047701 0.0605666 0.668296
9 0.28858 0.795519 0.037531 0.0490852 0.622897
0 0.645723 0.752031 0.0169488 0.070127 0.480778
9 0.736033 0.612432 0.0160859 0.045137 0.455764
0 0.771117 0.726137 0.0132753 0.0587948 0.412564
2 0.0973916 0.0191469 0.0387661 0.0382937 0.391831
0 0.0458187 0.327101 0.0107907 0.0411676 0.389509
9 0.141952 0.249564 0.0121449 0.0502281 0.383202
9 0.117297 0.267574 0.0150705 0.0343305 0.375651
9 0.624597 0.251532 0.021167 0.0787077 0.365742
2 0.808032 0.367126 0.0529905 0.0764579 0.352126
2 0.0308036 0.595222 0.0616071 0.0734033 0.313815
62 0.4917 0.126204 0.118009 0.141302 0.294064
0 0.365171 0.945594 0.0329304 0.0984311 0.278402
9 0.572048 0.226919 0.0149685 0.0448436 0.273727
9 0.583726 0.28605 0.0146101 0.0378226 0.258147
9 0.583693 0.283613 0.0169598 0.0472972 0.256705
9 0.379022 0.14226 0.0179636 0.0668716 0.254435
