5 0.541277 0.578914 0.112441 0.182094 0.906493
2 0.512418 0.400034 0.0724009 0.067345 0.792952
2 0.285338 0.250543 0.0454377 0.055528 0.770007
2 0.369103 0.390228 0.0551819 0.0921834 0.76216
2 0.172929 0.13163 0.0393394 0.061476 0.752267
2 0.39223 0.351032 0.0548408 0.06541 0.699348
2 0.282231 0.49456 0.037613 0.0677385 0.687546
2 0.270748 0.814748 0.0674692 0.121744 0.593568
2 0.282914 0.198899 0.0391096 0.0474312 0.592715
2 0.20663 0.111176 0.0360521 0.0543423 0.575889
62 0.491614 0.133519 0.119454 0.14706 0.470946
0 0.129629 0.968667 0.0149149 0.055866 0.316621
5 0.532116 0.292299 0.116236 0.0978303 0.304472
9 0.584564 0.286638 0.0114388 0.0297263 0.289933
