2 0.248434 0.243141 0.0385866 0.0565097 0.830866
2 0.212678 0.192177 0.0413532 0.0571978 0.762674
0 0.063619 0.525248 0.0119932 0.0501406 0.55217
0 0.121948 0.49911 0.0164019 0.0551125 0.517024
0 0.0773657 0.520956 0.013414 0.0527002 0.478225
0 0.831096 0.7448 0.0137508 0.0798191 0.471226
0 0.365085 0.94437 0.0337389 0.0985257 0.453908
0 0.849188 0.656703 0.0144424 0.0666935 0.405681
0 0.782204 0.541322 0.0106337 0.0540324 0.401024
0 0.130485 0.970341 0.0135543 0.0578437 0.366293
0 0.0195776 0.49419 0.0127934 0.0649042 0.32616
0 0.161184 0.976001 0.0251604 0.0473887 0.314527
3 0.153558 0.465836 0.0302454 0.0385237 0.285572
0 0.829699 0.478476 0.0115292 0.0480275 0.271329
0 0.15848 0.447362 0.0210037 0.0467339 0.252317
