7 0.240875 0.21071 0.0868058 0.155401 0.703695
2 0.18853 0.165189 0.0282576 0.0550633 0.679864
2 0.127792 0.159633 0.03529 0.0545741 0.548514
5 0.0231221 0.11969 0.0458023 0.236608 0.534248
2 0.735241 0.38537 0.0587967 0.0618312 0.479179
9 0.156094 0.914555 0.00932856 0.0405111 0.475362
2 0.125802 0.0670157 0.0249843 0.0439664 0.412121
0 0.364659 0.948774 0.0355936 0.0993349 0.358868
7 0.26918 0.177006 0.0411839 0.0692135 0.319971
5 0.767227 0.26229 0.109941 0.124737 0.287567
2 0.819337 0.338448 0.0229584 0.0449066 0.271529
9 0.287771 0.795695 0.0365257 0.0523024 0.254364
