5 0.454673 0.355982 0.144639 0.143547 0.925058
2 0.571196 0.638722 0.0701825 0.104633 0.848175
2 0.258779 0.415168 0.0421045 0.0748539 0.821148
2 0.418669 0.461684 0.0483577 0.0831163 0.801048
5 0.238476 0.213123 0.0872655 0.140007 0.785575
2 0.776534 0.348225 0.055112 0.0556753 0.604855
2 0.13255 0.0873375 0.0318971 0.0511544 0.594607
62 0.491993 0.139205 0.118158 0.133045 0.571571
9 0.156011 0.915017 0.00945978 0.0426748 0.390608
5 0.759161 0.260201 0.0904228 0.122964 0.373259
9 0.287655 0.798488 0.032601 0.0540682 0.273703
