2 0.333745 0.654492 0.0861328 0.0981084 0.863072
5 0.17911 0.481921 0.107709 0.15323 0.844731
7 0.245271 0.215801 0.0617788 0.116075 0.829644
2 0.646127 0.678063 0.0618542 0.124362 0.826021
2 0.35634 0.531276 0.0760251 0.0815602 0.810025
2 0.30558 0.245218 0.0425253 0.0673167 0.799747
2 0.728714 0.406785 0.0613444 0.0728935 0.544446
0 0.178661 0.360666 0.00888116 0.0452076 0.517073
9 0.0346419 0.20105 0.0141302 0.0359844 0.49591
9 0.155035 0.913348 0.00872316 0.0415351 0.344201
2 0.178843 0.482287 0.107866 0.152456 0.339551
0 0.77493 0.626842 0.0189896 0.0572066 0.330316
0 0.154522 0.417409 0.0131865 0.0461229 0.2995
0 0.833115 0.541537 0.0104256 0.0512928 0.292894
0 0.788547 0.699886 0.0106331 0.0536645 0.282581
0 0.81213 0.72162 0.0179113 0.0597163 0.275395
