2 0.253473 0.185243 0.0371464 0.0527584 0.821168
2 0.500098 0.396841 0.0708033 0.0693536 0.799181
2 0.470856 0.513157 0.0574609 0.0894514 0.795555
2 0.333649 0.288027 0.045104 0.064903 0.78959
5 0.281176 0.504829 0.0623987 0.201612 0.709253
2 0.192827 0.0999322 0.0386901 0.057074 0.582411
9 0.155709 0.914709 0.00886004 0.0407506 0.554588
2 0.270151 0.947309 0.0476285 0.101181 0.545142
62 0.492128 0.137201 0.11634 0.144166 0.465318
9 0.286676 0.797374 0.0344558 0.0554104 0.346939
2 0.820035 0.402569 0.0465611 0.0627705 0.332321
7 0.281286 0.505048 0.0621721 0.201912 0.313525
5 0.0232591 0.121865 0.0458695 0.239072 0.283525
