2 0.305114 0.259313 0.0445099 0.0608302 0.780289
2 0.77939 0.379348 0.0614161 0.0649122 0.588304
5 0.766806 0.25945 0.110937 0.13363 0.576539
0 0.738637 0.746727 0.0126333 0.0557244 0.515825
0 0.632196 0.414432 0.0118917 0.0493542 0.424479
2 0.796453 0.40501 0.0506234 0.0682577 0.4213
0 0.0194274 0.496002 0.0134884 0.0629487 0.37607
0 0.258017 0.723321 0.0160631 0.0618773 0.374774
0 0.342358 0.683503 0.0137261 0.0604891 0.359975
0 0.30829 0.693011 0.0156314 0.061658 0.357301
0 0.353255 0.481587 0.0132999 0.0550766 0.355845
0 0.577748 0.665261 0.0148319 0.0616984 0.348295
0 0.705276 0.853196 0.0224874 0.0720898 0.329504
0 0.456265 0.489133 0.0118155 0.0506351 0.307499
0 0.872499 0.741458 0.0171331 0.0826036 0.292665
0 0.322812 0.657315 0.0125953 0.059156 0.292383
0 0.961359 0.776622 0.0150124 0.0416689 0.283258
0 0.825768 0.598181 0.0135418 0.0561037 0.272674
0 0.872652 0.729428 0.0168236 0.0586305 0.272395
0 0.053634 0.56389 0.0149343 0.0513908 0.272155
13 0.286795 0.794066 0.0347527 0.0485999 0.262944
