2 0.393477 0.427623 0.0565582 0.0739782 0.857525
2 0.692934 0.80184 0.0838066 0.123868 0.854628
2 0.268807 0.258849 0.0437217 0.0671535 0.845104
5 0.190626 0.149183 0.0782769 0.120877 0.801069
5 0.291427 0.555765 0.0642496 0.209431 0.745614
2 0.101078 0.0530514 0.0341352 0.0508576 0.730932
2 0.806955 0.367472 0.0548996 0.0788218 0.725188
0 0.767887 0.692334 0.0117983 0.0686374 0.681324
0 0.745416 0.617238 0.0150496 0.0538517 0.415873
0 0.851429 0.707653 0.0183559 0.0709374 0.334752
0 0.917239 0.648924 0.0187126 0.0592562 0.332979
0 0.759 0.582232 0.0125669 0.0533256 0.325429
9 0.0340435 0.202806 0.0146408 0.0335582 0.312534
0 0.79741 0.7489 0.0148769 0.0557368 0.285199
0 0.131952 0.369979 0.0131039 0.0472821 0.254996
