5 0.20994 0.174341 0.0822666 0.127381 0.833586
2 0.771072 0.384792 0.0625913 0.0713111 0.830985
0 0.78681 0.721395 0.0154067 0.0626082 0.635768
0 0.0839514 0.497784 0.0131355 0.0588252 0.605537
0 0.132265 0.419034 0.0125339 0.0544123 0.57343
2 0.720318 0.460842 0.0662738 0.071366 0.544716
0 0.0329749 0.528402 0.0118929 0.0498226 0.534279
0 0.984468 0.481423 0.0130722 0.0527191 0.509582
0 0.756322 0.564026 0.0119316 0.0536877 0.471417
9 0.155327 0.913923 0.00855892 0.0398695 0.449558
0 0.110403 0.972018 0.0164632 0.0545983 0.438804
0 0.71575 0.837621 0.0119822 0.0649584 0.405224
2 0.824871 0.391468 0.0306141 0.0672367 0.395457
0 0.788887 0.543406 0.0110747 0.0559875 0.390527
0 0.195909 0.341211 0.0116139 0.0411338 0.388069
0 0.162614 0.41289 0.0119591 0.0506838 0.369804
9 0.0349766 0.201666 0.0145898 0.0344643 0.348776
0 0.967924 0.773805 0.014373 0.0445777 0.299403
2 0.849282 0.428704 0.0235659 0.0639634 0.257432
