0 0.782938 0.527214 0.0139349 0.0635574 0.534217
0 0.841826 0.74204 0.0123531 0.0682994 0.495179
0 0.69275 0.655663 0.0104177 0.0570037 0.468043
0 0.758818 0.546061 0.010919 0.0462838 0.457012
9 0.034969 0.200017 0.0138044 0.0354932 0.456707
7 0.267892 0.674089 0.0331196 0.0886327 0.421431
0 0.968041 0.7792 0.0157383 0.0432878 0.392996
0 0.160272 0.46885 0.0108657 0.049558 0.372525
0 0.188912 0.438794 0.0121693 0.0546132 0.366025
2 0.978345 0.52644 0.0382114 0.0370906 0.365017
2 0.267817 0.673858 0.032877 0.0874301 0.354579
0 0.749139 0.629262 0.0126476 0.0527802 0.353393
0 0.112514 0.535794 0.0130042 0.0548948 0.322824
0 0.762969 0.637522 0.0129854 0.0560986 0.316137
2 0.994137 0.566556 0.0110134 0.0560993 0.302119
2 0.0664576 0.152074 0.0296859 0.0659334 0.291331
0 0.789026 0.708949 0.0142513 0.0333903 0.279974
0 0.986901 0.771813 0.0161018 0.0613963 0.27022
