2 0.18455 0.226238 0.0392132 0.0565139 0.81685
2 0.254486 0.543164 0.0395679 0.0784476 0.728392
2 0.647325 0.387433 0.0717045 0.0675074 0.724576
5 0.0618533 0.407266 0.123544 0.181162 0.622426
9 0.14227 0.25011 0.0120746 0.0518311 0.553966
9 0.156038 0.912346 0.00956821 0.0384123 0.545588
2 0.102488 0.874621 0.0612101 0.0964762 0.52979
9 0.117351 0.264144 0.0143175 0.0390279 0.524488
0 0.152349 0.43496 0.0150568 0.0547138 0.484327
9 0.287514 0.796876 0.0331528 0.0571201 0.465435
62 0.492387 0.127263 0.118036 0.14075 0.426165
0 0.0605844 0.307285 0.00964696 0.0472828 0.362643
2 0.0910386 0.0162066 0.0260266 0.0320926 0.346254
9 0.734923 0.611865 0.0159201 0.0465849 0.328386
2 0.820549 0.332458 0.0258602 0.050711 0.321465
0 0.154399 0.374416 0.0133372 0.0555918 0.30918
0 0.790899 0.703956 0.0121611 0.0615323 0.297526
2 0.889278 0.461452 0.0714054 0.0658395 0.260468
