2 0.306006 0.251581 0.0412243 0.0601373 0.863089
2 0.108729 0.219159 0.0392296 0.0508759 0.794773
5 0.259886 0.242248 0.0677421 0.117301 0.783617
2 0.129888 0.144372 0.0370743 0.0609099 0.744668
2 0.194927 0.172542 0.0379506 0.056395 0.731656
2 0.813117 0.291699 0.0455631 0.0569784 0.652156
2 0.203309 0.110352 0.0425165 0.0512782 0.626915
2 0.820346 0.430901 0.0648235 0.0732793 0.503656
2 0.804969 0.377942 0.0539593 0.071096 0.463454
0 0.0278405 0.568223 0.0137144 0.0549761 0.383191
0 0.230747 0.430885 0.0136496 0.0459794 0.359551
9 0.155358 0.914495 0.00793672 0.0385512 0.348675
62 0.492347 0.1372 0.11774 0.148799 0.300805
5 0.0224959 0.119873 0.0444081 0.235866 0.251014
