2 0.317668 0.562534 0.0721674 0.0645565 0.782027
2 0.310821 0.255258 0.0466803 0.063786 0.70878
2 0.109265 0.129919 0.0355877 0.0417859 0.699359
2 0.265868 0.196985 0.0394967 0.0575685 0.696329
2 0.505403 0.471774 0.0753585 0.0617964 0.68673
5 0.0228533 0.122412 0.0451033 0.238418 0.666799
62 0.492076 0.136833 0.11766 0.1461 0.664973
7 0.194771 0.149159 0.0869358 0.153239 0.65318
5 0.757446 0.265996 0.0935907 0.131933 0.614074
2 0.452985 0.540031 0.0788708 0.0767431 0.597522
2 0.227727 0.369863 0.0359062 0.069413 0.595014
2 0.266719 0.265908 0.049079 0.0647237 0.593262
2 0.673596 0.446543 0.0719073 0.0716356 0.587985
2 0.450236 0.594318 0.0895308 0.0918854 0.573974
9 0.289215 0.794517 0.0378572 0.0539714 0.438064
3 0.104841 0.763167 0.0363443 0.0553714 0.435287
9 0.155254 0.91303 0.0101046 0.0408434 0.428533
2 0.135834 0.0938893 0.0394032 0.0648627 0.310865
0 0.114751 0.974549 0.0146883 0.0484092 0.276185
