5 0.579897 0.90564 0.237622 0.185887 0.909628
5 0.113419 0.115014 0.07119 0.118699 0.834622
2 0.274689 0.274498 0.0473825 0.0611953 0.808666
5 0.175544 0.216544 0.0593539 0.112497 0.779349
2 0.302857 0.243914 0.0455314 0.0638464 0.748724
2 0.238316 0.211718 0.0409524 0.0628476 0.737508
62 0.491914 0.129224 0.11796 0.137263 0.635903
0 0.727322 0.838277 0.0141157 0.0529209 0.559271
2 0.239017 0.152456 0.0398475 0.0438313 0.342951
2 0.811616 0.372503 0.0453459 0.0639109 0.317248
5 0.538301 0.293873 0.127877 0.0888869 0.307185
2 0.819919 0.388762 0.0606239 0.0985852 0.29318
2 0.163748 0.122427 0.0325162 0.0568547 0.290315
2 0.822807 0.407755 0.0535591 0.061588 0.276652
5 0.0247941 0.177648 0.0489609 0.350846 0.265201
