2 0.253094 0.24944 0.0410835 0.0582841 0.825213
0 0.521085 0.562545 0.0140078 0.0481237 0.62046
0 0.459598 0.747106 0.0169459 0.0641659 0.557808
9 0.735999 0.608198 0.013006 0.0354581 0.477307
7 0.196206 0.164487 0.0722708 0.101828 0.463468
0 0.935095 0.619196 0.0117928 0.0558192 0.43438
0 0.323908 0.866614 0.0224466 0.0869476 0.431026
0 0.331605 0.495553 0.0148353 0.0585409 0.4072
0 0.910972 0.620872 0.0133572 0.062342 0.404207
0 0.410895 0.780407 0.019693 0.0634418 0.377138
0 0.294218 0.649328 0.0175073 0.0556 0.372832
5 0.770706 0.267704 0.10806 0.111511 0.296454
0 0.197302 0.495235 0.0134091 0.0486116 0.294601
62 0.491994 0.128139 0.11755 0.136396 0.285118
3 0.301714 0.235884 0.04498 0.0688157 0.283597
9 0.290241 0.795488 0.0381518 0.0516749 0.278732
2 0.253094 0.24944 0.0410835 0.0582841 0.825213
0 0.521085 0.562545 0.0140078 0.0481237 0.62046
0 0.459598 0.747106 0.0169459 0.0641659 0.557808
9 0.735999 0.608198 0.013006 0.0354581 0.477307
7 0.196206 0.164487 0.0722708 0.101828 0.463468
0 0.935095 0.619196 0.0117928 0.0558192 0.43438
0 0.323908 0.866614 0.0224466 0.0869476 0.431026
0 0.331605 0.495553 0.0148353 0.0585409 0.4072
0 0.910972 0.620872 0.0133572 0.062342 0.404207
0 0.410895 0.780407 0.019693 0.0634418 0.377138
0 0.294218 0.649328 0.0175073 0.0556 0.372832
5 0.770706 0.267704 0.10806 0.111511 0.296454
0 0.197302 0.495235 0.0134091 0.0486116 0.294601
62 0.491994 0.128139 0.11755 0.136396 0.285118
3 0.301714 0.235884 0.04498 0.0688157 0.283597
9 0.290241 0.795488 0.0381518 0.0516749 0.278732
