2 0.115097 0.215838 0.0359124 0.0475851 0.754327
0 0.268685 0.770608 0.012323 0.0619975 0.470384
0 0.336809 0.748129 0.0131804 0.05495 0.470117
9 0.0343432 0.19983 0.0146141 0.039571 0.469174
0 0.356905 0.922861 0.0206875 0.0999837 0.448323
0 0.445929 0.765875 0.018837 0.0672597 0.448098
2 0.816219 0.372254 0.0299782 0.0451448 0.441232
0 0.777815 0.756914 0.0227905 0.067099 0.428905
0 0.919578 0.628879 0.01511 0.0584939 0.415218
0 0.772306 0.537551 0.0139164 0.0564826 0.386495
0 0.352539 0.750048 0.016444 0.0591378 0.381553
2 0.840454 0.409207 0.0344873 0.0445228 0.378048
0 0.469485 0.773413 0.017963 0.063216 0.371351
0 0.794866 0.541488 0.0113785 0.050252 0.363631
0 0.511437 0.85124 0.0239004 0.0705051 0.360065
7 0.889589 0.471815 0.0763226 0.0700772 0.348811
0 0.535995 0.501044 0.0159138 0.0604438 0.336835
0 0.684363 0.708492 0.0142611 0.0631934 0.330275
0 0.586625 0.815916 0.0219131 0.0804345 0.311685
0 0.127643 0.523994 0.0131513 0.0519931 0.308594
62 0.491798 0.126092 0.116974 0.135699 0.292955
0 0.908018 0.90318 0.0177494 0.0555128 0.289616
0 0.258132 0.758425 0.011836 0.0656281 0.285438
9 0.571514 0.228339 0.01321 0.0419822 0.282426
0 0.133792 0.973244 0.0157335 0.0520691 0.27039
9 0.71151 0.48403 0.0120966 0.0578599 0.268651
0 0.68372 0.61518 0.0138392 0.0557089 0.26752
