5 0.160034 0.105527 0.0749384 0.122357 0.894071
2 0.402639 0.536728 0.0724265 0.0709201 0.859777
2 0.239427 0.456364 0.0502143 0.0690214 0.823672
2 0.152713 0.556784 0.0904624 0.0897141 0.795016
2 0.668502 0.409587 0.0601169 0.0537892 0.791765
2 0.194488 0.256775 0.0406127 0.0600113 0.784822
2 0.254829 0.352503 0.0371095 0.0625102 0.765271
5 0.0232854 0.123157 0.0461958 0.243407 0.755365
2 0.206522 0.186224 0.0392835 0.0683801 0.723617
2 0.2689 0.20683 0.0430658 0.0672556 0.699352
5 0.534653 0.290208 0.131591 0.0841967 0.66227
2 0.229529 0.162651 0.038119 0.0621329 0.550453
62 0.488562 0.130816 0.124354 0.143692 0.49004
2 0.812681 0.292291 0.0446591 0.060322 0.439195
2 0.836658 0.43455 0.0655586 0.0673167 0.431336
2 0.105175 0.129028 0.0341856 0.0413299 0.298421
0 0.105675 0.980404 0.0141967 0.0372413 0.286964
