2 0.35657 0.646108 0.0867017 0.101137 0.815167
2 0.109634 0.666787 0.0929234 0.0860151 0.806024
2 0.0920451 0.762461 0.0804511 0.100051 0.763878
2 0.664558 0.478408 0.0695728 0.0771556 0.757201
2 0.247165 0.240685 0.0439487 0.0647531 0.755181
2 0.3062 0.249178 0.0415205 0.0639468 0.746766
2 0.106621 0.578129 0.0814758 0.0782628 0.735614
2 0.751456 0.39176 0.0677367 0.0657196 0.681015
2 0.669596 0.396802 0.0652475 0.0600767 0.672475
2 0.213286 0.199812 0.0401496 0.0582418 0.601989
62 0.492135 0.129445 0.11793 0.135563 0.565277
0 0.168591 0.387538 0.0138868 0.0573347 0.412076
9 0.288682 0.794982 0.0381973 0.0532596 0.3874
0 0.0600053 0.542992 0.0127985 0.0565703 0.375379
0 0.938171 0.563627 0.0122353 0.0603726 0.346384
0 0.784517 0.726877 0.0176495 0.0850376 0.304404
2 0.240721 0.187983 0.0326668 0.0433057 0.290675
0 0.764995 0.619083 0.0121412 0.0552415 0.26349
0 0.365145 0.94715 0.0361183 0.0997243 0.254122
0 0.0859653 0.136427 0.0156096 0.0522507 0.253396
