5 0.159833 0.0488035 0.0729354 0.0968085 0.671619
2 0.264082 0.263282 0.0397894 0.0512639 0.58817
62 0.492348 0.137883 0.117691 0.135319 0.479548
2 0.288161 0.235924 0.0442203 0.0507398 0.477331
5 0.0920101 0.041501 0.0673657 0.083002 0.435071
9 0.120124 0.380617 0.0110762 0.0395828 0.415794
2 0.133765 0.103699 0.0369557 0.0446601 0.354555
0 0.471607 0.581541 0.0119293 0.0561956 0.328141
0 0.142051 0.809343 0.0155669 0.0654277 0.30181
2 0.23042 0.209759 0.0398666 0.0676802 0.301226
2 0.172353 0.14401 0.0304328 0.0463036 0.298535
0 0.544246 0.685543 0.0138632 0.0820136 0.267842
0 0.245582 0.774122 0.0160564 0.06266 0.258227
2 0.222476 0.162406 0.0577438 0.0557061 0.255273
