2 0.798747 0.846311 0.0886799 0.121756 0.78939
2 0.272343 0.276928 0.0475483 0.0604011 0.747053
2 0.289559 0.225785 0.0435613 0.0678983 0.646551
0 0.715249 0.712261 0.0131701 0.064623 0.636589
0 0.230642 0.364769 0.014603 0.0582772 0.559509
2 0.181998 0.310678 0.038152 0.0648354 0.519589
9 0.289771 0.796063 0.0374042 0.0503369 0.514902
0 0.788659 0.66369 0.0139439 0.0655056 0.46053
0 0.734673 0.704598 0.015279 0.0694582 0.425054
0 0.775244 0.669119 0.0144199 0.0540726 0.409997
9 0.155711 0.91145 0.00887771 0.0424954 0.399811
2 0.14863 0.0617536 0.0378712 0.0527517 0.396374
2 0.815565 0.406345 0.0475088 0.0714217 0.354469
0 0.912612 0.706305 0.0180906 0.0662821 0.336479
0 0.63636 0.728328 0.0159781 0.066115 0.332104
0 0.736877 0.626824 0.0121002 0.067008 0.325913
0 0.175944 0.393984 0.0173073 0.0843045 0.299431
62 0.492316 0.126687 0.117364 0.141604 0.292921
