2 0.106968 0.11354 0.0281394 0.049911 0.67962
0 0.136368 0.935215 0.0168617 0.0720276 0.591892
0 0.365413 0.943758 0.0343096 0.098988 0.523006
0 0.0704302 0.528843 0.0153054 0.0566775 0.448013
0 0.939712 0.638119 0.0128885 0.0541726 0.418934
0 0.69116 0.859663 0.0119068 0.0662471 0.362539
0 0.833344 0.746991 0.0114614 0.0562585 0.321088
0 0.811477 0.716396 0.0103855 0.0566338 0.300725
0 0.901757 0.755559 0.012431 0.0549293 0.297079
9 0.0346572 0.202186 0.0146473 0.0352824 0.282032
0 0.51298 0.356455 0.0109472 0.0413484 0.279545
0 0.960268 0.616822 0.0154785 0.0508682 0.272446
0 0.176452 0.440715 0.0147694 0.0664013 0.260524
62 0.491974 0.128953 0.117576 0.139481 0.257824
