5 0.175116 0.0594196 0.0721744 0.108116 0.861897
2 0.789926 0.386658 0.0709488 0.077581 0.79837
0 0.579272 0.675631 0.0120097 0.0513382 0.432616
0 0.897935 0.669403 0.0145784 0.0683594 0.353753
0 0.883778 0.64568 0.0116951 0.0525245 0.347874
0 0.0123942 0.529975 0.0123546 0.0454414 0.347432
62 0.49147 0.126824 0.118286 0.139042 0.320475
0 0.804978 0.737643 0.0142437 0.0578086 0.313815
0 0.309185 0.815662 0.013565 0.0636949 0.300886
0 0.0957428 0.619078 0.0156228 0.0579149 0.3005
0 0.88256 0.575702 0.0122925 0.0499789 0.294122
0 0.0675815 0.642147 0.0129298 0.0572766 0.285833
0 0.950278 0.684772 0.0149803 0.0552412 0.273565
0 0.0826398 0.550099 0.0116992 0.0517985 0.26891
0 0.650531 0.730324 0.0207666 0.0816128 0.26729
0 0.819499 0.696474 0.0144146 0.0656242 0.262068
5 0.534812 0.292113 0.122216 0.090153 0.259348
0 0.382799 0.827865 0.0152191 0.0550208 0.255247
0 0.897072 0.778465 0.0141588 0.0602298 0.250116
