5 0.306443 0.227132 0.0889257 0.138388 0.820059
5 0.197158 0.160246 0.080088 0.131546 0.808834
5 0.13423 0.0806755 0.0684982 0.109304 0.769867
2 0.27397 0.275049 0.0489373 0.0677051 0.67188
2 0.805717 0.371917 0.0528376 0.065406 0.665936
2 0.23664 0.955641 0.0688385 0.0875454 0.664238
0 0.145885 0.468863 0.0175319 0.079945 0.566901
0 0.122338 0.501914 0.0145473 0.0497165 0.483304
0 0.12126 0.97192 0.0146602 0.0559669 0.443142
0 0.0238814 0.528723 0.0139504 0.0510471 0.391805
0 0.897311 0.733305 0.0150845 0.0622993 0.330177
0 0.893989 0.586838 0.0158243 0.0492181 0.324157
0 0.691755 0.867412 0.0111401 0.0617048 0.316375
0 0.911675 0.608175 0.0141577 0.0547952 0.307092
0 0.751763 0.661777 0.011657 0.0589857 0.264482
0 0.870529 0.69321 0.0126007 0.061033 0.255825
