5 0.310755 0.549673 0.190454 0.174197 0.950045
2 0.139605 0.716469 0.090745 0.0948832 0.876223
2 0.179906 0.590553 0.0811541 0.093049 0.864378
2 0.365848 0.609151 0.089729 0.0891279 0.85989
2 0.257277 0.252576 0.0432201 0.0669385 0.851555
2 0.785559 0.397739 0.0597326 0.0609636 0.815319
2 0.21716 0.205701 0.0425277 0.0539864 0.794781
2 0.16378 0.133723 0.0411662 0.063173 0.777773
2 0.677725 0.351617 0.061607 0.0550147 0.555981
62 0.49006 0.129711 0.120931 0.142092 0.494695
5 0.0560205 0.405806 0.112041 0.166253 0.441141
0 0.705024 0.883909 0.0170921 0.061321 0.431004
5 0.524723 0.292152 0.106526 0.0871743 0.403071
0 0.964584 0.965783 0.020771 0.0681402 0.341936
