5 0.159688 0.0481668 0.0788275 0.0961678 0.76325
5 0.107814 0.0482071 0.071304 0.0961576 0.716741
2 0.255149 0.255375 0.0376592 0.0631503 0.647253
2 0.291077 0.243214 0.0451707 0.0572472 0.63247
62 0.492262 0.135516 0.117619 0.145914 0.599057
2 0.116117 0.230142 0.0375416 0.0511099 0.55257
2 0.248278 0.200888 0.0436707 0.0545503 0.465447
2 0.282348 0.201742 0.037994 0.0477945 0.430811
5 0.764164 0.26522 0.111375 0.132302 0.362642
9 0.73862 0.622191 0.0228706 0.0631777 0.307566
5 0.0228355 0.121181 0.0450774 0.235874 0.292377
