2 0.100379 0.739485 0.0878194 0.107495 0.869703
2 0.60094 0.433681 0.0743622 0.0621553 0.866024
2 0.209424 0.493024 0.0631067 0.0692879 0.86177
2 0.527427 0.518982 0.0759201 0.0833815 0.844357
2 0.31159 0.253424 0.0497789 0.0763588 0.787829
2 0.237023 0.344507 0.0361484 0.0645654 0.749136
2 0.264878 0.260089 0.0437674 0.0642552 0.736541
0 0.749772 0.567361 0.0172327 0.0578646 0.602459
2 0.262041 0.199456 0.0383292 0.0575328 0.599102
0 0.841928 0.651206 0.012854 0.0527544 0.581976
0 0.0939973 0.501696 0.0116548 0.0564811 0.576072
0 0.0852697 0.513798 0.0128237 0.0528746 0.448997
0 0.99262 0.550722 0.013818 0.0694048 0.428801
9 0.0350438 0.202082 0.0138092 0.0350877 0.388114
0 0.848076 0.720941 0.0129227 0.0529775 0.298081
2 0.884523 0.470225 0.0837694 0.0717816 0.297677
9 0.571782 0.228689 0.0133923 0.0411041 0.282347
0 0.164454 0.468628 0.0125203 0.0552329 0.25602
2 0.0268996 0.634967 0.0536035 0.0537227 0.252396
9 0.155382 0.912311 0.00896828 0.0415982 0.251954
0 0.883333 0.509378 0.00912743 0.0437346 0.25143
