2 0.188236 0.280437 0.0430299 0.0606295 0.766213
2 0.709287 0.951562 0.109404 0.0936232 0.661839
5 0.768376 0.25937 0.108631 0.130052 0.513095
0 0.732841 0.682595 0.0114209 0.0579237 0.460448
0 0.933258 0.864916 0.0147619 0.0647556 0.439531
0 0.781521 0.735724 0.0156847 0.0604935 0.413306
0 0.720535 0.681524 0.0133371 0.0563217 0.377041
0 0.206733 0.374807 0.0092865 0.0453771 0.357277
0 0.0588707 0.577007 0.0159394 0.0554096 0.352553
9 0.155579 0.913455 0.00834126 0.0387817 0.321991
0 0.892171 0.551155 0.0121078 0.0529409 0.316454
0 0.906573 0.66293 0.0139408 0.060672 0.312306
0 0.80566 0.592799 0.0142794 0.0610378 0.30805
0 0.142723 0.977264 0.0210146 0.0440592 0.288686
0 0.91958 0.666165 0.0139297 0.0680761 0.288522
2 0.250182 0.376017 0.0389811 0.0720624 0.278828
9 0.0345732 0.201923 0.015946 0.0376406 0.274663
0 0.815921 0.498013 0.0105217 0.0575375 0.270688
9 0.141546 0.252044 0.00984631 0.0504767 0.261903
0 0.882022 0.652625 0.0128952 0.0632348 0.261595
9 0.121082 0.373652 0.0103387 0.0300267 0.257602
