2 0.220396 0.659161 0.0890058 0.0835077 0.884997
2 0.129487 0.745312 0.0981706 0.104436 0.857626
5 0.287849 0.209472 0.105226 0.155925 0.845401
2 0.528788 0.513881 0.0811323 0.0725677 0.818149
2 0.147852 0.581685 0.0930743 0.093652 0.815363
2 0.694568 0.4424 0.0652023 0.07504 0.783665
5 0.167895 0.0577207 0.0626825 0.108066 0.749468
2 0.245711 0.248464 0.0417902 0.0552436 0.712661
2 0.242661 0.324245 0.0327619 0.0561127 0.692159
5 0.137307 0.0880079 0.0539772 0.0985424 0.662792
62 0.492388 0.130621 0.11693 0.141795 0.639101
2 0.851832 0.418427 0.028833 0.0482451 0.625249
2 0.0802859 0.0268966 0.0404535 0.052614 0.61267
2 0.650564 0.725372 0.0872965 0.147361 0.574403
2 0.815787 0.334624 0.0335587 0.0478696 0.563798
5 0.538452 0.291015 0.130513 0.0898263 0.529216
7 0.650784 0.724903 0.0870209 0.148311 0.440696
0 0.365353 0.944721 0.0321661 0.0938358 0.368971
2 0.194369 0.128734 0.0384108 0.0604737 0.34433
2 0.180033 0.332357 0.0416733 0.0533884 0.338102
2 0.240464 0.127638 0.0298071 0.0331816 0.257824
