5 0.22776 0.599306 0.209624 0.176872 0.944466
5 0.641904 0.343563 0.167746 0.146069 0.907835
2 0.400746 0.623122 0.0845026 0.0809784 0.84072
2 0.246007 0.246424 0.0431555 0.0576883 0.810354
2 0.293346 0.233463 0.0474806 0.0741224 0.779765
2 0.248884 0.336461 0.0372113 0.0536953 0.773392
2 0.196879 0.176893 0.0375858 0.0572797 0.699865
2 0.532522 0.465824 0.0898149 0.108906 0.685595
2 0.137165 0.0973742 0.0354859 0.0621714 0.570032
5 0.536109 0.290472 0.126765 0.0780527 0.535373
2 0.812811 0.291347 0.0466744 0.063076 0.442226
2 0.169652 0.13736 0.0337868 0.059958 0.387705
9 0.155711 0.914088 0.00951791 0.0441837 0.361878
0 0.519213 0.343979 0.0126938 0.0595261 0.297582
