5 0.147454 0.528629 0.113005 0.151293 0.851714
2 0.333902 0.555166 0.0776553 0.0714759 0.804312
2 0.232375 0.216089 0.0405994 0.0651333 0.785637
2 0.179064 0.151763 0.0377736 0.0590562 0.697661
0 0.077414 0.468915 0.0123164 0.0473864 0.599439
0 0.762246 0.714263 0.0121202 0.0589345 0.579882
0 0.809502 0.696034 0.0140696 0.0605164 0.578094
0 0.787579 0.654065 0.0123722 0.0588306 0.519948
0 0.122627 0.960695 0.0169544 0.0639798 0.403695
0 0.111715 0.474635 0.0147151 0.0464937 0.387138
0 0.78183 0.750492 0.0127905 0.0561405 0.373595
0 0.0820564 0.532796 0.00994192 0.0517709 0.365261
2 0.292403 0.226249 0.0575607 0.086697 0.361985
9 0.0347436 0.201419 0.0134492 0.0343869 0.333004
7 0.292327 0.226493 0.057473 0.0871588 0.330406
0 0.68149 0.865406 0.0118216 0.065487 0.327093
0 0.364941 0.942661 0.0327317 0.0960334 0.316444
5 0.063573 0.398781 0.126991 0.162365 0.306696
0 0.864301 0.70162 0.0136734 0.068611 0.298254
0 0.83423 0.734464 0.0155182 0.06696 0.288693
0 0.157942 0.348027 0.0130156 0.0506219 0.258054
