5 0.161292 0.0512078 0.0728098 0.102275 0.744431
2 0.306978 0.252931 0.0432991 0.0604077 0.730628
2 0.262658 0.256961 0.0421204 0.0603014 0.699915
2 0.195008 0.165882 0.0439312 0.0705313 0.682333
2 0.262935 0.203145 0.0391046 0.0570847 0.469014
5 0.76776 0.262132 0.1043 0.126856 0.412888
2 0.228904 0.220345 0.0344072 0.0542709 0.39365
2 0.0982168 0.051234 0.0346556 0.0496802 0.363089
0 0.727128 0.856217 0.0156316 0.0661285 0.349903
62 0.491891 0.129885 0.119378 0.141516 0.335635
2 0.788833 0.387131 0.0308903 0.0560532 0.311058
2 0.180606 0.123604 0.058869 0.0595693 0.267569
