2 0.29228 0.287903 0.0425881 0.068012 0.794661
9 0.156001 0.912764 0.00971117 0.0401228 0.540538
0 0.826639 0.693315 0.0187307 0.0598906 0.39094
9 0.289395 0.795857 0.0362251 0.0498366 0.382709
9 0.622626 0.24593 0.017635 0.0666944 0.365321
9 0.735993 0.608005 0.0123011 0.035506 0.359431
0 0.739594 0.685096 0.0132553 0.066218 0.338166
0 0.765465 0.733969 0.0153326 0.0464425 0.289285
0 0.607162 0.741703 0.0135904 0.0641596 0.287585
0 0.365616 0.940523 0.0349866 0.0909403 0.275304
0 0.957606 0.587254 0.009692 0.0458566 0.263006
62 0.491988 0.128743 0.117851 0.141098 0.261249
9 0.583434 0.286201 0.0152199 0.0344277 0.258575
0 0.814272 0.689008 0.0142979 0.0629891 0.25828
