5 0.126158 0.0676888 0.0728514 0.11224 0.825736
5 0.158568 0.21504 0.0642094 0.108676 0.798786
2 0.273759 0.204897 0.0484647 0.0561099 0.76712
2 0.785944 0.310638 0.0626171 0.0522267 0.499427
5 0.538658 0.289907 0.135837 0.0819587 0.493703
2 0.198879 0.179924 0.0408747 0.0688167 0.49235
2 0.261202 0.269243 0.0440595 0.0734641 0.472585
2 0.808194 0.374795 0.0508278 0.0560221 0.462362
62 0.49154 0.137038 0.119696 0.152645 0.410887
2 0.834021 0.425204 0.0435848 0.0577248 0.317141
2 0.800651 0.374609 0.0344603 0.0566508 0.300231
5 0.199092 0.179645 0.0412035 0.0686505 0.251431
