5 0.246072 0.219058 0.0850111 0.135959 0.860081
2 0.308618 0.248446 0.0384788 0.0561665 0.820308
2 0.176072 0.143386 0.0376266 0.0620952 0.685444
0 0.752921 0.694826 0.0141768 0.0593815 0.628705
0 0.735001 0.667134 0.0147959 0.0606901 0.607921
0 0.895091 0.773467 0.0145981 0.0652256 0.596621
0 0.843925 0.69481 0.013892 0.0596317 0.5288
0 0.780496 0.613683 0.0135578 0.053257 0.507826
0 0.976803 0.667167 0.0149124 0.0569843 0.480302
0 0.741768 0.525274 0.0100341 0.047612 0.418149
9 0.0347814 0.201238 0.013816 0.0360236 0.330432
0 0.80095 0.60998 0.013582 0.0491186 0.297669
9 0.155434 0.913739 0.00881963 0.04133 0.295048
0 0.769512 0.544996 0.0136946 0.056389 0.291857
9 0.57177 0.227378 0.0136244 0.0433401 0.287104
0 0.130341 0.323481 0.0103246 0.0483973 0.255471
0 0.530119 0.357657 0.0126648 0.0512305 0.255326
