2 0.29421 0.241269 0.0445816 0.067115 0.809198
2 0.652188 0.725313 0.0734077 0.1079 0.797643
2 0.506011 0.540162 0.0641407 0.0904544 0.765188
2 0.100735 0.719014 0.0778407 0.0880745 0.756934
2 0.351911 0.310521 0.0492377 0.0729157 0.752336
2 0.150169 0.884562 0.102723 0.111961 0.751972
2 0.436647 0.37936 0.0642895 0.0750968 0.734634
2 0.103313 0.0510521 0.035044 0.0545709 0.727443
2 0.175898 0.303672 0.0317791 0.0631883 0.588169
2 0.18061 0.11427 0.0450444 0.0574137 0.581591
2 0.588374 0.39031 0.0720509 0.0621585 0.580789
0 0.934469 0.934253 0.019445 0.0836656 0.57004
2 0.188645 0.0875429 0.0375456 0.0445156 0.497614
9 0.287679 0.796637 0.0345995 0.0575779 0.494422
9 0.735517 0.597876 0.0138391 0.065977 0.478913
9 0.141979 0.250122 0.0133718 0.0495923 0.440779
0 0.686649 0.594406 0.0187985 0.0705638 0.385861
9 0.583645 0.286194 0.0142744 0.0363505 0.347861
0 0.772606 0.501366 0.0151666 0.055316 0.340893
0 0.113785 0.470977 0.0130982 0.0469586 0.296877
0 0.780605 0.496131 0.0100567 0.0536804 0.29625
9 0.583294 0.286887 0.0170046 0.0498419 0.294699
9 0.983248 0.327195 0.00916042 0.0277039 0.276365
0 0.160879 0.97605 0.0151705 0.0447384 0.275722
2 0.810566 0.4186 0.0255404 0.0391513 0.260099
