2 0.551691 0.500383 0.0721181 0.0821735 0.851342
5 0.233623 0.145538 0.071847 0.12342 0.827697
5 0.300397 0.206698 0.075128 0.151078 0.806136
2 0.785506 0.386434 0.0660847 0.0666201 0.789547
5 0.153998 0.102419 0.0735164 0.120443 0.75661
2 0.1886 0.174209 0.0389272 0.0551192 0.620626
2 0.813172 0.294015 0.0472338 0.0506697 0.602042
5 0.730231 0.33417 0.0691466 0.0682521 0.567192
0 0.568295 0.729482 0.0123453 0.0588949 0.534339
0 0.595447 0.758896 0.0131371 0.0613909 0.49182
62 0.491129 0.129719 0.119458 0.139347 0.453999
0 0.505621 0.408786 0.0106365 0.0459149 0.437976
5 0.536576 0.29121 0.132549 0.0863931 0.432974
0 0.333726 0.84443 0.0157338 0.0581133 0.415837
0 0.518927 0.40698 0.0115147 0.0512177 0.372506
2 0.730325 0.334317 0.0685836 0.068473 0.272753
