5 0.302217 0.594531 0.221663 0.20526 0.957198
2 0.292271 0.689525 0.092721 0.0948988 0.892436
5 0.293843 0.221533 0.0862819 0.13899 0.884915
5 0.183537 0.141539 0.0792492 0.127392 0.882812
2 0.60738 0.470908 0.0785179 0.0843371 0.865317
2 0.246386 0.246089 0.0455919 0.0610691 0.806513
5 0.193478 0.084752 0.0684349 0.110068 0.772327
2 0.525332 0.464877 0.0751512 0.0648966 0.757646
2 0.761642 0.38749 0.0642244 0.0604862 0.750166
2 0.682286 0.393738 0.052893 0.054651 0.748626
2 0.722841 0.33458 0.0572565 0.0517724 0.598398
2 0.128038 0.0900913 0.0348461 0.051058 0.551226
2 0.751902 0.451045 0.0782785 0.0900208 0.419323
5 0.751423 0.451101 0.0778257 0.0900172 0.402369
5 0.533292 0.293875 0.123314 0.0876505 0.351277
0 0.77941 0.758506 0.0136293 0.0617043 0.322172
0 0.876044 0.855581 0.0221645 0.101893 0.322011
0 0.858256 0.781333 0.0150448 0.0704212 0.317903
0 0.845205 0.781001 0.0150913 0.0716922 0.310814
