2 0.801021 0.365254 0.0534683 0.0822921 0.696806
0 0.179293 0.583938 0.0153116 0.0523626 0.618276
0 0.53177 0.584938 0.0181395 0.0625096 0.585603
0 0.768903 0.726894 0.0126003 0.0586253 0.555468
9 0.0348162 0.199721 0.0150735 0.0363478 0.516538
0 0.803785 0.741308 0.0136899 0.0621284 0.507577
5 0.742537 0.280772 0.158331 0.174421 0.467853
2 0.831182 0.403779 0.0364222 0.0483061 0.461254
0 0.112797 0.488708 0.0136263 0.0792007 0.413165
0 0.543067 0.494308 0.00996113 0.050561 0.36711
0 0.332004 0.597921 0.0143364 0.0607631 0.363876
0 0.953758 0.689351 0.0215734 0.0607868 0.363601
0 0.643493 0.583108 0.0150578 0.0636971 0.326429
0 0.410403 0.612686 0.017299 0.0567752 0.297937
0 0.789735 0.554121 0.0162137 0.0588491 0.297202
0 0.870922 0.648673 0.0117668 0.0511397 0.294593
0 0.778145 0.593342 0.0164896 0.0537942 0.282756
0 0.42359 0.599006 0.0170816 0.0711628 0.263603
0 0.642665 0.684424 0.0142789 0.0701204 0.263535
0 0.595811 0.499203 0.015963 0.059331 0.251841
0 0.737789 0.774958 0.015436 0.0588396 0.250372
