2 0.437001 0.369161 0.0657385 0.0717689 0.792004
9 0.15549 0.913962 0.00841501 0.0388928 0.626386
2 0.181096 0.321994 0.0417453 0.0586355 0.608113
2 0.255112 0.187035 0.0400466 0.0655625 0.586493
62 0.491796 0.129198 0.117711 0.144599 0.565295
2 0.124452 0.217935 0.0312455 0.0556095 0.557963
9 0.28819 0.816948 0.0441169 0.10809 0.525791
2 0.654188 0.964854 0.0977989 0.0702918 0.506956
2 0.183343 0.0855513 0.0370568 0.0557312 0.490029
0 0.0596883 0.531137 0.0134318 0.0620727 0.416864
2 0.350953 0.314614 0.051657 0.0682441 0.400402
5 0.768561 0.26326 0.11425 0.127569 0.385651
0 0.116975 0.973785 0.0139815 0.0515652 0.343075
0 0.105686 0.484168 0.0155153 0.0552684 0.334838
7 0.732865 0.813163 0.0906229 0.148466 0.328852
2 0.73335 0.813599 0.0920279 0.148841 0.314858
2 0.606143 0.66933 0.0334858 0.0636861 0.314117
0 0.08559 0.4876 0.0128396 0.0487927 0.305806
5 0.550299 0.91667 0.330523 0.158181 0.282429
0 0.188925 0.386699 0.0148492 0.0488269 0.27688
0 0.0179557 0.533518 0.0123607 0.0617998 0.2632
2 0.140793 0.982475 0.0187192 0.0317864 0.255057
2 0.437001 0.369161 0.0657385 0.0717689 0.792004
9 0.15549 0.913962 0.00841501 0.0388928 0.626386
2 0.181096 0.321994 0.0417453 0.0586355 0.608113
2 0.255112 0.187035 0.0400466 0.0655625 0.586493
62 0.491796 0.129198 0.117711 0.144599 0.565295
2 0.124452 0.217935 0.0312455 0.0556095 0.557963
9 0.28819 0.816948 0.0441169 0.10809 0.525791
2 0.654188 0.964854 0.0977989 0.0702918 0.506956
2 0.183343 0.0855513 0.0370568 0.0557312 0.490029
0 0.0596883 0.531137 0.0134318 0.0620727 0.416864
2 0.350953 0.314614 0.051657 0.0682441 0.400402
5 0.768561 0.26326 0.11425 0.127569 0.385651
0 0.116975 0.973785 0.0139815 0.0515652 0.343075
0 0.105686 0.484168 0.0155153 0.0552684 0.334838
7 0.732865 0.813163 0.0906229 0.148466 0.328852
2 0.73335 0.813599 0.0920279 0.148841 0.314858
2 0.606143 0.66933 0.0334858 0.0636861 0.314117
0 0.08559 0.4876 0.0128396 0.0487927 0.305806
5 0.550299 0.91667 0.330523 0.158181 0.282429
0 0.188925 0.386699 0.0148492 0.0488269 0.27688
0 0.0179557 0.533518 0.0123607 0.0617998 0.2632
2 0.140793 0.982475 0.0187192 0.0317864 0.255057
