5 0.549515 0.905072 0.230847 0.186342 0.904234
2 0.787809 0.37926 0.0763166 0.0828759 0.844376
2 0.483259 0.545108 0.0570559 0.0828176 0.835244
2 0.30865 0.280447 0.0482524 0.0637231 0.819596
2 0.157235 0.194547 0.0390652 0.0455992 0.717553
2 0.226996 0.151195 0.0383678 0.0530252 0.669502
2 0.122664 0.0755847 0.0335647 0.0569806 0.650346
2 0.177187 0.144435 0.0394569 0.0647961 0.616644
2 0.233356 0.221987 0.0443151 0.066421 0.508565
62 0.491974 0.130266 0.117816 0.139938 0.501733
7 0.261124 0.715423 0.0438201 0.116418 0.431336
2 0.813912 0.292138 0.0484591 0.0568954 0.427084
2 0.771132 0.891827 0.0754858 0.130256 0.409821
7 0.771034 0.89225 0.0754257 0.13019 0.395423
2 0.0859759 0.0293385 0.036345 0.0543876 0.388695
2 0.100599 0.129821 0.0294043 0.0431781 0.340035
