0 0.880994 0.637506 0.0128796 0.0555196 0.5821
0 0.856686 0.636948 0.0133095 0.0587411 0.576452
0 0.116096 0.592247 0.0137877 0.048223 0.564538
0 0.678453 0.730529 0.0167654 0.0646803 0.509848
2 0.528485 0.915759 0.172202 0.163903 0.493151
0 0.210594 0.487578 0.0143588 0.0515303 0.490769
0 0.122054 0.724506 0.0132977 0.0610545 0.48851
5 0.528564 0.916544 0.171006 0.164579 0.479598
2 0.813255 0.367739 0.0400797 0.0492828 0.470193
0 0.332354 0.46961 0.0121752 0.0461867 0.445668
2 0.820798 0.410387 0.0457443 0.0589476 0.412935
0 0.724522 0.821922 0.0171327 0.0664761 0.398545
9 0.0344081 0.201587 0.0144375 0.0356161 0.396414
0 0.981812 0.598112 0.0125214 0.0567429 0.385375
0 0.365179 0.944018 0.0325951 0.0989083 0.382685
0 0.258308 0.900323 0.0139545 0.067041 0.37671
0 0.181325 0.392708 0.00996456 0.0419158 0.357391
0 0.487083 0.471701 0.0128319 0.0497582 0.330703
0 0.0778909 0.54757 0.0144 0.051817 0.33002
0 0.28818 0.877253 0.0107213 0.0652651 0.322009
0 0.831425 0.55082 0.0154394 0.0535997 0.320156
0 0.778014 0.638785 0.013627 0.0523043 0.312104
0 0.241901 0.921725 0.0195413 0.0638414 0.308919
0 0.735957 0.604545 0.00907555 0.0366892 0.305179
0 0.886393 0.706816 0.013798 0.0606886 0.271907
0 0.554105 0.426413 0.0111576 0.0479416 0.270958
0 0.0586363 0.474855 0.0147256 0.0564378 0.253438
