2 0.269517 0.259955 0.043928 0.0694356 0.717005
62 0.491916 0.138086 0.118696 0.14063 0.557861
0 0.0552925 0.294299 0.0124779 0.0527198 0.520842
0 0.168432 0.513288 0.015574 0.0727617 0.5129
0 0.416788 0.707871 0.0137308 0.0632485 0.443817
9 0.733004 0.607154 0.0171539 0.0568654 0.440325
0 0.0700195 0.282538 0.0112621 0.039959 0.399401
2 0.282411 0.216212 0.0418841 0.0678056 0.373621
2 0.0336264 0.595592 0.0672278 0.0807309 0.3568
9 0.14151 0.250299 0.0116463 0.0510439 0.349036
0 0.269683 0.662582 0.0145684 0.0587118 0.26461
