2 0.258754 0.255635 0.0461391 0.0607519 0.773669
0 0.356925 0.835962 0.0192958 0.0703651 0.696153
2 0.787379 0.37635 0.0616582 0.0706723 0.633894
9 0.290572 0.799224 0.0386033 0.0467658 0.595274
62 0.491726 0.128168 0.118438 0.14463 0.555085
0 0.892156 0.73276 0.014093 0.0628677 0.491138
0 0.22915 0.546656 0.0151369 0.0567657 0.488657
2 0.3221 0.250411 0.0427357 0.0659996 0.482071
0 0.112253 0.49681 0.0196185 0.0785762 0.466957
0 0.630633 0.553448 0.0129341 0.0542327 0.464683
9 0.156188 0.911956 0.00949106 0.0426161 0.463916
0 0.163252 0.455846 0.0112609 0.0543384 0.42616
0 0.270873 0.51658 0.0169616 0.0626817 0.415334
0 0.126267 0.487277 0.0152911 0.0567471 0.393976
2 0.835628 0.397809 0.0531441 0.0605058 0.388463
0 0.392768 0.469595 0.013463 0.0513796 0.386358
0 0.364389 0.944035 0.0322047 0.096775 0.373203
0 0.532631 0.605754 0.0131775 0.0556262 0.358276
2 0.835657 0.407648 0.0517641 0.041477 0.353649
0 0.429656 0.743038 0.0206507 0.0656591 0.326878
0 0.183884 0.398787 0.012434 0.050071 0.312943
9 0.735196 0.609005 0.0134811 0.0414566 0.307334
0 0.903882 0.736108 0.0127705 0.0550254 0.305599
2 0.203322 0.12528 0.0379292 0.0613966 0.295519
0 0.547029 0.512218 0.0107895 0.0478231 0.28829
0 0.310161 0.895541 0.0223754 0.0784073 0.288101
0 0.815198 0.70968 0.0107304 0.058963 0.276226
0 0.323467 0.430161 0.013129 0.0557863 0.264559
2 0.258754 0.255635 0.0461391 0.0607519 0.773669
0 0.356925 0.835962 0.0192958 0.0703651 0.696153
2 0.787379 0.37635 0.0616582 0.0706723 0.633894
9 0.290572 0.799224 0.0386033 0.0467658 0.595274
62 0.491726 0.128168 0.118438 0.14463 0.555085
0 0.892156 0.73276 0.014093 0.0628677 0.491138
0 0.22915 0.546656 0.0151369 0.0567657 0.488657
2 0.3221 0.250411 0.0427357 0.0659996 0.482071
0 0.112253 0.49681 0.0196185 0.0785762 0.466957
0 0.630633 0.553448 0.0129341 0.0542327 0.464683
9 0.156188 0.911956 0.00949106 0.0426161 0.463916
0 0.163252 0.455846 0.0112609 0.0543384 0.42616
0 0.270873 0.51658 0.0169616 0.0626817 0.415334
0 0.126267 0.487277 0.0152911 0.0567471 0.393976
2 0.835628 0.397809 0.0531441 0.0605058 0.388463
0 0.392768 0.469595 0.013463 0.0513796 0.386358
0 0.364389 0.944035 0.0322047 0.096775 0.373203
0 0.532631 0.605754 0.0131775 0.0556262 0.358276
2 0.835657 0.407648 0.0517641 0.041477 0.353649
0 0.429656 0.743038 0.0206507 0.0656591 0.326878
0 0.183884 0.398787 0.012434 0.050071 0.312943
9 0.735196 0.609005 0.0134811 0.0414566 0.307334
0 0.903882 0.736108 0.0127705 0.0550254 0.305599
2 0.203322 0.12528 0.0379292 0.0613966 0.295519
0 0.547029 0.512218 0.0107895 0.0478231 0.28829
0 0.310161 0.895541 0.0223754 0.0784073 0.288101
0 0.815198 0.70968 0.0107304 0.058963 0.276226
0 0.323467 0.430161 0.013129 0.0557863 0.264559
