5 0.486402 0.499714 0.131376 0.202044 0.933646
5 0.549185 0.919578 0.178111 0.157756 0.863851
2 0.634048 0.720879 0.0711203 0.108118 0.829245
2 0.551549 0.404778 0.0732508 0.0574858 0.791199
2 0.108817 0.220855 0.039733 0.0537757 0.789078
2 0.359754 0.320088 0.0544532 0.0836043 0.786212
2 0.218374 0.202233 0.0402462 0.0655741 0.78051
2 0.209132 0.273742 0.0335315 0.0553902 0.759371
2 0.15277 0.113589 0.0375816 0.0489327 0.726849
5 0.466777 0.936467 0.163897 0.123098 0.6481
5 0.526159 0.285826 0.104841 0.0731609 0.609767
2 0.81272 0.292958 0.0455711 0.053705 0.60922
2 0.728773 0.360358 0.076778 0.0641101 0.595242
2 0.824107 0.420211 0.0592714 0.0636722 0.547225
62 0.493209 0.129608 0.115402 0.138751 0.444608
0 0.0101517 0.558713 0.0179955 0.0786418 0.338357
0 0.106857 0.52484 0.0139423 0.0568978 0.254312
