2 0.177758 0.640985 0.0716252 0.0757936 0.842874
2 0.247275 0.244177 0.0404474 0.0585809 0.785795
2 0.67796 0.427475 0.0680227 0.0764707 0.754896
2 0.294849 0.247433 0.0460169 0.0562045 0.734716
2 0.480958 0.548081 0.0782199 0.0885256 0.66267
2 0.813481 0.368611 0.0400508 0.0567515 0.64978
2 0.255299 0.195944 0.0368848 0.0542119 0.605508
0 0.136497 0.910788 0.0163764 0.064425 0.554521
2 0.62738 0.490481 0.0730947 0.0818817 0.525528
9 0.288768 0.795494 0.0349882 0.0515323 0.519575
62 0.49198 0.131597 0.117027 0.140228 0.508211
5 0.0224816 0.122804 0.0444812 0.238754 0.500862
5 0.762925 0.262979 0.109433 0.127182 0.489085
2 0.178737 0.543407 0.0458345 0.0486445 0.435434
9 0.735742 0.616778 0.0173716 0.0496057 0.404677
0 0.448159 0.750158 0.0208141 0.0616831 0.401984
9 0.155686 0.914781 0.00997157 0.0409465 0.373447
0 0.935319 0.926031 0.0204311 0.0799691 0.351224
2 0.190563 0.53312 0.0688799 0.0699496 0.256417
0 0.156525 0.345374 0.0155941 0.0539656 0.25124
