5 0.303745 0.222863 0.0906943 0.133307 0.871459
2 0.828067 0.951325 0.100894 0.0955343 0.844027
2 0.53243 0.597129 0.0621689 0.0868774 0.840285
5 0.113948 0.0532174 0.0537178 0.100713 0.839845
5 0.403973 0.325775 0.102532 0.162898 0.839771
2 0.234709 0.341913 0.038098 0.0643997 0.816103
2 0.198104 0.175934 0.039114 0.0589121 0.783553
2 0.310393 0.317215 0.0505848 0.0823691 0.562035
5 0.107879 0.209209 0.0373113 0.0731154 0.561696
2 0.0978154 0.107767 0.0233534 0.0434912 0.474375
5 0.536033 0.288811 0.128861 0.0805956 0.400793
0 0.00549285 0.564632 0.0109476 0.069072 0.391325
2 0.397294 0.436713 0.0241355 0.0544397 0.376009
9 0.155098 0.915083 0.00802081 0.0394487 0.26125
0 0.0933674 0.553133 0.0213369 0.0533432 0.252298
