2 0.296897 0.243172 0.0438565 0.0661367 0.811004
2 0.785266 0.39038 0.0637887 0.0671355 0.78183
2 0.249585 0.360912 0.0383788 0.0586251 0.774257
2 0.384846 0.335848 0.0536499 0.0705413 0.747069
2 0.499406 0.396286 0.0705866 0.0643628 0.742154
2 0.281508 0.769519 0.0452533 0.109115 0.735533
2 0.116303 0.13145 0.0328266 0.0450229 0.714962
2 0.220526 0.154097 0.0402425 0.0456788 0.704357
2 0.601501 0.681603 0.0763591 0.112075 0.552692
2 0.612997 0.387888 0.0783825 0.0737534 0.502853
5 0.0230434 0.120616 0.0454685 0.239731 0.493386
2 0.109818 0.225654 0.0318081 0.0395613 0.492942
5 0.768502 0.259321 0.113603 0.131362 0.419715
2 0.839582 0.405204 0.0376755 0.0507751 0.2926
0 0.665939 0.676811 0.014456 0.0630298 0.272873
7 0.61358 0.38791 0.0800043 0.0741121 0.255022
