2 0.289115 0.2304 0.0421971 0.0626528 0.84369
5 0.811077 0.278457 0.0470142 0.0825874 0.724638
2 0.188844 0.329221 0.0374457 0.0633845 0.687961
2 0.808492 0.407673 0.0636002 0.0679881 0.600891
2 0.840195 0.437248 0.0659987 0.0661146 0.594243
7 0.826992 0.863813 0.111724 0.173994 0.580282
0 0.302217 0.759591 0.0144972 0.0614332 0.564696
0 0.783068 0.658143 0.015361 0.0519885 0.469164
0 0.744501 0.700602 0.0150869 0.0641271 0.461781
0 0.32377 0.461643 0.0145216 0.0515992 0.449244
0 0.548351 0.762139 0.0209969 0.0650874 0.441563
2 0.931536 0.397959 0.0489704 0.0491414 0.440442
9 0.0352101 0.202608 0.0153011 0.0388309 0.429383
0 0.0176041 0.532537 0.0126514 0.0536789 0.412252
0 0.897805 0.557373 0.0129122 0.0567649 0.359911
0 0.438636 0.795636 0.0188668 0.0665554 0.35703
0 0.843139 0.577848 0.0168785 0.0492279 0.351787
0 0.833031 0.787979 0.0125259 0.0345963 0.311683
0 0.325802 0.820715 0.0141298 0.0658478 0.300179
0 0.733935 0.775004 0.0119224 0.0641944 0.268445
62 0.491606 0.125372 0.117938 0.134868 0.25681
