5 0.658118 0.713148 0.191054 0.232161 0.946164
2 0.303569 0.254966 0.0488554 0.0592034 0.848279
5 0.226797 0.195944 0.0841557 0.137204 0.846976
2 0.187389 0.599521 0.0987448 0.0935184 0.846228
7 0.571253 0.411444 0.110534 0.116631 0.8264
2 0.262494 0.187234 0.047317 0.0752174 0.611202
2 0.819405 0.282849 0.0378658 0.0526679 0.561772
0 0.943339 0.624312 0.0108898 0.0551553 0.544374
0 0.954061 0.631613 0.0165895 0.0587661 0.525205
0 0.747126 0.589634 0.0132513 0.0552943 0.466841
3 0.0383346 0.543207 0.0483188 0.0721415 0.373997
9 0.0345587 0.200561 0.0143855 0.0380427 0.372408
0 0.805568 0.527415 0.0136724 0.0457181 0.358217
0 0.964399 0.778421 0.0177948 0.0419583 0.33761
0 0.0460202 0.485187 0.017613 0.0734962 0.267598
0 0.735749 0.603886 0.009025 0.0344215 0.264982
2 0.684111 0.339532 0.0224022 0.0405323 0.254619
