2 0.815915 0.939061 0.0925528 0.119329 0.837117
2 0.527956 0.584064 0.0634373 0.091244 0.819556
2 0.395356 0.422503 0.0541929 0.0740992 0.818154
2 0.636155 0.721448 0.0721403 0.113808 0.793575
2 0.191797 0.233154 0.0415025 0.0559542 0.768412
2 0.264141 0.393692 0.0411457 0.0642161 0.753836
2 0.254944 0.240788 0.0501823 0.0761036 0.683106
5 0.530139 0.909148 0.197801 0.178615 0.671628
2 0.225014 0.279511 0.0361116 0.0816228 0.658108
2 0.813427 0.291776 0.0469732 0.0594792 0.620858
2 0.141484 0.0999923 0.0357411 0.0490626 0.563348
2 0.248591 0.185731 0.0348577 0.0544214 0.490694
2 0.269696 0.78991 0.0677978 0.0992052 0.485122
2 0.0734424 0.0216392 0.0325956 0.0432785 0.460622
2 0.136259 0.0589784 0.035435 0.0431937 0.403551
7 0.269455 0.789901 0.0674727 0.099431 0.364714
62 0.490185 0.131533 0.122297 0.144225 0.352272
2 0.102508 0.103547 0.0229956 0.0459771 0.299269
0 0.163192 0.975348 0.0198161 0.0471151 0.295155
0 0.134051 0.974127 0.0137977 0.0510312 0.26583
