5 0.0640792 0.402562 0.127702 0.179937 0.510256
0 0.355773 0.802911 0.0176786 0.0598529 0.504976
2 0.823429 0.411132 0.0542164 0.0614539 0.500198
62 0.490095 0.127398 0.12097 0.141429 0.442052
0 0.367901 0.66665 0.0145907 0.0585578 0.360876
0 0.668601 0.688924 0.0115488 0.0555807 0.30604
0 0.705646 0.845482 0.0195004 0.0680891 0.305825
0 0.764151 0.76182 0.0139398 0.0533291 0.301552
0 0.364902 0.944149 0.0334665 0.0988664 0.293175
0 0.730766 0.742647 0.0160353 0.0646807 0.288269
0 0.469076 0.782491 0.012158 0.0473813 0.253843
