0 0.113896 0.966942 0.0121857 0.0633482 0.64537
0 0.091204 0.522677 0.0107752 0.0568097 0.593851
2 0.652429 0.740799 0.0789425 0.112064 0.566082
0 0.143233 0.982884 0.0155788 0.0334696 0.557856
2 0.239722 0.343515 0.0367966 0.0645064 0.513348
2 0.242756 0.789007 0.0410342 0.107187 0.511688
0 0.169528 0.446754 0.0126566 0.0524576 0.384941
0 0.119104 0.481743 0.0145358 0.0555601 0.323772
9 0.583617 0.286791 0.0152964 0.037751 0.321659
9 0.57192 0.226057 0.015514 0.0478253 0.312668
9 0.155393 0.911782 0.00806074 0.0390513 0.3122
9 0.11745 0.266588 0.0147689 0.034818 0.304006
0 0.185851 0.378432 0.0140276 0.0590415 0.280468
9 0.142989 0.250053 0.0123849 0.0511788 0.280465
