5 0.417838 0.41197 0.0995138 0.189304 0.922009
2 0.813095 0.934034 0.0990007 0.130347 0.859926
2 0.15336 0.174408 0.0421777 0.0653528 0.775076
2 0.102326 0.0516868 0.0331279 0.0523619 0.753722
6 0.904637 0.0455598 0.18924 0.090679 0.74276
5 0.536233 0.28903 0.127293 0.0787723 0.680519
2 0.814447 0.372276 0.0518122 0.0833605 0.615872
2 0.153886 0.107664 0.034328 0.0510489 0.537786
2 0.285569 0.275873 0.052703 0.0939798 0.432696
7 0.271194 0.618386 0.0497878 0.174939 0.395075
2 0.0428175 0.0274374 0.0269268 0.0439431 0.378961
5 0.271482 0.618352 0.049265 0.174987 0.309735
2 0.732351 0.328835 0.0740538 0.0583373 0.28467
