2 0.202068 0.669397 0.0912651 0.100571 0.894557
5 0.295574 0.218789 0.0900259 0.139091 0.849694
2 0.661459 0.45221 0.0648518 0.0780448 0.804575
2 0.233086 0.158445 0.0382389 0.0569915 0.720479
0 0.922173 0.653311 0.0152884 0.0569927 0.62636
0 0.855429 0.662246 0.0132587 0.0516729 0.60079
0 0.681196 0.867606 0.0125558 0.0653834 0.550882
0 0.761905 0.674155 0.013893 0.0599806 0.538889
2 0.0583549 0.118339 0.0344914 0.0466887 0.529144
7 0.460547 0.445746 0.172256 0.160847 0.515473
0 0.879966 0.588354 0.0176834 0.0539509 0.470379
0 0.828196 0.573863 0.018158 0.0526471 0.448781
0 0.792707 0.56043 0.0123568 0.0563273 0.447828
0 0.748808 0.665489 0.0116626 0.0574627 0.401324
9 0.035065 0.201768 0.0140244 0.0337702 0.332785
0 0.931428 0.773974 0.0098011 0.0385086 0.259818
