2 0.253367 0.246564 0.0430825 0.0663562 0.833633
2 0.202675 0.173107 0.0372715 0.0595579 0.804211
2 0.297395 0.240893 0.0437046 0.0666815 0.800294
0 0.603054 0.412767 0.0097146 0.0480838 0.631278
9 0.0344205 0.199959 0.0147565 0.03611 0.599507
0 0.263953 0.907456 0.0179145 0.0746204 0.583608
0 0.358678 0.702083 0.0122623 0.0512031 0.575243
0 0.536874 0.809211 0.0152981 0.0625821 0.517815
2 0.831184 0.404949 0.0556084 0.048902 0.440097
0 0.879912 0.690816 0.0135542 0.0598545 0.435175
0 0.83581 0.667952 0.0134771 0.0706518 0.420402
0 0.364997 0.943709 0.0326333 0.0973901 0.411493
0 0.867512 0.529426 0.0129282 0.0499356 0.395419
62 0.491902 0.126751 0.117702 0.136526 0.390052
0 0.0110701 0.573223 0.0217143 0.0520096 0.386568
0 0.786692 0.701331 0.0120284 0.0634512 0.320628
9 0.155613 0.912837 0.00921228 0.0407552 0.3163
2 0.157587 0.291029 0.0266238 0.0393676 0.312121
0 0.784354 0.556097 0.0119898 0.0609751 0.298124
0 0.82106 0.71271 0.0125889 0.0554311 0.294502
0 0.834538 0.614805 0.0132366 0.041699 0.293326
0 0.0673213 0.28186 0.0101918 0.0490926 0.290513
0 0.964779 0.575157 0.0133615 0.0545251 0.278127
9 0.57153 0.229264 0.0135206 0.0408476 0.275152
0 0.761285 0.725186 0.018416 0.0690272 0.270919
0 0.891837 0.593245 0.0192484 0.0570199 0.257626
0 0.794433 0.556387 0.0107052 0.0581202 0.25666
0 0.823962 0.665483 0.0135969 0.05524 0.255927
0 0.841473 0.557659 0.0174402 0.0507545 0.253661
2 0.823466 0.364941 0.0269558 0.0404594 0.250468
