2 0.275698 0.704006 0.0421856 0.0792491 0.814421
2 0.782333 0.384936 0.0646704 0.0681767 0.812675
2 0.17662 0.242322 0.0383638 0.0579032 0.6499
0 0.780727 0.643962 0.010948 0.055842 0.538326
2 0.837509 0.422262 0.0363403 0.0573012 0.509594
0 0.0958515 0.498433 0.0117709 0.0503613 0.481255
0 0.107734 0.494886 0.0133606 0.0544473 0.469658
0 0.793868 0.768401 0.0157757 0.0660933 0.449857
0 0.753529 0.526186 0.0130478 0.0554279 0.442095
0 0.155905 0.463823 0.0111626 0.0579759 0.42139
0 0.0812257 0.436352 0.0133759 0.0513962 0.404759
0 0.923157 0.700599 0.0170603 0.0667643 0.371988
0 0.865342 0.603603 0.0105064 0.0553505 0.349738
0 0.802554 0.608504 0.0120484 0.0551752 0.319376
9 0.0346361 0.201637 0.0139704 0.0382893 0.315784
0 0.00650155 0.555542 0.0128277 0.0682958 0.312275
0 0.818486 0.647369 0.0143028 0.070958 0.298257
9 0.571603 0.228006 0.0129689 0.0422654 0.291069
0 0.805124 0.652566 0.0137356 0.0605464 0.285382
0 0.181003 0.441744 0.0114835 0.0624253 0.262275
7 0.889134 0.467652 0.0780781 0.0779969 0.257812
