5 0.200748 0.257516 0.0764585 0.141661 0.880218
2 0.105243 0.052301 0.0353245 0.0513612 0.787825
2 0.261844 0.921713 0.0502094 0.114847 0.766956
2 0.26135 0.499206 0.0321423 0.0735135 0.708448
2 0.740013 0.335404 0.0696526 0.0507282 0.696302
2 0.813444 0.292827 0.0469334 0.0607692 0.625962
5 0.538221 0.291853 0.134072 0.0851642 0.481623
62 0.491356 0.129338 0.118558 0.140628 0.464232
2 0.212811 0.202737 0.033105 0.0526214 0.353838
0 0.0196699 0.566206 0.0179682 0.0815548 0.302083
9 0.155378 0.915636 0.00845385 0.0415639 0.277264
