2 0.0788543 0.610572 0.085872 0.0821626 0.868014
7 0.59984 0.495697 0.107139 0.130988 0.855073
5 0.210163 0.112134 0.0726927 0.121593 0.838533
5 0.288693 0.208179 0.0927498 0.135903 0.779407
0 0.776571 0.723645 0.0152698 0.067669 0.622159
0 0.807258 0.731205 0.0144567 0.0749268 0.558287
5 0.53352 0.306722 0.130388 0.114962 0.547602
0 0.826459 0.630447 0.0144535 0.0531525 0.530539
9 0.155286 0.912557 0.00941677 0.0419291 0.465745
0 0.807825 0.685224 0.0144873 0.0546088 0.462929
2 0.0738955 0.6894 0.0600451 0.0676163 0.436737
0 0.887289 0.709641 0.0153065 0.0718221 0.420584
0 0.95934 0.759414 0.0176949 0.067019 0.383911
0 0.0150848 0.581703 0.0165936 0.0599847 0.370266
0 0.91949 0.698192 0.0166004 0.0605021 0.357885
9 0.0348427 0.201088 0.0138451 0.0395856 0.330913
2 0.258003 0.250548 0.0501341 0.0874296 0.320779
0 0.890454 0.543243 0.0131943 0.0581496 0.320397
2 0.841739 0.39758 0.0305307 0.0458605 0.306748
0 0.69263 0.860032 0.0128259 0.0629205 0.28284
0 0.792552 0.631209 0.0115007 0.0567182 0.271721
0 0.807424 0.707053 0.015032 0.0721944 0.260314
0 0.364058 0.941541 0.0307028 0.0932237 0.255626
0 0.419611 0.293527 0.0104382 0.0442316 0.255539
0 0.92876 0.5642 0.0130575 0.049784 0.255216
0 0.995299 0.584776 0.00857849 0.0575584 0.250741
