7 0.308947 0.231677 0.0648622 0.11184 0.840847
2 0.250808 0.189717 0.0379408 0.0459356 0.768596
7 0.804004 0.349455 0.0686373 0.121095 0.690615
0 0.364908 0.944755 0.0336212 0.099638 0.541051
0 0.768699 0.75206 0.0179032 0.0759737 0.53798
2 0.816071 0.411001 0.0520588 0.0660124 0.492656
0 0.706812 0.85386 0.0253835 0.0758696 0.470602
9 0.0339497 0.200187 0.0146672 0.0372934 0.459544
0 0.945277 0.697366 0.0181091 0.0604265 0.45223
0 0.815393 0.689274 0.0139156 0.059885 0.443322
9 0.155718 0.913256 0.00906773 0.0399563 0.377193
0 0.861296 0.598657 0.0114754 0.0536565 0.335705
0 0.642681 0.711504 0.0133853 0.0569914 0.334159
0 0.594279 0.819278 0.012471 0.0710517 0.328939
6 0.901683 0.0454811 0.195589 0.0887757 0.323413
0 0.915674 0.559795 0.0102108 0.056054 0.30173
0 0.143077 0.628275 0.0132488 0.0492759 0.299036
0 0.805636 0.54007 0.0134816 0.0564686 0.290392
0 0.834237 0.71367 0.0178139 0.0631293 0.289836
0 0.716593 0.624041 0.0117023 0.0528651 0.289396
0 0.18209 0.413879 0.00998094 0.0458376 0.27525
0 0.737749 0.753935 0.0182501 0.0870417 0.268002
