2 0.653575 0.671092 0.0736959 0.103478 0.852067
7 0.308761 0.23164 0.0646116 0.111761 0.851656
2 0.250624 0.189522 0.0386134 0.0469034 0.788942
0 0.753215 0.7392 0.0142875 0.0618278 0.708702
0 0.871812 0.686965 0.01611 0.0593221 0.644132
0 0.771957 0.630281 0.0159307 0.0649148 0.545102
0 0.737529 0.684846 0.0121096 0.0567473 0.510055
0 0.823152 0.718679 0.0130074 0.0597714 0.475421
0 0.799038 0.621856 0.0142767 0.0532566 0.443932
0 0.830154 0.664523 0.0123421 0.0561326 0.389498
0 0.804106 0.524735 0.0149757 0.0555817 0.372548
0 0.965057 0.485058 0.0138046 0.0582764 0.333441
9 0.0345526 0.202672 0.0149333 0.0350245 0.331331
0 0.746103 0.626177 0.01544 0.0519619 0.293689
7 0.0641668 0.404727 0.128334 0.178967 0.268349
0 0.951561 0.891639 0.0131859 0.0656972 0.261949
