5 0.0585783 0.656028 0.113772 0.130516 0.86394
2 0.217691 0.700669 0.0906056 0.104235 0.838192
2 0.644027 0.492704 0.0725458 0.0846866 0.83268
2 0.358427 0.615826 0.0845271 0.0778542 0.795473
2 0.611283 0.625268 0.0383383 0.106096 0.785677
2 0.529182 0.408464 0.0697027 0.0639356 0.758064
5 0.17932 0.0695443 0.0708937 0.104836 0.731823
2 0.732637 0.361263 0.072835 0.058375 0.731379
2 0.289217 0.28424 0.0445995 0.0657756 0.714101
2 0.824086 0.359924 0.0499273 0.079586 0.674954
2 0.281476 0.223805 0.0420872 0.0565543 0.561776
2 0.196275 0.181244 0.0406564 0.0533433 0.55536
2 0.328499 0.270802 0.0471688 0.0582859 0.528434
2 0.241825 0.178681 0.0394719 0.0508402 0.506976
2 0.232732 0.221835 0.0446057 0.0653016 0.501388
5 0.523232 0.297216 0.114319 0.0970757 0.401599
2 0.230099 0.384838 0.0441872 0.0604797 0.399739
62 0.492778 0.13834 0.118548 0.133138 0.353775
2 0.221872 0.384604 0.0607893 0.0644572 0.314108
2 0.0996581 0.103939 0.0255079 0.0421554 0.311545
9 0.155098 0.915891 0.00854735 0.0424047 0.284826
2 0.189735 0.13261 0.0247972 0.0427793 0.284388
9 0.584058 0.28551 0.00799131 0.0302255 0.258276
