2 0.186129 0.633681 0.0875761 0.0838169 0.861585
2 0.817722 0.414857 0.0624479 0.0717534 0.635848
0 0.899107 0.760607 0.0161398 0.0709873 0.53168
0 0.931384 0.614055 0.0125649 0.0499376 0.507823
0 0.365279 0.945429 0.033652 0.101033 0.398582
7 0.766199 0.373325 0.137475 0.148531 0.384104
0 0.691286 0.867464 0.0114988 0.0628109 0.3591
0 0.853937 0.806998 0.0134455 0.0429749 0.319255
0 0.418458 0.286737 0.0113453 0.054617 0.315478
7 0.74794 0.38064 0.10133 0.133387 0.311906
0 0.965479 0.777117 0.0136738 0.0364295 0.293821
9 0.0345237 0.202295 0.0144814 0.0319079 0.286665
62 0.491839 0.128958 0.118189 0.141869 0.277453
