5 0.129033 0.0733102 0.0751433 0.112224 0.852852
2 0.24239 0.234986 0.0391308 0.0664605 0.826438
2 0.249195 0.421816 0.0439549 0.078823 0.825577
2 0.299551 0.230705 0.0405936 0.0554185 0.738502
2 0.1715 0.136955 0.0346574 0.0630798 0.62156
2 0.203115 0.182961 0.0367856 0.0624886 0.619677
0 0.138134 0.46923 0.0184464 0.0817481 0.479706
0 0.182544 0.523696 0.0217848 0.0515626 0.361305
9 0.155314 0.914289 0.008901 0.0414168 0.337801
0 0.134088 0.977597 0.0146337 0.0448068 0.30858
0 0.108751 0.507338 0.0162204 0.0707202 0.30364
0 0.115278 0.972898 0.0137722 0.0542048 0.281607
0 0.924269 0.891821 0.0143383 0.0619649 0.274344
0 0.0592902 0.53131 0.0140416 0.0563799 0.273303
