2 0.196622 0.322376 0.0425925 0.0704629 0.832009
2 0.158809 0.125841 0.0383195 0.0583196 0.809708
7 0.190252 0.072907 0.0508296 0.094311 0.750142
0 0.0857947 0.519774 0.0136273 0.0560607 0.669988
0 0.364264 0.945921 0.0312629 0.0961456 0.549165
9 0.141889 0.25056 0.0117492 0.0533654 0.539635
9 0.117323 0.267965 0.013853 0.0331966 0.473613
2 0.22798 0.947313 0.0698478 0.103731 0.404156
9 0.734615 0.612937 0.0145497 0.0468934 0.376658
9 0.286745 0.797866 0.0338036 0.057752 0.357816
5 0.0648165 0.404787 0.129633 0.181064 0.352315
9 0.155202 0.912741 0.0089726 0.0403276 0.337914
2 0.862992 0.927111 0.0814369 0.126151 0.334889
9 0.993928 0.418861 0.0114609 0.0416753 0.321571
9 0.572373 0.227104 0.0175917 0.0474862 0.321403
9 0.583377 0.288333 0.0151692 0.0386462 0.309184
