2 0.443083 0.479035 0.0654774 0.105668 0.839388
2 0.3251 0.340372 0.0478618 0.0732804 0.740502
2 0.119842 0.0759365 0.0357985 0.0517674 0.716439
2 0.227498 0.618042 0.0369741 0.0842482 0.611379
2 0.26765 0.177436 0.0436281 0.0692272 0.564866
5 0.753611 0.268092 0.0936224 0.13663 0.481178
62 0.492327 0.13188 0.115964 0.136544 0.476493
2 0.217272 0.182649 0.0406941 0.0563987 0.457794
5 0.52506 0.293573 0.108788 0.0926891 0.44073
9 0.583536 0.286452 0.0120038 0.0347031 0.341439
7 0.6465 0.737654 0.0799784 0.0978427 0.329047
2 0.646542 0.737904 0.0798281 0.0963823 0.295579
9 0.287183 0.797946 0.0326623 0.0539683 0.290094
9 0.145301 0.268993 0.0159754 0.0203807 0.275734
