2 0.20974 0.272975 0.0432202 0.0573798 0.765729
2 0.22784 0.213504 0.0433743 0.0640667 0.712645
2 0.265614 0.270669 0.0518436 0.0618742 0.707583
2 0.74339 0.32324 0.0699782 0.0588615 0.704045
2 0.143519 0.178078 0.0389165 0.0498598 0.695509
5 0.022865 0.123015 0.0449797 0.242466 0.694153
62 0.491798 0.132246 0.118061 0.14608 0.667606
2 0.266042 0.374426 0.0382863 0.0723596 0.664512
2 0.188424 0.160579 0.0362274 0.0559692 0.66356
2 0.179872 0.331829 0.0413318 0.0555191 0.61264
2 0.200793 0.119753 0.0293662 0.0553314 0.294632
2 0.250125 0.150443 0.0283115 0.0518414 0.287893
2 0.109338 0.0603053 0.0385444 0.0582629 0.253268
