2 0.318194 0.640738 0.0883916 0.0989643 0.870799
2 0.790513 0.441847 0.0597699 0.0753199 0.844366
2 0.682878 0.351691 0.0697541 0.0564896 0.836691
2 0.237968 0.355927 0.03627 0.0650837 0.815668
5 0.237379 0.205737 0.0834561 0.13499 0.802868
2 0.295365 0.226925 0.0446359 0.0795815 0.578577
5 0.765863 0.260752 0.111742 0.134391 0.547989
0 0.805786 0.728635 0.0144974 0.0633752 0.523756
2 0.145701 0.234561 0.038161 0.0642776 0.515046
0 0.763241 0.539815 0.0106791 0.0508077 0.421913
0 0.616028 0.347525 0.00997925 0.0510983 0.407268
0 0.764605 0.734044 0.0111439 0.0568617 0.354243
5 0.0650963 0.403214 0.129958 0.180336 0.341935
0 0.418356 0.310839 0.0103756 0.0519346 0.33929
0 0.793054 0.60301 0.0120764 0.0553519 0.319507
0 0.364618 0.941933 0.0315302 0.0959893 0.31358
0 0.732013 0.537064 0.0115041 0.0546743 0.311901
7 0.882088 0.450588 0.0945616 0.109681 0.294044
0 0.941085 0.716487 0.0109154 0.0569283 0.285314
0 0.930685 0.717188 0.0116886 0.0512599 0.277236
0 0.965415 0.777911 0.0125593 0.0392639 0.270846
0 0.779185 0.597644 0.0123096 0.0463078 0.264261
