2 0.291057 0.243019 0.0424788 0.0636832 0.73514
2 0.20581 0.142566 0.0435479 0.0588611 0.662364
2 0.254679 0.185183 0.0403823 0.0684069 0.646799
2 0.104036 0.0369401 0.0338687 0.0501287 0.636393
2 0.184545 0.0885329 0.0351868 0.0539971 0.571718
5 0.768987 0.266422 0.108016 0.113679 0.54644
9 0.288336 0.801869 0.036018 0.0368086 0.535453
0 0.786347 0.731566 0.0141855 0.0579429 0.51514
62 0.491627 0.127363 0.117672 0.139784 0.468483
0 0.821726 0.728886 0.0124039 0.0528549 0.41902
9 0.993183 0.355794 0.0127251 0.0422919 0.412938
0 0.098633 0.56367 0.016848 0.0622821 0.383606
9 0.583174 0.287154 0.0141788 0.0371266 0.343908
0 0.376512 0.506081 0.0145357 0.0518437 0.315598
0 0.169429 0.508341 0.0145147 0.0534149 0.282658
0 0.314575 0.641944 0.0113405 0.0620015 0.273738
0 0.917467 0.539091 0.0126461 0.0614371 0.26821
9 0.735564 0.610682 0.0125 0.0406821 0.256724
2 0.291057 0.243019 0.0424788 0.0636832 0.73514
2 0.20581 0.142566 0.0435479 0.0588611 0.662364
2 0.254679 0.185183 0.0403823 0.0684069 0.646799
2 0.104036 0.0369401 0.0338687 0.0501287 0.636393
2 0.184545 0.0885329 0.0351868 0.0539971 0.571718
5 0.768987 0.266422 0.108016 0.113679 0.54644
9 0.288336 0.801869 0.036018 0.0368086 0.535453
0 0.786347 0.731566 0.0141855 0.0579429 0.51514
62 0.491627 0.127363 0.117672 0.139784 0.468483
0 0.821726 0.728886 0.0124039 0.0528549 0.41902
9 0.993183 0.355794 0.0127251 0.0422919 0.412938
0 0.098633 0.56367 0.016848 0.0622821 0.383606
9 0.583174 0.287154 0.0141788 0.0371266 0.343908
0 0.376512 0.506081 0.0145357 0.0518437 0.315598
0 0.169429 0.508341 0.0145147 0.0534149 0.282658
0 0.314575 0.641944 0.0113405 0.0620015 0.273738
0 0.917467 0.539091 0.0126461 0.0614371 0.26821
9 0.735564 0.610682 0.0125 0.0406821 0.256724
