5 0.730151 0.794212 0.170658 0.272262 0.855229
2 0.177741 0.710076 0.0943673 0.101601 0.837047
2 0.575736 0.442141 0.0710183 0.0690265 0.743151
62 0.49201 0.139013 0.11835 0.141887 0.66093
2 0.212216 0.270676 0.0427227 0.0620036 0.648625
9 0.736872 0.614543 0.0132279 0.0474074 0.548665
5 0.210707 0.486021 0.134345 0.182907 0.481586
2 0.176417 0.215777 0.0343633 0.0555098 0.441265
0 0.959979 0.923519 0.0233904 0.123127 0.374069
2 0.0791824 0.68813 0.0374971 0.0543354 0.359771
2 0.238131 0.241709 0.0413395 0.0596512 0.357295
9 0.288755 0.795614 0.036572 0.053146 0.316583
0 0.165443 0.969875 0.0133362 0.0576385 0.310452
5 0.766741 0.263425 0.108489 0.128024 0.290486
2 0.201322 0.191503 0.0358286 0.0535352 0.267871
2 0.167323 0.144868 0.0384239 0.0417454 0.255505
