2 0.571738 0.626937 0.0703436 0.10204 0.825492
2 0.325264 0.297407 0.0483729 0.071019 0.809135
2 0.464733 0.375474 0.0728642 0.0788903 0.807724
2 0.0906319 0.836395 0.0596901 0.0835541 0.80189
2 0.280629 0.766947 0.0448829 0.111613 0.773941
2 0.204665 0.296751 0.0421675 0.0648287 0.734337
2 0.257254 0.184943 0.0397334 0.0605477 0.732468
2 0.807784 0.841397 0.0849817 0.128943 0.461061
62 0.492086 0.132087 0.118526 0.149698 0.455873
5 0.767811 0.269962 0.112821 0.113964 0.453328
2 0.829266 0.95197 0.09081 0.0949671 0.438961
9 0.145639 0.259824 0.0220167 0.0661317 0.412778
2 0.583232 0.969233 0.103525 0.0601932 0.367779
5 0.0653688 0.40325 0.130738 0.183577 0.329122
9 0.156089 0.912157 0.00946345 0.0421268 0.314505
0 0.153576 0.414519 0.015825 0.0558178 0.300124
0 0.13697 0.422459 0.0121491 0.0494617 0.294046
9 0.736944 0.613192 0.0195676 0.0548598 0.252383
2 0.571738 0.626937 0.0703436 0.10204 0.825492
2 0.325264 0.297407 0.0483729 0.071019 0.809135
2 0.464733 0.375474 0.0728642 0.0788903 0.807724
2 0.0906319 0.836395 0.0596901 0.0835541 0.80189
2 0.280629 0.766947 0.0448829 0.111613 0.773941
2 0.204665 0.296751 0.0421675 0.0648287 0.734337
2 0.257254 0.184943 0.0397334 0.0605477 0.732468
2 0.807784 0.841397 0.0849817 0.128943 0.461061
62 0.492086 0.132087 0.118526 0.149698 0.455873
5 0.767811 0.269962 0.112821 0.113964 0.453328
2 0.829266 0.95197 0.09081 0.0949671 0.438961
9 0.145639 0.259824 0.0220167 0.0661317 0.412778
2 0.583232 0.969233 0.103525 0.0601932 0.367779
5 0.0653688 0.40325 0.130738 0.183577 0.329122
9 0.156089 0.912157 0.00946345 0.0421268 0.314505
0 0.153576 0.414519 0.015825 0.0558178 0.300124
0 0.13697 0.422459 0.0121491 0.0494617 0.294046
9 0.736944 0.613192 0.0195676 0.0548598 0.252383
