2 0.365421 0.532499 0.097615 0.0849902 0.825039
5 0.205565 0.499015 0.152515 0.188288 0.796366
2 0.357521 0.612224 0.0753168 0.09254 0.775389
2 0.275779 0.264907 0.0443275 0.0669028 0.745553
2 0.482399 0.479519 0.076907 0.0644972 0.741736
2 0.604684 0.434006 0.066486 0.0620716 0.712745
2 0.294059 0.240303 0.0420471 0.057078 0.70109
2 0.254969 0.191452 0.0402205 0.0628282 0.638906
2 0.218897 0.208257 0.0423483 0.0628751 0.629028
62 0.491728 0.13442 0.118668 0.149451 0.596464
9 0.287665 0.795812 0.0357925 0.0520565 0.527827
2 0.177391 0.150995 0.0401398 0.0648082 0.492525
9 0.155636 0.914884 0.00885828 0.038068 0.436695
5 0.535809 0.29029 0.123798 0.0934024 0.436229
2 0.0842249 0.032272 0.0333203 0.0513795 0.399636
0 0.714531 0.89574 0.0217966 0.0638787 0.381123
2 0.109775 0.0751356 0.0318064 0.0456757 0.375374
2 0.737069 0.358345 0.0651146 0.0700177 0.363944
2 0.145012 0.115408 0.0262068 0.0429736 0.341556
2 0.802007 0.309478 0.0587833 0.0462879 0.33653
9 0.121296 0.374285 0.0116215 0.0358024 0.258171
