2 0.279285 0.223157 0.0408715 0.0644295 0.83545
2 0.790904 0.383423 0.0635995 0.0666687 0.826356
0 0.433004 0.769562 0.0195395 0.0712675 0.65468
5 0.742013 0.281152 0.158032 0.176409 0.62476
0 0.248831 0.496033 0.0225534 0.0708615 0.546041
0 0.20907 0.303354 0.010224 0.0477455 0.544593
0 0.756202 0.682196 0.0179817 0.070421 0.529904
9 0.0346856 0.19949 0.0135844 0.0395576 0.47666
62 0.49176 0.12593 0.11762 0.137384 0.371589
0 0.682346 0.680234 0.0164549 0.0630582 0.371526
0 0.0589011 0.23868 0.0116553 0.0465146 0.352437
0 0.0926263 0.515893 0.0160089 0.0722844 0.336882
0 0.842357 0.661528 0.0130096 0.0687503 0.323356
0 0.111623 0.510342 0.0137684 0.0641037 0.314577
9 0.287641 0.793192 0.0328399 0.0505112 0.307412
0 0.702798 0.655195 0.0134533 0.0671822 0.306975
0 0.295842 0.422791 0.0117215 0.0473867 0.300425
9 0.189403 0.906087 0.0179743 0.0600798 0.299697
0 0.936554 0.644856 0.0159336 0.0592963 0.289129
0 0.501816 0.583558 0.02091 0.073317 0.283358
0 0.569757 0.800173 0.0150653 0.0478392 0.275965
9 0.121029 0.369462 0.00918508 0.0316491 0.275045
0 0.844853 0.54331 0.0103966 0.0602642 0.269507
0 0.989854 0.695401 0.0139704 0.0653287 0.267313
0 0.298122 0.422235 0.0165595 0.0488988 0.261531
0 0.982362 0.486378 0.0129429 0.0526928 0.257629
2 0.854634 0.409798 0.0229397 0.0361562 0.253809
