2 0.271494 0.266487 0.0430177 0.0661673 0.770752
2 0.312884 0.250933 0.0482449 0.0610032 0.746579
2 0.0202665 0.6081 0.0402786 0.0578646 0.634213
9 0.156386 0.91322 0.0101053 0.0414451 0.624493
0 0.581244 0.586596 0.0126299 0.051829 0.598408
2 0.117017 0.029021 0.0352161 0.0520058 0.594362
0 0.193865 0.368803 0.0103649 0.0466071 0.532585
0 0.758887 0.725646 0.0165661 0.0638818 0.507106
0 0.914527 0.677626 0.0192539 0.0611889 0.449539
9 0.290206 0.797692 0.0368695 0.0469072 0.43852
62 0.492446 0.126336 0.118035 0.138545 0.408376
0 0.835468 0.633562 0.0149342 0.0620331 0.406138
0 0.82261 0.728843 0.016238 0.0630169 0.382479
2 0.81553 0.419159 0.0357437 0.0402617 0.376543
0 0.555702 0.57796 0.0168161 0.041804 0.353573
0 0.106829 0.470995 0.0127445 0.0762072 0.32703
0 0.279792 0.551983 0.0179283 0.0547857 0.32529
0 0.297066 0.393272 0.0125388 0.0539591 0.32057
0 0.904912 0.900761 0.0153191 0.0616859 0.313089
0 0.992925 0.571436 0.0136204 0.0591893 0.282365
9 0.749895 0.483071 0.0558872 0.0826092 0.278368
2 0.815164 0.367843 0.0270039 0.0344221 0.261488
0 0.729359 0.626443 0.0129885 0.068002 0.260092
9 0.138646 0.308987 0.0117284 0.0422206 0.255947
0 0.383485 0.350822 0.0104919 0.0543301 0.251753
