0 0.755314 0.703996 0.0116909 0.0715611 0.767579
0 0.769938 0.51901 0.0139004 0.0598687 0.608739
9 0.155715 0.912564 0.00918803 0.0412109 0.587687
0 0.748541 0.519769 0.013533 0.0602387 0.530015
9 0.117459 0.267447 0.0141391 0.0346314 0.481712
9 0.14224 0.250586 0.0133159 0.0524823 0.459886
0 0.134951 0.456533 0.0177257 0.0630373 0.453948
9 0.287503 0.798374 0.0330065 0.0536943 0.422449
0 0.832793 0.524927 0.0141941 0.0751058 0.406754
9 0.583391 0.289486 0.0158008 0.0411066 0.39071
2 0.083657 0.845458 0.0549676 0.0727817 0.379183
9 0.112553 0.149617 0.0275084 0.0514077 0.376851
0 0.729844 0.519892 0.0115447 0.0594147 0.373305
0 0.783174 0.501248 0.0133541 0.0593562 0.369884
0 0.411982 0.2978 0.0136465 0.0687722 0.361635
0 0.862878 0.634385 0.0122673 0.0639692 0.326334
0 0.518021 0.358729 0.00993242 0.0469499 0.262565
9 0.73626 0.609362 0.010577 0.0383019 0.257972
