5 0.0944757 0.0414806 0.0642662 0.0829613 0.862159
2 0.256689 0.25569 0.0415822 0.0609222 0.832977
2 0.186624 0.172145 0.0366451 0.0519218 0.787991
2 0.648057 0.454557 0.06098 0.0634979 0.723572
2 0.76572 0.434532 0.0688906 0.0632679 0.690619
2 0.222688 0.151935 0.0395696 0.060836 0.676509
2 0.224468 0.21592 0.0358827 0.0504352 0.640361
2 0.146458 0.109348 0.0429462 0.0662742 0.631993
2 0.640362 0.51149 0.0812815 0.0840228 0.544261
0 0.206801 0.582932 0.0133674 0.0518692 0.420329
7 0.745831 0.393677 0.0589333 0.0739454 0.399354
62 0.493829 0.128528 0.115379 0.133822 0.356548
0 0.139836 0.882545 0.0164046 0.0556303 0.345839
5 0.0617937 0.385291 0.122929 0.126376 0.300767
5 0.765525 0.262766 0.113722 0.137181 0.276817
