2 0.222708 0.324955 0.0381804 0.0597429 0.772905
2 0.0157287 0.603124 0.0311567 0.0582595 0.671521
9 0.155634 0.912953 0.00977621 0.0424135 0.611878
0 0.121806 0.503836 0.0119213 0.0544356 0.600345
9 0.142495 0.250886 0.0128235 0.0526233 0.577542
9 0.107381 0.125197 0.0285104 0.0475161 0.547319
0 0.403649 0.308892 0.0105959 0.0536101 0.494336
9 0.117185 0.267949 0.0147127 0.0336418 0.486659
2 0.829796 0.433455 0.0666597 0.0788588 0.48462
9 0.583262 0.286174 0.0156744 0.0400281 0.432735
9 0.735084 0.613001 0.0142447 0.0428658 0.414152
0 0.180024 0.432139 0.0131465 0.0667106 0.392449
2 0.274629 0.829149 0.0551339 0.109287 0.335952
9 0.582876 0.282743 0.018656 0.0501131 0.33455
0 0.0954637 0.501121 0.0144263 0.0637964 0.333906
0 0.442852 0.304095 0.00847836 0.0421901 0.333355
0 0.729671 0.525255 0.0118375 0.0550508 0.324215
0 0.419221 0.323845 0.0127987 0.0426569 0.303415
