2 0.0660242 0.617112 0.0840247 0.0769301 0.859481
2 0.344358 0.518005 0.0690402 0.0755519 0.84294
2 0.580396 0.460887 0.0725687 0.0626339 0.811474
2 0.239405 0.453247 0.0388501 0.0574175 0.795589
2 0.217137 0.202685 0.0389884 0.0578346 0.777958
5 0.147967 0.235373 0.0629795 0.108898 0.753566
2 0.300476 0.238208 0.0490006 0.078943 0.725322
2 0.23025 0.356516 0.0396464 0.0669712 0.723932
5 0.53717 0.291004 0.129629 0.0843841 0.389649
0 0.364818 0.944526 0.0321283 0.0953915 0.36879
62 0.492115 0.130789 0.118421 0.136364 0.358703
0 0.10869 0.522145 0.0154561 0.0630669 0.274144
0 0.115808 0.952883 0.0141899 0.0453088 0.264691
0 0.143272 0.971779 0.0181206 0.0564429 0.264353
