2 0.206316 0.190601 0.0407271 0.0564969 0.787859
2 0.283413 0.196748 0.0398958 0.0514197 0.691996
62 0.492063 0.134517 0.117952 0.146983 0.672842
5 0.0216913 0.121264 0.0428735 0.235471 0.652412
2 0.813641 0.295782 0.0499241 0.052869 0.641321
5 0.121536 0.0607183 0.0740538 0.11854 0.585118
2 0.165514 0.126231 0.0400621 0.0602219 0.516234
9 0.289515 0.796246 0.0375492 0.0507167 0.498062
2 0.117042 0.236603 0.0397267 0.0616059 0.342272
9 0.155947 0.916169 0.00914729 0.0398037 0.330075
0 0.689719 0.869893 0.0170776 0.0584089 0.315656
0 0.182136 0.418485 0.0121672 0.0552121 0.26486
2 0.232755 0.138484 0.0359423 0.061062 0.261089
9 0.584512 0.286366 0.0100955 0.0294725 0.255889
0 0.692276 0.870551 0.0123274 0.0580522 0.255025
