5 0.188167 0.149763 0.076019 0.123277 0.872782
7 0.249798 0.22555 0.0495991 0.100647 0.807893
62 0.492079 0.131907 0.116607 0.136959 0.636695
5 0.251245 0.669219 0.242747 0.233784 0.506997
5 0.527526 0.295969 0.115194 0.0986511 0.43532
2 0.0942569 0.0881285 0.0288271 0.0460463 0.425481
0 0.828988 0.544049 0.0165087 0.0738637 0.412168
9 0.155371 0.915605 0.00927601 0.0381941 0.390223
5 0.0198819 0.12207 0.039523 0.2362 0.382683
2 0.804476 0.337186 0.0483376 0.056509 0.381894
5 0.73151 0.32247 0.0655122 0.0701584 0.303059
0 0.804001 0.543979 0.0154678 0.0629883 0.271493
