2 0.767647 0.849233 0.090682 0.126432 0.863542
2 0.23291 0.362618 0.0376548 0.0563116 0.80027
2 0.628873 0.710582 0.0778711 0.0944814 0.796577
5 0.867402 0.934356 0.125409 0.128576 0.790745
0 0.365444 0.943643 0.0339838 0.0972944 0.523753
0 0.035064 0.553666 0.0198204 0.0805545 0.496448
0 0.987692 0.591215 0.0142525 0.0555793 0.370909
0 0.0899543 0.529867 0.0105858 0.0560454 0.345941
0 0.14635 0.974853 0.0217857 0.050294 0.329303
0 0.12817 0.97567 0.0167172 0.0486604 0.305908
0 0.932321 0.67275 0.0192398 0.0527713 0.301429
62 0.491423 0.128205 0.11869 0.1379 0.294105
0 0.971554 0.564888 0.0133179 0.0461113 0.264062
0 0.903213 0.625792 0.0106106 0.0552721 0.252148
0 0.109793 0.971619 0.0140751 0.0559323 0.251866
