2 0.274513 0.631502 0.0375425 0.0843792 0.758147
0 0.909971 0.561379 0.0150429 0.057444 0.692843
2 0.21651 0.334155 0.0385799 0.0648382 0.6809
0 0.862455 0.542325 0.0139053 0.0507445 0.533768
0 0.671674 0.858634 0.0166443 0.0697371 0.515538
0 0.89139 0.807412 0.0207285 0.0637051 0.433382
9 0.035112 0.200573 0.014108 0.0355843 0.385408
7 0.886134 0.449995 0.101105 0.121656 0.384637
0 0.751278 0.723672 0.0119459 0.0624346 0.309111
62 0.491901 0.126112 0.117293 0.137492 0.29586
0 0.796173 0.523686 0.0148783 0.0526157 0.293009
0 0.78168 0.547581 0.0139269 0.0538122 0.29173
9 0.1556 0.911452 0.0088954 0.0410573 0.27438
9 0.572207 0.227757 0.0139839 0.0422824 0.257356
0 0.0740948 0.482373 0.0167423 0.0586205 0.255846
