2 0.796792 0.84005 0.093251 0.120332 0.822209
2 0.804988 0.382219 0.0507069 0.0648939 0.542534
9 0.155497 0.913364 0.00968065 0.0419083 0.492823
9 0.345485 0.947188 0.011852 0.048084 0.417961
9 0.28824 0.794223 0.0354754 0.0499954 0.399727
2 0.834909 0.40564 0.0340611 0.0432078 0.372387
0 0.718685 0.752495 0.0118397 0.0528756 0.368617
0 0.1136 0.495313 0.0145585 0.0533396 0.363014
62 0.491915 0.128152 0.117283 0.141076 0.355816
0 0.843621 0.662863 0.0137932 0.0657512 0.320243
0 0.520961 0.67055 0.0199399 0.0530126 0.296569
0 0.946748 0.667386 0.0200666 0.0626855 0.271099
