2 0.191313 0.630353 0.0965216 0.0789307 0.892456
2 0.376503 0.592023 0.0822847 0.0920849 0.872419
2 0.677782 0.441197 0.0719684 0.0743251 0.813619
2 0.587377 0.441628 0.075411 0.062571 0.806041
2 0.644192 0.533388 0.0656914 0.0870032 0.790627
2 0.263751 0.257923 0.0444634 0.071887 0.787569
2 0.598782 0.619613 0.0372845 0.092443 0.768914
2 0.0435396 0.631679 0.0863886 0.0625047 0.694028
5 0.535388 0.290453 0.132395 0.0814169 0.683503
2 0.125049 0.0875738 0.0354666 0.0478004 0.647597
2 0.221034 0.202638 0.0426168 0.0667766 0.615106
2 0.185745 0.160947 0.0311326 0.0540007 0.568727
0 0.372894 0.818718 0.0148285 0.0629608 0.555398
2 0.15725 0.12695 0.0398603 0.0490274 0.552527
2 0.102583 0.726481 0.0668948 0.0804403 0.545012
62 0.491208 0.129734 0.119016 0.136372 0.531902
0 0.20996 0.471359 0.0125888 0.055416 0.438299
0 0.702413 0.879107 0.0150837 0.0622104 0.433939
2 0.752009 0.44926 0.0554636 0.0888841 0.287892
0 0.448227 0.492134 0.024107 0.046779 0.255393
