5 0.750676 0.832008 0.184239 0.296812 0.939595
2 0.499259 0.544077 0.0599365 0.082086 0.840703
2 0.390745 0.406714 0.0521684 0.0801529 0.825822
2 0.11246 0.872155 0.0813805 0.1007 0.777591
2 0.764828 0.397072 0.0648558 0.0701672 0.775168
2 0.112488 0.230126 0.0437516 0.0626657 0.714518
2 0.205717 0.261616 0.0395769 0.0588893 0.687046
2 0.245645 0.970045 0.0668135 0.0596371 0.581489
2 0.24013 0.230832 0.0325794 0.0489596 0.52334
0 0.105777 0.504754 0.013347 0.0497101 0.386396
0 0.364679 0.942687 0.0330497 0.094813 0.37702
0 0.93015 0.646325 0.0114925 0.0554634 0.260902
0 0.0766013 0.533139 0.0145604 0.0606984 0.25787
62 0.490798 0.126747 0.120034 0.139578 0.253427
