5 0.492219 0.553232 0.167977 0.149814 0.917807
5 0.158058 0.11296 0.0741529 0.115668 0.866154
2 0.725835 0.84061 0.0853937 0.127675 0.840246
5 0.291835 0.211923 0.0889925 0.135956 0.83208
2 0.261061 0.256954 0.0430615 0.0636408 0.812499
5 0.0557408 0.408427 0.111189 0.168175 0.624813
2 0.155777 0.250696 0.0441307 0.0579964 0.523886
2 0.206622 0.185577 0.0365794 0.0695353 0.426184
0 0.140414 0.491586 0.0132338 0.0499302 0.42387
5 0.909578 0.961013 0.110777 0.0739248 0.407767
2 0.10687 0.0594043 0.0332756 0.05799 0.376569
0 0.105973 0.502056 0.0132648 0.0558011 0.372457
0 0.0294718 0.528269 0.0169763 0.0598619 0.330014
0 0.542119 0.361151 0.0102509 0.0437844 0.320445
7 0.909043 0.960746 0.109374 0.0731201 0.317983
9 0.0341929 0.206291 0.0138317 0.0366675 0.295421
0 0.157723 0.469514 0.0132533 0.0534339 0.283278
0 0.956319 0.946398 0.0159821 0.0800564 0.258085
0 0.05903 0.528631 0.0160206 0.0634901 0.251857
