2 0.190753 0.634629 0.0878273 0.081007 0.821688
2 0.708242 0.419612 0.0662187 0.0741877 0.765068
0 0.75921 0.652579 0.0144124 0.0618089 0.685744
0 0.0178097 0.57774 0.0151133 0.0573849 0.548563
0 0.682889 0.866838 0.016394 0.0691372 0.506268
0 0.561128 0.826303 0.0260214 0.0705424 0.490306
0 0.801529 0.664655 0.0112912 0.0664369 0.360661
0 0.711983 0.639121 0.0111164 0.0551973 0.334275
0 0.342603 0.490662 0.0161332 0.0502391 0.293961
9 0.035095 0.201862 0.013913 0.0324522 0.285757
9 0.155382 0.912996 0.00916572 0.0401096 0.282203
0 0.922322 0.610376 0.012883 0.0603982 0.270567
2 0.818033 0.281628 0.0417686 0.0579308 0.264347
0 0.795251 0.764907 0.0115631 0.059816 0.253935
