2 0.224991 0.161611 0.0422411 0.0596959 0.824255
2 0.188772 0.0888853 0.0378808 0.0458373 0.754664
2 0.790913 0.826479 0.0888914 0.125485 0.723233
2 0.305903 0.25192 0.045673 0.0703369 0.703449
0 0.622246 0.605636 0.019051 0.0689233 0.548631
9 0.73537 0.610561 0.01302 0.0427592 0.511572
0 0.285146 0.455584 0.0170882 0.053255 0.457837
62 0.49183 0.123586 0.117966 0.140889 0.449297
0 0.140357 0.442077 0.0130594 0.0609281 0.415188
9 0.156053 0.911649 0.00857663 0.0408617 0.392845
0 0.919587 0.880606 0.0171135 0.0667736 0.377592
9 0.289384 0.800707 0.0350404 0.039258 0.367926
0 0.65789 0.595987 0.011982 0.0552909 0.367454
0 0.153629 0.439746 0.013594 0.0654871 0.362658
9 0.624185 0.248464 0.0201876 0.0792459 0.293263
0 0.715048 0.622882 0.0149748 0.0562115 0.289944
2 0.123485 0.236502 0.0355331 0.0479012 0.284593
5 0.0645623 0.404812 0.129125 0.180538 0.263165
0 0.00585719 0.603982 0.0114203 0.0514544 0.259876
