2 0.540328 0.398007 0.0724339 0.0653722 0.860411
2 0.367247 0.324569 0.0484602 0.0766655 0.77825
0 0.756331 0.709868 0.0178917 0.0676593 0.708953
0 0.808784 0.728398 0.0172611 0.0634979 0.708005
2 0.254648 0.367461 0.0354496 0.0656524 0.679917
0 0.807639 0.636027 0.0160892 0.0674077 0.636309
0 0.870239 0.6161 0.0152782 0.0627986 0.599277
2 0.800632 0.332539 0.0634754 0.075612 0.590995
2 0.281112 0.944927 0.0496755 0.108725 0.569567
2 0.280685 0.579579 0.0394523 0.0940701 0.563943
0 0.195633 0.371368 0.0130486 0.0542689 0.514136
0 0.155976 0.45235 0.0108555 0.0505074 0.495915
0 0.171864 0.426418 0.0142021 0.0554902 0.411692
0 0.985461 0.63408 0.0171253 0.0626156 0.376788
0 0.968861 0.482922 0.0116873 0.0562922 0.360392
0 0.115366 0.964319 0.0163901 0.067492 0.334306
0 0.121379 0.47926 0.0130303 0.0674167 0.317657
0 0.893705 0.609929 0.0136726 0.056726 0.290656
0 0.140913 0.968568 0.0169591 0.0619883 0.266441
