2 0.28551 0.235824 0.042544 0.0642764 0.778451
2 0.220138 0.25101 0.0461326 0.058174 0.705548
62 0.491505 0.132678 0.11795 0.13282 0.667483
2 0.177724 0.228844 0.0388081 0.0575807 0.572726
2 0.524507 0.550869 0.0758375 0.092276 0.557594
2 0.252609 0.181327 0.0384299 0.0615209 0.466986
9 0.155713 0.914276 0.00912838 0.0407728 0.448147
9 0.288928 0.794859 0.0355372 0.0526925 0.341211
0 0.859352 0.664488 0.0192207 0.0533398 0.257905
0 0.0294667 0.52973 0.0156405 0.0630268 0.255348
0 0.531996 0.359464 0.012373 0.0519845 0.252615
