2 0.154987 0.882221 0.108645 0.117916 0.851647
2 0.409266 0.438839 0.0579706 0.0869529 0.79886
2 0.577463 0.627444 0.0860334 0.147458 0.79638
2 0.254973 0.250025 0.0422168 0.0676573 0.790126
2 0.0201935 0.606155 0.0403746 0.0510466 0.571411
2 0.742554 0.340485 0.0633062 0.0521123 0.562297
0 0.530555 0.362846 0.0106783 0.0488188 0.531129
0 0.0705875 0.517516 0.0143538 0.0587738 0.530108
9 0.287399 0.798312 0.0327051 0.0530838 0.437413
0 0.362955 0.945752 0.0370893 0.10077 0.410985
9 0.141666 0.251962 0.0114472 0.0531568 0.409672
0 0.971972 0.619628 0.0182083 0.0560733 0.337258
0 0.903732 0.902143 0.0150312 0.0656437 0.322698
0 0.0967665 0.492233 0.0141707 0.0633336 0.303734
0 0.872034 0.605674 0.0165817 0.061517 0.301958
62 0.491823 0.124924 0.117702 0.138675 0.296715
0 0.542321 0.362453 0.00981293 0.0443361 0.264223
0 0.790754 0.76993 0.0154969 0.0578722 0.260759
