2 0.255586 0.256358 0.043384 0.0607977 0.84131
2 0.192489 0.603665 0.0852427 0.082737 0.835429
5 0.200152 0.162696 0.0815557 0.128811 0.823952
2 0.160257 0.723611 0.0960003 0.108121 0.803061
2 0.388367 0.529905 0.0759421 0.0657243 0.787543
2 0.144685 0.116154 0.0345386 0.0514114 0.640831
2 0.574014 0.446151 0.0724792 0.0775672 0.613833
2 0.286683 0.234126 0.0417932 0.0664874 0.532503
5 0.762763 0.264192 0.109157 0.134937 0.51483
2 0.759983 0.357415 0.0672482 0.0505129 0.480159
2 0.250597 0.186533 0.0329527 0.0599091 0.471501
9 0.155391 0.914372 0.00938203 0.0442885 0.457879
0 0.776965 0.520054 0.0107054 0.0603333 0.419012
62 0.491874 0.136369 0.116194 0.120408 0.418376
2 0.805961 0.374474 0.0577391 0.0592656 0.412539
9 0.735171 0.614009 0.0108652 0.0415975 0.388265
9 0.288347 0.795827 0.0365205 0.0514096 0.341753
0 0.766062 0.683831 0.0133184 0.0594079 0.291515
3 0.0673313 0.627441 0.0351985 0.0515752 0.290873
9 0.121849 0.378116 0.0113777 0.0378695 0.288816
2 0.560083 0.497803 0.0785168 0.0718931 0.28851
0 0.805441 0.713319 0.0153156 0.0672414 0.278558
1 0.0673359 0.627369 0.0357081 0.0512344 0.278528
0 0.707452 0.890998 0.0158817 0.0590953 0.27693
