5 0.574556 0.630651 0.157319 0.226388 0.883495
2 0.119398 0.131566 0.0393801 0.0574504 0.81177
2 0.353743 0.352661 0.057762 0.0908688 0.806708
2 0.205592 0.11085 0.0382175 0.0557285 0.728301
5 0.577521 0.912566 0.222297 0.170341 0.649577
2 0.166425 0.203952 0.0308392 0.0511978 0.553927
2 0.821318 0.278225 0.0307177 0.061144 0.4895
62 0.491768 0.136293 0.119244 0.147742 0.474549
2 0.121044 0.0226843 0.0302177 0.0405187 0.462329
2 0.116105 0.229631 0.038092 0.0512671 0.423826
5 0.753893 0.266906 0.096938 0.13111 0.398398
0 0.362344 0.947012 0.0320605 0.0971668 0.25731
9 0.12095 0.377591 0.0114979 0.038006 0.252402
