2 0.261421 0.172713 0.0397517 0.0628887 0.810241
2 0.647913 0.381763 0.0691425 0.0668091 0.732375
2 0.422699 0.359526 0.0627481 0.0728517 0.707627
2 0.16199 0.930288 0.0954217 0.122241 0.707096
0 0.0912148 0.526254 0.01207 0.0532694 0.687718
2 0.189188 0.0885787 0.0379878 0.0458517 0.667143
2 0.886789 0.942802 0.0942116 0.112466 0.653462
0 0.159365 0.454638 0.0153388 0.051603 0.610903
2 0.2174 0.331857 0.0385841 0.06824 0.545721
9 0.734754 0.605626 0.014517 0.0397202 0.533329
0 0.365033 0.9454 0.0315094 0.0953261 0.504943
9 0.142242 0.250179 0.0122217 0.0515557 0.461543
9 0.287075 0.797385 0.0335707 0.0573271 0.42513
2 0.267099 0.496526 0.0375058 0.0732732 0.371118
62 0.491991 0.12517 0.118294 0.139878 0.317196
9 0.117188 0.266606 0.0145376 0.0352651 0.3088
