2 0.272313 0.205034 0.0401779 0.0594493 0.824492
2 0.2146 0.147394 0.0360371 0.047108 0.789812
2 0.321054 0.262252 0.0455463 0.0766929 0.688266
2 0.286798 0.290196 0.0471815 0.0682813 0.686461
2 0.0879598 0.0378081 0.0296249 0.0490923 0.597069
62 0.491271 0.129145 0.119535 0.13909 0.576137
7 0.164605 0.113376 0.0695545 0.136576 0.544769
0 0.215455 0.922589 0.0208788 0.065832 0.533049
2 0.124501 0.0829733 0.0261971 0.0559762 0.456007
0 0.714273 0.88475 0.0204714 0.0707967 0.449315
5 0.164184 0.11308 0.0696818 0.136879 0.418289
0 0.530133 0.363338 0.0120075 0.0491536 0.378531
0 0.127948 0.972647 0.0138212 0.0547063 0.336135
5 0.0220555 0.129278 0.0432322 0.256824 0.303451
0 0.0349772 0.55683 0.01582 0.0728593 0.279651
9 0.155703 0.915459 0.00816247 0.0402015 0.261265
