2 0.723654 0.333578 0.0594677 0.0547412 0.683313
0 0.958322 0.610896 0.0174881 0.063377 0.663935
2 0.089682 0.832102 0.0544371 0.0706102 0.645553
0 0.980087 0.54315 0.0186852 0.0597839 0.531717
0 0.91172 0.534873 0.0124405 0.0456871 0.485329
9 0.0349281 0.200615 0.0145879 0.0385175 0.390204
0 0.771576 0.537501 0.011481 0.0460264 0.390126
0 0.780227 0.730825 0.010856 0.061539 0.334291
0 0.81306 0.568346 0.0150547 0.0528564 0.307596
0 0.780253 0.723907 0.00994453 0.0467819 0.300841
0 0.711068 0.664473 0.0146952 0.05404 0.293414
0 0.782786 0.534208 0.00958424 0.0520859 0.281694
9 0.571477 0.227751 0.0125693 0.0437875 0.269845
0 0.79168 0.759601 0.0122029 0.0636108 0.259019
0 0.889312 0.831925 0.011129 0.0611701 0.250369
