2 0.103426 0.720474 0.0890436 0.106139 0.836944
2 0.306704 0.565796 0.0806637 0.070027 0.825036
2 0.532137 0.528031 0.0735239 0.0852688 0.790906
2 0.714829 0.412476 0.0666833 0.0745755 0.754559
5 0.772229 0.26011 0.106972 0.128127 0.74106
5 0.183426 0.0756826 0.0678751 0.11278 0.723189
2 0.205877 0.26366 0.0400464 0.0600943 0.719562
2 0.306425 0.251262 0.041684 0.0614672 0.708058
2 0.160543 0.199766 0.0442446 0.0574582 0.695364
2 0.263161 0.257902 0.0429999 0.0586842 0.638772
62 0.492994 0.134027 0.117472 0.140624 0.577979
2 0.228638 0.219937 0.0363798 0.0559241 0.510558
9 0.155527 0.91495 0.00956213 0.0430871 0.502411
2 0.194676 0.164294 0.0442425 0.0721999 0.489821
9 0.28761 0.796614 0.0354162 0.0488793 0.413901
2 0.107996 0.113499 0.0283785 0.045893 0.365086
0 0.0151254 0.566624 0.0145064 0.0557429 0.330089
5 0.0226681 0.159532 0.0451925 0.169867 0.323857
2 0.263714 0.202359 0.0408472 0.0583044 0.306262
