2 0.196118 0.260646 0.041525 0.0594729 0.858068
2 0.235528 0.334768 0.0458716 0.0611457 0.847141
5 0.156932 0.102191 0.0726232 0.13629 0.841468
5 0.294702 0.210883 0.0810702 0.149525 0.828345
2 0.667972 0.750279 0.075959 0.108685 0.818621
2 0.834306 0.955181 0.093732 0.0857084 0.817877
2 0.224414 0.214532 0.0437345 0.0594596 0.794085
2 0.163255 0.200403 0.0386565 0.0484459 0.744344
2 0.233276 0.160169 0.042592 0.0618817 0.704766
2 0.265411 0.260644 0.0376335 0.0664598 0.669101
2 0.124467 0.152787 0.0359819 0.0468296 0.638799
2 0.764789 0.319972 0.0603591 0.0561052 0.54624
0 0.920258 0.912116 0.0148777 0.0657274 0.522026
62 0.492287 0.129943 0.117819 0.139158 0.464684
5 0.0224713 0.12129 0.0440227 0.239284 0.410416
2 0.813486 0.292281 0.0468634 0.0547618 0.388546
7 0.0987635 0.0901809 0.0343283 0.0810471 0.367531
2 0.198151 0.118313 0.024067 0.0419907 0.357525
0 0.723287 0.913604 0.0162386 0.0610762 0.345837
9 0.155441 0.915975 0.00838761 0.039564 0.337431
2 0.0960507 0.198035 0.0236775 0.0476987 0.293889
0 0.214069 0.986645 0.0185666 0.0258362 0.270638
