2 0.519678 0.560264 0.0644957 0.094355 0.845302
2 0.44775 0.368225 0.064278 0.0719133 0.839916
2 0.332673 0.304912 0.0410021 0.0717257 0.810568
2 0.113129 0.890308 0.0790552 0.102183 0.712029
2 0.113429 0.228571 0.0430017 0.0584902 0.630207
7 0.276956 0.912683 0.0551344 0.121071 0.48999
0 0.102575 0.504655 0.0173607 0.0629069 0.315816
0 0.157195 0.463765 0.0112004 0.0448008 0.297122
0 0.956348 0.711482 0.0157757 0.0581004 0.295217
0 0.684187 0.866069 0.0142561 0.0673313 0.294988
0 0.156799 0.389344 0.0123664 0.0585188 0.266398
