2 0.303551 0.241065 0.0439907 0.0646645 0.791158
2 0.817524 0.409037 0.0593098 0.0597256 0.592954
0 0.381147 0.797898 0.021073 0.0603344 0.588353
0 0.501931 0.77648 0.0125824 0.0643497 0.56359
2 0.848917 0.433545 0.0558784 0.0684421 0.546445
0 0.568178 0.749654 0.017312 0.0689684 0.514217
2 0.206381 0.184216 0.0381153 0.0617207 0.488176
9 0.155708 0.912335 0.00890784 0.0409305 0.382303
9 0.0349421 0.200513 0.0138245 0.0382933 0.365257
0 0.0699968 0.556626 0.0129248 0.0534212 0.359603
0 0.34411 0.960211 0.016433 0.0713208 0.327435
0 0.929797 0.611237 0.0145641 0.0597363 0.316863
0 0.580317 0.675625 0.0242842 0.0671883 0.276575
0 0.80486 0.71786 0.0185555 0.0723555 0.275737
0 0.216769 0.391174 0.0110128 0.0493535 0.268643
0 0.0225219 0.547608 0.0146499 0.0586061 0.254628
9 0.288015 0.792523 0.0321878 0.0503898 0.250063
