2 0.259162 0.256376 0.0462401 0.066108 0.823705
2 0.771151 0.390261 0.0608425 0.0607587 0.729299
2 0.156766 0.105607 0.0390061 0.0620958 0.702414
2 0.809449 0.404633 0.0619675 0.0687427 0.691077
0 0.577879 0.494882 0.0169633 0.0524652 0.636739
0 0.763798 0.675289 0.0129826 0.0652572 0.631137
0 0.0354333 0.554821 0.0118251 0.0582603 0.596052
0 0.737835 0.755741 0.0174353 0.0704451 0.574098
2 0.802862 0.289805 0.0647629 0.069225 0.567142
2 0.860064 0.418237 0.033429 0.0555852 0.543973
0 0.777273 0.690156 0.0175895 0.0538935 0.539075
0 0.734732 0.673169 0.0114779 0.063346 0.515889
5 0.0224518 0.119982 0.0441897 0.234314 0.487032
2 0.688853 0.345117 0.0606154 0.0617331 0.463876
0 0.952901 0.633674 0.0119404 0.0563962 0.415912
9 0.288944 0.794866 0.0339836 0.0466904 0.393652
0 0.836334 0.663819 0.015163 0.0633024 0.364919
5 0.802533 0.289766 0.0647656 0.0696988 0.342554
0 0.556512 0.776193 0.0177402 0.0684587 0.326167
0 0.83849 0.727014 0.0148518 0.0617913 0.321835
0 0.873096 0.683453 0.0160824 0.0653279 0.315532
0 0.119353 0.502275 0.00948381 0.034514 0.307613
9 0.142274 0.249464 0.0116479 0.0480702 0.298919
0 0.433693 0.295502 0.0142552 0.0423632 0.289549
0 0.0159563 0.57823 0.015187 0.0558155 0.2868
0 0.00606302 0.571851 0.0113227 0.0508035 0.250979
