5 0.462672 0.480656 0.127944 0.19652 0.94221
5 0.847494 0.89334 0.191861 0.206646 0.903418
2 0.229756 0.349641 0.0396249 0.0655825 0.784579
2 0.261789 0.712136 0.0413138 0.0802741 0.78347
5 0.520882 0.915895 0.166349 0.165664 0.749574
2 0.112205 0.127474 0.0314884 0.0504472 0.735691
0 0.129508 0.494665 0.0130688 0.0511172 0.596046
0 0.784044 0.759177 0.0164638 0.0666965 0.529851
2 0.366709 0.314785 0.0706343 0.0974679 0.485859
0 0.806942 0.723651 0.013973 0.0622111 0.461217
7 0.255258 0.502577 0.0341228 0.0929701 0.424126
0 0.145107 0.447395 0.0120303 0.0497369 0.417185
0 0.880906 0.745392 0.0179687 0.0688765 0.400372
0 0.868628 0.672339 0.0124268 0.05638 0.389009
5 0.533641 0.303735 0.128843 0.112913 0.364852
5 0.445347 0.944179 0.126424 0.110742 0.364325
9 0.154793 0.913235 0.0086597 0.0400691 0.341928
0 0.774404 0.586405 0.0168249 0.0597338 0.337997
0 0.839135 0.728571 0.0145489 0.0683143 0.329747
0 0.121238 0.985043 0.0178689 0.0291999 0.313032
0 0.831648 0.682583 0.0118019 0.0413215 0.308315
0 0.828316 0.729699 0.0141035 0.068827 0.280265
9 0.0351221 0.201307 0.0140243 0.0364428 0.272199
0 0.743011 0.567829 0.0121083 0.0570231 0.263234
0 0.904326 0.666263 0.0100872 0.0546197 0.259172
0 0.87673 0.591097 0.0128399 0.0535001 0.251043
9 0.571227 0.226444 0.0125425 0.043803 0.251027
