2 0.377737 0.520499 0.0719924 0.064575 0.855563
5 0.0718308 0.65209 0.141971 0.139732 0.853222
2 0.605649 0.483328 0.0714041 0.0766784 0.850993
2 0.618954 0.691226 0.0608961 0.110093 0.837522
2 0.266074 0.643038 0.0874102 0.0916618 0.822055
2 0.255408 0.260262 0.0451158 0.0595461 0.800197
5 0.122169 0.0676659 0.0708497 0.108472 0.798866
2 0.321006 0.251225 0.0427404 0.0628056 0.791747
2 0.255653 0.187977 0.0415474 0.0650825 0.760302
2 0.642405 0.411817 0.0726498 0.0726529 0.740807
2 0.248334 0.360972 0.0314684 0.065542 0.737699
2 0.108814 0.22069 0.039846 0.0544754 0.674599
5 0.536336 0.294467 0.131682 0.0916931 0.662682
2 0.215047 0.19086 0.040116 0.063081 0.658843
2 0.172031 0.218751 0.041077 0.0839283 0.580053
62 0.49217 0.134475 0.117978 0.141487 0.565739
2 0.812945 0.293488 0.0474018 0.0556342 0.425432
2 0.173192 0.14381 0.0369485 0.0547609 0.409848
0 0.667995 0.604641 0.0111637 0.0596182 0.314646
2 0.144242 0.243273 0.0251905 0.0573341 0.303002
