2 0.765694 0.435943 0.0678028 0.0704207 0.745258
2 0.268115 0.265337 0.0428886 0.0600183 0.730906
0 0.815153 0.731459 0.0165737 0.0610335 0.655231
0 0.769018 0.737037 0.0128931 0.0588064 0.648518
0 0.803903 0.592894 0.0150309 0.0584567 0.591877
9 0.0351002 0.200579 0.0152466 0.0368924 0.480221
0 0.844022 0.630313 0.0129768 0.0510981 0.467081
0 0.365011 0.943436 0.0323775 0.0959612 0.443718
0 0.0204739 0.518195 0.0156729 0.075088 0.43033
0 0.103856 0.571491 0.0130898 0.0522122 0.418991
0 0.431168 0.313869 0.0100692 0.0496037 0.401195
0 0.964926 0.770335 0.0149773 0.0491686 0.366507
0 0.147816 0.973705 0.0183519 0.0525908 0.359821
0 0.96745 0.499278 0.0126945 0.0577128 0.344522
0 0.932423 0.496716 0.0122143 0.0548438 0.33852
0 0.529148 0.356067 0.00971222 0.0464333 0.311343
0 0.795672 0.50859 0.0186509 0.0567396 0.308362
0 0.838753 0.619074 0.0135529 0.0497662 0.281959
9 0.571765 0.22747 0.0129722 0.0425267 0.275363
0 0.186982 0.410221 0.0165486 0.0559091 0.265549
62 0.491908 0.126616 0.117669 0.13914 0.262941
0 0.123891 0.980659 0.015747 0.0380202 0.259755
