2 0.613092 0.69767 0.0754049 0.107077 0.86947
2 0.428222 0.4829 0.0556222 0.0684835 0.840214
2 0.231156 0.223423 0.0436625 0.0608132 0.835077
2 0.280278 0.654075 0.0374772 0.0906297 0.810977
2 0.735581 0.41738 0.0675894 0.0621095 0.780464
2 0.311678 0.318465 0.0490666 0.0630067 0.778716
2 0.23515 0.317325 0.0402168 0.0624543 0.770634
5 0.101769 0.046388 0.0707711 0.0925579 0.764697
2 0.177612 0.223398 0.0368614 0.0479975 0.757453
2 0.614457 0.386727 0.0700285 0.0562762 0.729792
2 0.156726 0.129502 0.0362292 0.0503354 0.703176
5 0.525328 0.291098 0.114695 0.0839132 0.639653
2 0.733594 0.341197 0.0613619 0.0502669 0.579302
5 0.0235322 0.118969 0.0464833 0.234435 0.407848
2 0.179758 0.332462 0.0426745 0.0565475 0.358935
0 0.948348 0.687092 0.0124517 0.0588706 0.254468
