2 0.241778 0.570333 0.0823528 0.0793023 0.841119
2 0.506471 0.527887 0.0771442 0.0831936 0.829258
2 0.180602 0.528125 0.0632454 0.0650489 0.7853
2 0.251578 0.251111 0.0407853 0.0637865 0.771022
2 0.289803 0.23096 0.0428054 0.0658488 0.67733
2 0.212615 0.20259 0.0380489 0.061326 0.571996
62 0.492131 0.135797 0.117864 0.130866 0.512875
9 0.288254 0.798784 0.0379384 0.0505093 0.506862
5 0.522615 0.299649 0.116913 0.106632 0.486816
5 0.766639 0.261489 0.111593 0.127827 0.467166
0 0.146957 0.463619 0.0160512 0.0765689 0.413897
9 0.737296 0.610705 0.0134983 0.0453496 0.342066
5 0.0655876 0.405825 0.130271 0.181438 0.323363
9 0.155603 0.915059 0.00889978 0.0420464 0.255757
