5 0.273464 0.564462 0.202031 0.177546 0.942935
5 0.256456 0.157778 0.0899811 0.131889 0.875006
5 0.250645 0.219901 0.0884274 0.157777 0.854075
2 0.24405 0.454185 0.0576962 0.0819533 0.849159
2 0.484513 0.548754 0.0775862 0.0779409 0.841978
2 0.62854 0.69824 0.0569005 0.0973348 0.841439
2 0.64916 0.496327 0.072611 0.0711739 0.840719
5 0.135729 0.139643 0.0694689 0.125155 0.838871
2 0.220156 0.292663 0.0461123 0.0581476 0.820258
2 0.808428 0.366087 0.0518211 0.0772495 0.667902
5 0.0234392 0.125217 0.0463311 0.245184 0.643193
2 0.304315 0.247387 0.0375518 0.0556593 0.631321
2 0.197287 0.524486 0.0808183 0.101905 0.62595
5 0.52642 0.295911 0.102883 0.090396 0.612045
2 0.189737 0.168483 0.0361013 0.0611082 0.602365
2 0.270324 0.385268 0.0312613 0.0580631 0.50509
1 0.546552 0.681317 0.0268548 0.0536933 0.480991
2 0.774839 0.851275 0.0903616 0.140439 0.462498
2 0.101193 0.0584545 0.0359662 0.0455096 0.46105
2 0.812881 0.292687 0.0459633 0.0546869 0.424538
7 0.774828 0.851029 0.0902151 0.140218 0.417119
2 0.0948557 0.190141 0.0246125 0.0570697 0.359016
2 0.850427 0.405825 0.0237183 0.0369285 0.346957
2 0.174586 0.0889256 0.0344181 0.0515824 0.330568
2 0.058163 0.133251 0.0362129 0.0597099 0.289838
2 0.763562 0.319755 0.0620458 0.0592662 0.279857
