2 0.141445 0.562794 0.087019 0.0805929 0.811422
2 0.274816 0.270313 0.0460131 0.0714042 0.766947
2 0.310819 0.253351 0.0414843 0.0654238 0.698496
0 0.217982 0.868673 0.0133228 0.0652335 0.629716
0 0.229467 0.873348 0.0122361 0.0622966 0.607602
62 0.491977 0.127334 0.117551 0.137329 0.576507
9 0.339263 0.505111 0.0125919 0.0456128 0.545955
9 0.290842 0.794165 0.0435912 0.0537075 0.525127
9 0.735713 0.609609 0.0126272 0.0345545 0.518967
2 0.810161 0.380843 0.0519344 0.0631622 0.493527
0 0.903017 0.577805 0.0106066 0.0493822 0.424402
0 0.00682081 0.486422 0.0136416 0.089773 0.393255
0 0.251844 0.862711 0.0113613 0.0455185 0.351209
9 0.142744 0.250693 0.0145692 0.051948 0.348145
9 0.117562 0.268053 0.0141564 0.0335104 0.318409
9 0.570997 0.227734 0.0131299 0.0438972 0.278752
2 0.891178 0.462393 0.0755489 0.0679927 0.275874
