2 0.308388 0.244539 0.0438126 0.0651087 0.762501
2 0.819223 0.395346 0.0420134 0.0608621 0.645667
9 0.289321 0.79312 0.0375886 0.0533693 0.571984
9 0.155164 0.912077 0.00919204 0.0410478 0.519668
62 0.492 0.126237 0.117342 0.136874 0.394841
0 0.0181095 0.497565 0.0124605 0.0511758 0.37137
0 0.563875 0.684196 0.0189367 0.0544772 0.36515
0 0.117039 0.977946 0.0196082 0.0439573 0.316468
2 0.862796 0.414445 0.0262962 0.0377331 0.312851
0 0.414741 0.592391 0.0180019 0.0849391 0.293509
0 0.0624799 0.316491 0.0099793 0.0426743 0.277761
0 0.553019 0.570143 0.0124077 0.0482793 0.273091
9 0.141063 0.249677 0.0101305 0.0503893 0.261677
