5 0.250465 0.575047 0.201368 0.186834 0.930764
2 0.246797 0.706443 0.0927558 0.103283 0.880611
2 0.398038 0.581686 0.096572 0.104872 0.854229
2 0.524794 0.454337 0.0730499 0.0692656 0.831257
2 0.573188 0.495744 0.0725842 0.0847712 0.828827
2 0.781055 0.394378 0.0656629 0.0711955 0.809823
2 0.183208 0.248076 0.0407993 0.0542092 0.728452
2 0.256332 0.261796 0.0401758 0.051357 0.727917
2 0.0692887 0.654366 0.0732787 0.063965 0.717762
2 0.233878 0.318039 0.0405729 0.0630444 0.714891
2 0.684331 0.481507 0.0694405 0.0819416 0.700078
2 0.189024 0.514611 0.0668857 0.0790763 0.693815
2 0.323811 0.248249 0.0345181 0.065616 0.621679
2 0.177989 0.331935 0.0463514 0.05403 0.547444
2 0.218767 0.208494 0.0360653 0.0526033 0.535809
2 0.124477 0.149101 0.0368172 0.0465002 0.525918
2 0.182639 0.162467 0.0383074 0.0505411 0.506997
2 0.244912 0.143245 0.0396733 0.0649139 0.415105
5 0.136747 0.0791709 0.0739751 0.137327 0.411053
2 0.827058 0.94655 0.0922178 0.104807 0.401392
7 0.827138 0.946695 0.0924582 0.103606 0.383778
62 0.48888 0.129178 0.124967 0.141337 0.336202
0 0.132383 0.492363 0.0131028 0.0624257 0.258273
