2 0.676372 0.778552 0.0760403 0.107189 0.773296
2 0.787849 0.830301 0.0850985 0.122785 0.754468
2 0.327906 0.266222 0.0470367 0.0682448 0.710385
2 0.528771 0.383902 0.0537722 0.0639349 0.533362
62 0.492418 0.12481 0.118861 0.139098 0.495873
9 0.156106 0.911449 0.00910749 0.0407094 0.489734
9 0.13819 0.169239 0.0359289 0.0506507 0.437135
9 0.142325 0.249376 0.0121736 0.0506855 0.431384
2 0.870418 0.4309 0.0288593 0.0395048 0.40031
2 0.538816 0.382389 0.0732758 0.0678511 0.373902
9 0.584137 0.287267 0.0140286 0.0386508 0.324139
9 0.287519 0.797407 0.0323158 0.0529855 0.307825
2 0.275876 0.877255 0.0443328 0.104378 0.291215
0 0.787068 0.730822 0.0145429 0.063109 0.261531
0 0.158849 0.450142 0.0114114 0.0581372 0.259069
2 0.29818 0.290182 0.0439275 0.0672185 0.254364
