2 0.506559 0.396843 0.0711915 0.0656476 0.837344
2 0.507822 0.547775 0.0688299 0.107123 0.830318
2 0.309674 0.482367 0.0357164 0.0615047 0.80256
2 0.804043 0.379483 0.0570671 0.0604174 0.793287
2 0.300429 0.649109 0.0391234 0.0863688 0.778376
2 0.288045 0.399695 0.0408447 0.0598 0.774089
2 0.700556 0.342768 0.0604814 0.0596414 0.750307
2 0.128051 0.148531 0.0346436 0.0412123 0.736105
2 0.203169 0.250354 0.0405989 0.0574242 0.73006
2 0.241201 0.307618 0.034816 0.0620124 0.662205
2 0.197197 0.116554 0.0380899 0.0548113 0.653571
2 0.195618 0.164928 0.0383702 0.0662215 0.577632
2 0.843972 0.405052 0.0384031 0.0436285 0.546865
5 0.53552 0.287892 0.12848 0.0784407 0.530313
0 0.118979 0.920158 0.0124985 0.0579981 0.42414
0 0.656332 0.610556 0.0131415 0.0571294 0.326428
2 0.181794 0.33163 0.0389122 0.0526516 0.28651
5 0.0224728 0.121947 0.0445246 0.239634 0.281005
