5 0.298611 0.206616 0.0920186 0.136702 0.889809
2 0.253961 0.250913 0.042073 0.0617056 0.838837
5 0.0632879 0.406917 0.126576 0.175783 0.783191
2 0.787496 0.423604 0.066373 0.0720541 0.75433
2 0.0694795 0.0184819 0.0353393 0.0367609 0.747675
0 0.95848 0.697179 0.0151848 0.0617945 0.642673
0 0.937804 0.692615 0.0172153 0.0660573 0.521478
0 0.922032 0.569171 0.0191517 0.0583182 0.501986
0 0.747556 0.630016 0.0140964 0.0519136 0.430699
0 0.0588427 0.538997 0.0141922 0.0616991 0.416353
0 0.783219 0.378677 0.0206614 0.0427155 0.390964
9 0.155323 0.913791 0.007865 0.0404188 0.341063
2 0.948129 0.86621 0.102949 0.17646 0.328989
0 0.757223 0.606623 0.0150562 0.0529055 0.299406
0 0.073653 0.536624 0.0129472 0.0516605 0.294082
7 0.8891 0.472878 0.107106 0.0831095 0.279416
0 0.689709 0.861516 0.0130886 0.0608868 0.252989
