5 0.196925 0.883981 0.173954 0.224986 0.863655
2 0.195368 0.243835 0.0408791 0.0503105 0.817633
2 0.258713 0.358601 0.0397598 0.0554106 0.814809
5 0.177011 0.11966 0.0755823 0.141981 0.765477
2 0.810378 0.367119 0.0461794 0.0653017 0.756898
2 0.100292 0.214308 0.040191 0.0494778 0.708835
2 0.750391 0.364576 0.0720953 0.056213 0.698727
2 0.277601 0.503771 0.0312604 0.0726086 0.683754
2 0.141028 0.162062 0.037846 0.05672 0.625895
62 0.492206 0.131855 0.118093 0.140413 0.52755
6 0.904765 0.0460766 0.189615 0.0898311 0.489726
2 0.090345 0.0271677 0.0400631 0.0536348 0.462613
5 0.533434 0.295999 0.126715 0.0935779 0.451222
5 0.534127 0.914112 0.158478 0.169719 0.337298
0 0.206711 0.442853 0.0105963 0.0452732 0.317741
5 0.0563503 0.0368356 0.0540501 0.0728938 0.309357
5 0.813281 0.280642 0.0476973 0.0742312 0.292742
7 0.813318 0.281014 0.0474981 0.0742122 0.253207
