5 0.159491 0.112641 0.0742405 0.117812 0.898563
5 0.237278 0.206013 0.0942668 0.157043 0.848465
2 0.187173 0.241799 0.0316545 0.0579455 0.76728
2 0.114052 0.228947 0.0430491 0.0599431 0.699128
0 0.0973681 0.514338 0.0132948 0.0559324 0.597833
0 0.0723372 0.536731 0.0131267 0.0526819 0.546686
2 0.291314 0.221681 0.0326427 0.0590463 0.524482
0 0.133165 0.489244 0.0107171 0.0482525 0.516886
0 0.116744 0.494627 0.00911634 0.0434326 0.491281
0 0.364705 0.9454 0.0340546 0.0995965 0.449433
0 0.116839 0.969535 0.0127578 0.0607398 0.44854
62 0.491321 0.128028 0.117924 0.13986 0.409611
0 0.0557839 0.320799 0.0111103 0.0360095 0.300119
