2 0.227401 0.210881 0.0412674 0.0621235 0.696092
62 0.492069 0.138409 0.118659 0.15023 0.694762
9 0.14259 0.25104 0.0114691 0.0516948 0.508367
9 0.736565 0.613378 0.0114388 0.0382935 0.493106
2 0.811966 0.842604 0.0778952 0.121509 0.439325
9 0.117377 0.267703 0.0152857 0.0363983 0.417467
2 0.0312861 0.594152 0.0625722 0.0739412 0.394769
9 0.671704 0.32569 0.0112609 0.0233116 0.368489
9 0.141137 0.364909 0.0122624 0.0530498 0.301186
0 0.170645 0.43677 0.0132992 0.0518679 0.27949
9 0.121768 0.375317 0.00906839 0.0343035 0.276216
9 0.623289 0.239893 0.0197264 0.0612992 0.273733
9 0.860042 0.424314 0.0138874 0.0423872 0.26606
