2 0.302285 0.240757 0.0451243 0.0665698 0.76608
9 0.289751 0.796423 0.0382035 0.049666 0.564813
0 0.169582 0.388026 0.0135571 0.0587326 0.545558
0 0.365197 0.943663 0.0332243 0.09391 0.50471
0 0.768224 0.589291 0.0126737 0.0654726 0.487523
5 0.0657675 0.404175 0.131377 0.179547 0.475186
9 0.155876 0.913011 0.00881929 0.0408424 0.474201
9 0.117221 0.267097 0.0145228 0.0340631 0.458506
2 0.25092 0.187667 0.0430475 0.0503732 0.45492
62 0.492292 0.127063 0.118129 0.137268 0.423973
0 0.154394 0.366774 0.0147734 0.0559609 0.411717
9 0.105719 0.330962 0.0127314 0.0413855 0.388967
0 0.194386 0.374183 0.0167507 0.0514398 0.382734
9 0.572042 0.227303 0.0152821 0.0458304 0.329363
9 0.144097 0.249932 0.01778 0.0526599 0.30752
9 0.583632 0.287842 0.0142956 0.036392 0.282609
9 0.624307 0.251826 0.0228548 0.0772332 0.282405
0 0.125787 0.400306 0.0135124 0.0711751 0.255252
