2 0.258159 0.677221 0.0999899 0.0895646 0.796535
2 0.0652574 0.628733 0.109777 0.0860021 0.764598
62 0.491998 0.135002 0.117208 0.136919 0.685465
5 0.760404 0.263435 0.0956726 0.126346 0.685088
2 0.199574 0.358552 0.0453772 0.0661338 0.672234
2 0.256165 0.399136 0.0348468 0.0700178 0.671243
2 0.262819 0.261972 0.0451906 0.062637 0.664513
2 0.69236 0.425488 0.0715998 0.0756488 0.642307
2 0.157874 0.245897 0.0433894 0.0605084 0.628086
0 0.132932 0.482677 0.0110604 0.0497425 0.47394
2 0.253133 0.19228 0.038346 0.064911 0.470929
5 0.539993 0.323608 0.105605 0.0704981 0.421405
9 0.155796 0.914066 0.00985613 0.041891 0.414978
0 0.158392 0.451382 0.0134372 0.0533435 0.358173
9 0.583806 0.28558 0.0107595 0.0283278 0.315769
2 0.121676 0.144102 0.0232246 0.0503504 0.314714
0 0.774531 0.687916 0.0167465 0.0670383 0.3024
0 0.761045 0.720656 0.0147018 0.0613605 0.300966
0 0.0901621 0.516652 0.0152094 0.0636795 0.297888
9 0.289858 0.794853 0.0375459 0.0526459 0.296758
2 0.0148299 0.596165 0.0292895 0.0618123 0.266845
5 0.064931 0.404051 0.129566 0.181272 0.255934
0 0.796159 0.674663 0.0140745 0.0586489 0.253751
9 0.735249 0.611362 0.0122433 0.0403683 0.250477
