2 0.302666 0.245844 0.0453882 0.0685593 0.790864
2 0.790921 0.830689 0.0869551 0.133097 0.735811
5 0.0660493 0.40282 0.132099 0.181392 0.609957
9 0.147806 0.257272 0.0306444 0.0619543 0.561823
9 0.288107 0.79526 0.0365492 0.0520326 0.463671
9 0.625391 0.250031 0.023127 0.0809032 0.444307
0 0.13812 0.930909 0.0168519 0.0779256 0.40619
0 0.140427 0.417922 0.0113518 0.0563819 0.345731
0 0.767368 0.641275 0.0121989 0.058898 0.327702
62 0.491838 0.125248 0.118281 0.14234 0.29719
9 0.735041 0.609772 0.0150877 0.0432557 0.283885
