5 0.235775 0.406052 0.0577728 0.135532 0.874252
2 0.266368 0.632719 0.0999708 0.115395 0.870336
2 0.105162 0.621753 0.0974121 0.0933144 0.860001
5 0.228098 0.197877 0.0828758 0.130235 0.848909
2 0.641852 0.545059 0.0618083 0.0924984 0.847515
2 0.510167 0.535701 0.0760212 0.0867271 0.839284
2 0.29139 0.240518 0.0467181 0.0563591 0.773681
2 0.686845 0.391522 0.06578 0.0643517 0.742016
5 0.675447 0.700181 0.0921242 0.184629 0.699672
0 0.809219 0.732143 0.0145531 0.0604628 0.521509
0 0.114037 0.972726 0.0141275 0.0545471 0.478876
0 0.0995838 0.565298 0.01651 0.0361332 0.414619
0 0.880883 0.715998 0.0134701 0.0595179 0.384888
0 0.365324 0.942452 0.0329399 0.0958944 0.377026
0 0.745927 0.698059 0.0151821 0.0567156 0.361626
0 0.822505 0.740827 0.0116148 0.062106 0.348185
0 0.807309 0.650615 0.0114754 0.0582097 0.327999
0 0.76306 0.707681 0.01816 0.074796 0.325533
62 0.491265 0.12969 0.119321 0.143106 0.284832
9 0.155853 0.912262 0.00929742 0.0438795 0.256661
0 0.141999 0.333978 0.0126242 0.0565742 0.25371
