2 0.188897 0.227741 0.0379468 0.0470936 0.839499
2 0.552098 0.617071 0.0702934 0.0909075 0.823149
2 0.281407 0.473711 0.03983 0.0672623 0.807529
2 0.789757 0.928304 0.0905685 0.137954 0.701381
2 0.25816 0.86042 0.0440793 0.0894121 0.663477
5 0.54942 0.914881 0.202214 0.166218 0.581285
5 0.117796 0.175755 0.0523451 0.0990834 0.466909
0 0.703932 0.879979 0.0198112 0.0652529 0.424047
62 0.491954 0.129998 0.117904 0.139409 0.386565
0 0.121114 0.973015 0.0149547 0.0519007 0.349159
9 0.155323 0.915049 0.00794649 0.0393843 0.314435
0 0.917195 0.917751 0.0151138 0.0633287 0.281479
5 0.0218586 0.121377 0.0431703 0.239715 0.272676
5 0.536003 0.287754 0.129984 0.0783377 0.266047
0 0.561822 0.358371 0.01019 0.0433633 0.261352
