2 0.254262 0.25106 0.0428635 0.0575179 0.746943
2 0.295226 0.243597 0.044514 0.0596046 0.645975
62 0.492442 0.141619 0.118843 0.134826 0.546238
5 0.768668 0.254585 0.113132 0.120069 0.538009
2 0.760482 0.395875 0.059987 0.0665768 0.517726
2 0.214987 0.189937 0.0380989 0.0647378 0.461219
5 0.811187 0.381563 0.0551838 0.131889 0.428152
2 0.128876 0.0870391 0.0345249 0.0505952 0.400575
0 0.706439 0.832625 0.019219 0.0637878 0.294665
2 0.164332 0.13397 0.0378422 0.0529735 0.28886
0 0.186712 0.618448 0.0171673 0.0824095 0.265105
2 0.0921153 0.0432145 0.0382152 0.0538328 0.258737
