5 0.549399 0.914599 0.204577 0.165843 0.846585
2 0.261953 0.485046 0.0367194 0.0683363 0.832506
2 0.332252 0.259508 0.0430795 0.0644249 0.749175
2 0.247023 0.206684 0.0427426 0.050242 0.733115
2 0.284274 0.241434 0.0413889 0.063686 0.715503
2 0.810764 0.378535 0.05089 0.0587154 0.684519
5 0.468859 0.936912 0.16745 0.123868 0.663408
5 0.0797368 0.030623 0.0664581 0.061246 0.615982
2 0.768419 0.902507 0.0906108 0.133 0.600483
2 0.0968156 0.13471 0.0378256 0.0489271 0.448427
2 0.26811 0.186866 0.0393061 0.0495557 0.383568
62 0.493075 0.131952 0.11561 0.132779 0.382894
7 0.15611 0.110656 0.0767863 0.12961 0.378001
5 0.15574 0.11039 0.0774417 0.129933 0.367253
0 0.692864 0.853917 0.0121507 0.0568668 0.364663
5 0.536327 0.292127 0.127778 0.0890572 0.335338
2 0.113757 0.229965 0.0361356 0.0445491 0.28527
