5 0.739454 0.921902 0.268992 0.153494 0.905992
5 0.260977 0.23956 0.0894804 0.14034 0.848122
2 0.229304 0.7028 0.0896195 0.108524 0.843579
2 0.190958 0.296246 0.0424357 0.0660697 0.811124
2 0.715713 0.798528 0.0832561 0.118274 0.794179
2 0.396808 0.472825 0.0646108 0.0675323 0.764196
2 0.326875 0.562471 0.0764496 0.0675746 0.760531
2 0.180157 0.68267 0.0865124 0.102911 0.728693
2 0.0801969 0.791644 0.0563822 0.0800049 0.727129
2 0.42654 0.558986 0.0811788 0.0948051 0.718545
2 0.671973 0.400799 0.0748213 0.0540254 0.696271
2 0.794565 0.383795 0.0650227 0.069249 0.687379
2 0.202548 0.193321 0.0341182 0.0572817 0.683547
62 0.492193 0.137878 0.117674 0.133543 0.533445
2 0.906649 0.971979 0.099963 0.0532444 0.507517
5 0.0236477 0.12214 0.0467256 0.235966 0.476317
5 0.770428 0.255676 0.109087 0.115288 0.460498
2 0.823952 0.285634 0.0288811 0.0493781 0.455477
7 0.489203 0.926478 0.102202 0.145284 0.448072
5 0.164338 0.120714 0.0563333 0.102302 0.417003
2 0.58199 0.399592 0.0689566 0.0539583 0.406437
9 0.737626 0.616978 0.0127342 0.0505863 0.31647
9 0.121227 0.377367 0.0146747 0.0383399 0.315323
