2 0.257491 0.258668 0.0435457 0.0579752 0.782576
0 0.229578 0.547402 0.0134868 0.0583077 0.666185
2 0.320431 0.263189 0.052962 0.060646 0.637462
2 0.792949 0.376081 0.0601538 0.0738325 0.608301
0 0.144191 0.419026 0.0124034 0.0557077 0.52758
9 0.156117 0.912286 0.00989537 0.0411982 0.520852
0 0.15638 0.414979 0.0119 0.0545732 0.514393
62 0.492442 0.126963 0.118086 0.139799 0.4788
9 0.289303 0.793292 0.0360262 0.0546421 0.463358
0 0.340948 0.677069 0.0159994 0.0531402 0.415409
0 0.409908 0.873975 0.0127077 0.0654117 0.350967
0 0.366197 0.945234 0.0347419 0.102523 0.347937
9 0.735717 0.608473 0.0160797 0.0469187 0.346279
0 0.10908 0.551928 0.0140656 0.0507248 0.338926
0 0.671304 0.581464 0.0153189 0.0662599 0.307297
9 0.142107 0.250004 0.0129109 0.0495118 0.289632
0 0.181641 0.501416 0.0134869 0.0609124 0.269996
2 0.863836 0.43654 0.0272221 0.0324988 0.266409
