2 0.619916 0.46573 0.0703846 0.0754525 0.828522
2 0.0906899 0.732803 0.068504 0.096365 0.817789
2 0.29206 0.233584 0.0420119 0.0652475 0.794283
2 0.0951685 0.617695 0.0901728 0.0854183 0.786249
2 0.422433 0.513239 0.0755656 0.0651626 0.764302
2 0.811843 0.398114 0.0536007 0.0653309 0.705242
2 0.550607 0.538673 0.0784777 0.0832849 0.693392
2 0.188011 0.239027 0.0393822 0.0591486 0.686727
2 0.242136 0.175177 0.0469669 0.074022 0.620429
62 0.492204 0.130829 0.117224 0.138723 0.579055
9 0.28787 0.795545 0.0358085 0.0511522 0.546677
9 0.155401 0.914937 0.00935323 0.0422952 0.446109
0 0.817206 0.781739 0.0200378 0.10493 0.420332
3 0.253199 0.726933 0.0387659 0.0524867 0.411466
5 0.768098 0.263636 0.108693 0.125862 0.409557
9 0.73459 0.6189 0.0132452 0.0589556 0.393199
3 0.258531 0.577668 0.0300653 0.0536789 0.35351
5 0.0224005 0.158578 0.0446352 0.167333 0.322787
0 0.777574 0.658912 0.0127972 0.0539959 0.291871
0 0.74241 0.718598 0.0114966 0.0610426 0.287141
0 0.681899 0.63672 0.0119437 0.0596546 0.27527
0 0.00446862 0.562035 0.00893724 0.0791064 0.256231
