2 0.251361 0.671537 0.0891223 0.0964906 0.87267
2 0.205211 0.485876 0.0606937 0.072914 0.834012
2 0.21996 0.596197 0.0949 0.085005 0.828272
2 0.292273 0.235905 0.0360413 0.0640489 0.770825
2 0.128212 0.09349 0.0225591 0.0517349 0.480925
2 0.108176 0.0539003 0.0357384 0.0544931 0.480702
2 0.608563 0.416601 0.0726988 0.0727197 0.464872
2 0.794542 0.342806 0.0667503 0.0689022 0.433866
5 0.172231 0.121621 0.0721307 0.138511 0.432994
5 0.608319 0.416388 0.0725807 0.0734587 0.372705
7 0.17227 0.121218 0.0724674 0.137657 0.371047
0 0.365226 0.946163 0.0329691 0.0968892 0.340449
2 0.23722 0.224862 0.0469928 0.0792365 0.339334
2 0.727821 0.468101 0.0710497 0.0847346 0.329743
5 0.237342 0.224557 0.0473087 0.0786805 0.315944
0 0.68881 0.861131 0.014739 0.0632877 0.270279
0 0.108062 0.506512 0.0115451 0.0473999 0.263978
