5 0.551952 0.588131 0.142789 0.215476 0.949422
5 0.307279 0.639046 0.0644378 0.231234 0.908094
2 0.48472 0.390534 0.0695802 0.0663645 0.843927
2 0.415235 0.451628 0.0556785 0.0860065 0.840901
2 0.225615 0.211846 0.0454875 0.0704522 0.821904
2 0.788841 0.391911 0.0692184 0.0635086 0.807465
2 0.221296 0.307331 0.0404922 0.0543558 0.793604
2 0.275866 0.435203 0.0359424 0.0621743 0.786502
2 0.340833 0.362428 0.0495896 0.0774484 0.758976
2 0.844119 0.956088 0.0846924 0.0850491 0.745824
2 0.615228 0.397678 0.0714266 0.0557766 0.743047
2 0.108714 0.219645 0.0402745 0.053085 0.691768
2 0.258025 0.193884 0.0406544 0.0614446 0.688511
2 0.158499 0.128926 0.0376243 0.0502963 0.606776
2 0.110967 0.153945 0.0321622 0.0464952 0.606504
2 0.813731 0.292856 0.0475681 0.0563896 0.434205
5 0.0209181 0.118152 0.041375 0.231812 0.345403
9 0.12981 0.945535 0.0114782 0.0571815 0.32968
5 0.336988 0.276558 0.0541965 0.0906181 0.31831
2 0.270688 0.942983 0.0777884 0.112015 0.29592
5 0.539711 0.917149 0.172902 0.161818 0.281878
2 0.539825 0.917117 0.172759 0.160083 0.275511
