5 0.718375 0.346725 0.158747 0.129741 0.934531
2 0.479386 0.51411 0.063059 0.0904766 0.808845
0 0.788969 0.699618 0.0131961 0.0601196 0.601762
0 0.794719 0.500495 0.0135588 0.0631871 0.575993
2 0.260527 0.586833 0.0368002 0.0837572 0.567252
2 0.681239 0.756184 0.0957167 0.154986 0.526935
0 0.163587 0.450522 0.0109001 0.0564763 0.509627
5 0.0640964 0.405427 0.127571 0.177103 0.505711
0 0.105151 0.510092 0.0122368 0.055855 0.497709
0 0.757956 0.6984 0.0159239 0.0655599 0.483772
2 0.893903 0.468741 0.0907856 0.0650791 0.43834
0 0.756242 0.692906 0.0165611 0.0720854 0.422825
0 0.364984 0.94429 0.0325903 0.0976871 0.374958
0 0.829716 0.728318 0.0164867 0.0810481 0.37079
9 0.0346527 0.201013 0.0137426 0.0371452 0.323355
9 0.571761 0.22729 0.0135972 0.0437269 0.286802
0 0.0591249 0.536548 0.0119894 0.0519901 0.283623
0 0.881131 0.550126 0.0109055 0.0527135 0.260894
