5 0.627608 0.567975 0.0798061 0.164971 0.913844
5 0.616349 0.917981 0.253728 0.157729 0.880091
5 0.186947 0.149644 0.0771721 0.119837 0.87407
2 0.148751 0.686878 0.100102 0.111992 0.871302
2 0.244781 0.590715 0.0914088 0.0871446 0.845082
2 0.601804 0.436726 0.0712328 0.0575502 0.844049
2 0.51204 0.476412 0.0779202 0.0601608 0.835263
2 0.552573 0.506107 0.0732959 0.0741252 0.798705
2 0.231058 0.225294 0.0413054 0.0649527 0.773714
2 0.266254 0.262178 0.0382433 0.0604529 0.769926
2 0.841099 0.958604 0.08783 0.0803948 0.753007
2 0.704598 0.805559 0.074497 0.108648 0.717927
2 0.301109 0.24791 0.0484249 0.0697549 0.712077
2 0.821769 0.373221 0.0262857 0.0440205 0.641183
2 0.702571 0.385363 0.0621147 0.0568353 0.607544
2 0.267655 0.203393 0.038165 0.0587055 0.588452
62 0.485368 0.140221 0.131024 0.164447 0.421254
5 0.5337 0.291624 0.127989 0.086675 0.420319
2 0.107788 0.067747 0.0329213 0.0436291 0.348971
2 0.142964 0.096349 0.0440137 0.0586432 0.296623
5 0.126917 0.183978 0.0529647 0.0865114 0.256878
