2 0.246176 0.359037 0.040364 0.0596649 0.833216
5 0.160517 0.17564 0.0779884 0.126907 0.817584
2 0.225787 0.205928 0.0368146 0.0585673 0.78484
7 0.27727 0.546691 0.0383603 0.117501 0.753054
2 0.108372 0.221767 0.0344814 0.0570182 0.733055
2 0.272673 0.784504 0.0619634 0.10551 0.638337
0 0.701973 0.881048 0.0163321 0.0633762 0.581096
5 0.536547 0.291487 0.126101 0.0859344 0.51212
62 0.491556 0.129137 0.118593 0.137153 0.447392
5 0.0229671 0.12414 0.0451884 0.243741 0.413971
9 0.15537 0.915835 0.00815597 0.0409385 0.251541
