2 0.325219 0.565977 0.0770903 0.0717951 0.855636
2 0.564243 0.604799 0.0559494 0.102448 0.846096
2 0.500974 0.560564 0.0846216 0.0803173 0.835282
2 0.404562 0.566956 0.0795878 0.0812711 0.818954
5 0.754529 0.310701 0.0865053 0.0775507 0.792493
2 0.6482 0.47296 0.0707421 0.105177 0.727617
2 0.225434 0.209223 0.0435695 0.0635803 0.727133
2 0.18698 0.156336 0.0429792 0.0738506 0.717407
2 0.270508 0.276645 0.0439595 0.0517001 0.698346
2 0.812126 0.293532 0.0458287 0.054036 0.661234
2 0.23815 0.165679 0.0415022 0.0593955 0.650536
2 0.147393 0.114276 0.0366285 0.0489354 0.620875
62 0.494204 0.126785 0.113418 0.135737 0.600913
5 0.537462 0.28978 0.138699 0.0821822 0.515486
2 0.120975 0.0741797 0.0344395 0.0501258 0.489668
3 0.256736 0.761066 0.0372909 0.0386797 0.474508
7 0.15856 0.05752 0.0434845 0.0796147 0.422007
0 0.245757 0.473869 0.0138434 0.0483827 0.411095
3 0.0809633 0.738991 0.0416378 0.0706207 0.379532
0 0.256644 0.745829 0.0171968 0.0511386 0.376147
0 0.618189 0.66519 0.0163483 0.0637923 0.369662
0 0.132029 0.863947 0.0148479 0.0592166 0.320914
2 0.276836 0.207646 0.0453838 0.0796511 0.320788
9 0.575531 0.2286 0.0189344 0.0441791 0.255004
2 0.284617 0.223867 0.0296283 0.0493162 0.254753
