5 0.718898 0.902152 0.2554 0.167973 0.9186
2 0.0362703 0.632318 0.0722568 0.0692156 0.835149
5 0.159823 0.0485701 0.0705373 0.0971401 0.823703
2 0.258798 0.254255 0.0452876 0.0636504 0.816042
2 0.330158 0.607438 0.0836348 0.0905746 0.811087
5 0.839038 0.943578 0.221559 0.109507 0.776103
2 0.135364 0.0936769 0.0407236 0.0598468 0.718946
2 0.721757 0.41223 0.0611321 0.0671878 0.699495
5 0.487107 0.930016 0.125983 0.13728 0.67966
2 0.29546 0.221447 0.0413895 0.0509544 0.656141
2 0.206865 0.18858 0.0426574 0.0631153 0.622584
2 0.176111 0.14919 0.037789 0.0533254 0.545206
0 0.39422 0.900435 0.0161933 0.0675868 0.445762
5 0.0222339 0.121208 0.0439278 0.239716 0.377832
2 0.812665 0.29386 0.0457994 0.0535011 0.375392
0 0.53211 0.657755 0.0120811 0.0501444 0.357056
2 0.487672 0.929522 0.124985 0.137695 0.317041
3 0.203442 0.59488 0.0354146 0.0499212 0.270773
62 0.490561 0.131052 0.121568 0.141218 0.265015
