2 0.141903 0.70463 0.105336 0.0960201 0.89505
7 0.208373 0.142505 0.0640489 0.110546 0.875179
2 0.316757 0.621112 0.0943152 0.0891703 0.852923
2 0.41926 0.367914 0.0640814 0.0738831 0.822537
2 0.703353 0.789904 0.0799032 0.117886 0.821356
2 0.496951 0.523522 0.0634207 0.0931428 0.8101
2 0.281548 0.773551 0.0492944 0.0998125 0.80507
2 0.2527 0.665919 0.0440301 0.0918617 0.754745
2 0.279256 0.941441 0.0510538 0.111708 0.709707
2 0.580951 0.394733 0.0751157 0.0628913 0.689848
2 0.419988 0.570974 0.0791477 0.0919591 0.641057
5 0.0648994 0.40416 0.129799 0.181929 0.592586
0 0.795421 0.714761 0.0164286 0.0719432 0.575017
0 0.74377 0.696447 0.0139444 0.0621862 0.567086
9 0.141997 0.251347 0.0121742 0.0534551 0.503263
0 0.68374 0.610842 0.0133654 0.0551535 0.442099
0 0.745615 0.513391 0.00989437 0.0439546 0.333272
9 0.144035 0.251711 0.0173274 0.0549591 0.326171
9 0.583862 0.286169 0.015369 0.0359217 0.31769
2 0.0275494 0.602129 0.0548037 0.0766488 0.30018
62 0.4919 0.126349 0.117691 0.140747 0.286387
9 0.117318 0.268453 0.0144325 0.0328899 0.283549
9 0.571733 0.227969 0.0146912 0.0454417 0.250585
