2 0.802689 0.289739 0.0663528 0.0683826 0.74187
2 0.278727 0.936316 0.0525285 0.122019 0.599973
2 0.688253 0.344717 0.0613437 0.062572 0.571628
0 0.735513 0.672697 0.0115818 0.0620357 0.515533
0 0.798068 0.740735 0.0112454 0.0589435 0.432049
0 0.896198 0.612494 0.0130211 0.0601703 0.431366
0 0.119365 0.47433 0.0120467 0.0551177 0.411577
0 0.130034 0.468874 0.014318 0.0491103 0.410064
5 0.0227184 0.119901 0.0445897 0.235359 0.389136
2 0.282633 0.672427 0.0380434 0.090587 0.360302
7 0.282764 0.671666 0.0377543 0.0914886 0.299311
0 0.879803 0.6159 0.012458 0.0521189 0.295
0 0.779596 0.755358 0.0188894 0.0677078 0.291281
0 0.155167 0.981879 0.0225869 0.0355443 0.27618
2 0.839944 0.434865 0.0487976 0.0609749 0.274239
0 0.701762 0.657511 0.0137335 0.0605108 0.273268
0 0.923545 0.589748 0.0123653 0.0550133 0.268628
