5 0.101502 0.0463456 0.0690498 0.0926911 0.811614
2 0.303291 0.240708 0.0421927 0.0642831 0.802445
2 0.153254 0.116549 0.038023 0.0477315 0.799351
2 0.187061 0.15525 0.0375519 0.0603349 0.794835
2 0.702079 0.398245 0.0676234 0.0542762 0.734207
2 0.229147 0.20634 0.0350116 0.0639879 0.728545
2 0.229586 0.15402 0.0410769 0.0506784 0.690462
2 0.26437 0.196955 0.0425462 0.0568433 0.680746
62 0.491706 0.129362 0.117826 0.136557 0.67548
2 0.107528 0.221045 0.0352366 0.0539125 0.643434
0 0.70588 0.878588 0.013756 0.0616072 0.589178
9 0.0355087 0.204304 0.0164888 0.037162 0.477024
0 0.118645 0.971926 0.0118446 0.0561474 0.456454
9 0.155275 0.914095 0.00860443 0.0416095 0.402027
3 0.282473 0.291532 0.0263978 0.037644 0.372107
0 0.963267 0.635182 0.0143782 0.060289 0.263841
0 0.00418971 0.575403 0.00835907 0.0568138 0.254038
