2 0.233462 0.168869 0.0407867 0.061546 0.756531
2 0.319106 0.242123 0.0416039 0.0724926 0.727195
0 0.616073 0.382109 0.0103479 0.0440001 0.660085
0 0.781515 0.672673 0.0166964 0.0835655 0.606088
2 0.123526 0.0579568 0.0339687 0.0541413 0.579462
0 0.470788 0.786222 0.0155361 0.069871 0.573165
2 0.163723 0.0572166 0.0366909 0.0510845 0.545063
0 0.0821046 0.502037 0.0103162 0.0506571 0.483657
0 0.571262 0.711692 0.0170089 0.0584849 0.478141
0 0.775494 0.534061 0.0171562 0.0642956 0.452078
0 0.34157 0.887722 0.0230415 0.0744525 0.44643
9 0.289255 0.794749 0.0364736 0.0515784 0.44212
62 0.492359 0.127159 0.117828 0.136572 0.430816
0 0.594665 0.385882 0.011754 0.0492359 0.427675
0 0.695305 0.634832 0.011828 0.0578152 0.418369
9 0.735573 0.606795 0.0128626 0.0351815 0.396527
0 0.815999 0.656382 0.0133139 0.0636434 0.326996
9 0.117301 0.26707 0.0147094 0.0342106 0.301586
9 0.143995 0.250115 0.017222 0.0512087 0.292085
2 0.817873 0.400447 0.0348663 0.0682146 0.281411
9 0.156131 0.911518 0.00936272 0.0425123 0.273575
0 0.317822 0.87545 0.0295027 0.071086 0.261723
0 0.363342 0.938966 0.0312971 0.0831868 0.259143
