2 0.261274 0.25604 0.0457372 0.06718 0.826176
2 0.189352 0.0889205 0.0374048 0.0462948 0.737103
2 0.260799 0.173156 0.0428819 0.0616186 0.71303
0 0.769059 0.562791 0.0140844 0.0621062 0.6716
62 0.49218 0.126367 0.11872 0.140657 0.571835
0 0.142922 0.48302 0.0165411 0.0524692 0.567722
0 0.783432 0.535944 0.0151627 0.0580377 0.533051
0 0.328565 0.758343 0.0123453 0.0653598 0.523805
2 0.796714 0.369831 0.0668285 0.0741934 0.485815
0 0.866819 0.618519 0.0166809 0.0525055 0.428319
0 0.365973 0.939489 0.0336462 0.0852149 0.424566
9 0.156433 0.912319 0.0100447 0.0440908 0.423838
0 0.412308 0.497223 0.0140125 0.0618652 0.420412
0 0.401561 0.918003 0.0360172 0.0720891 0.388036
0 0.435933 0.897807 0.0214552 0.0763372 0.384623
0 0.348114 0.764871 0.023144 0.0769918 0.381767
2 0.801478 0.411363 0.06445 0.0735758 0.338526
0 0.00696725 0.594821 0.0138652 0.0604659 0.337992
9 0.73612 0.608709 0.0132696 0.0390015 0.313732
0 0.920792 0.74087 0.0119522 0.0539868 0.251212
