2 0.253627 0.252058 0.0434422 0.0628856 0.786812
2 0.209149 0.197882 0.0375074 0.0586023 0.731916
2 0.855683 0.915413 0.0869669 0.136857 0.712802
2 0.189361 0.0895229 0.0370706 0.0460081 0.676994
2 0.263033 0.193102 0.0409289 0.0613842 0.647144
2 0.106032 0.0535566 0.0390888 0.0599587 0.604344
2 0.226319 0.159108 0.0348015 0.055069 0.577619
2 0.178932 0.150165 0.0376137 0.0574377 0.573053
9 0.289685 0.79541 0.0372609 0.0490843 0.544702
2 0.144108 0.115617 0.0359342 0.0510991 0.542426
2 0.307961 0.239958 0.0417866 0.0688396 0.531338
0 0.341048 0.354893 0.0100894 0.048477 0.49986
9 0.155386 0.910754 0.0089011 0.04314 0.482872
9 0.571848 0.225966 0.0161863 0.0467116 0.436612
9 0.384966 0.217852 0.0161641 0.0400612 0.432069
2 0.667619 0.346829 0.0397713 0.0598748 0.411171
0 0.817851 0.66723 0.0174709 0.0620943 0.378962
5 0.0240943 0.120993 0.0475571 0.236636 0.354995
9 0.736052 0.609647 0.0166548 0.0395922 0.331387
5 0.0642583 0.403038 0.128517 0.18055 0.287185
