2 0.674714 0.437038 0.0638338 0.0723529 0.837047
2 0.134988 0.619756 0.0889317 0.0810847 0.797134
2 0.252886 0.242492 0.0419342 0.0710155 0.782089
2 0.772296 0.430629 0.0671173 0.0725564 0.77388
2 0.303666 0.244337 0.0431193 0.061146 0.762168
6 0.901115 0.0460634 0.19654 0.0904999 0.676965
2 0.213663 0.204129 0.0391769 0.0546108 0.664003
2 0.103834 0.0568554 0.0345432 0.0518368 0.609055
5 0.0221585 0.125101 0.0438383 0.244794 0.605924
2 0.772856 0.389515 0.0653093 0.0616241 0.582907
5 0.533342 0.287935 0.122688 0.0806208 0.534208
2 0.149969 0.113527 0.0364402 0.0481132 0.491024
2 0.207749 0.110218 0.0369235 0.0507195 0.469037
0 0.213792 0.836299 0.0133378 0.0579305 0.466925
0 0.193333 0.771132 0.0168955 0.0663055 0.418775
0 0.543358 0.721958 0.0144448 0.0632078 0.412303
2 0.18231 0.166439 0.0386838 0.0464046 0.312553
0 0.229925 0.506865 0.0131293 0.0563709 0.302019
0 0.11875 0.532095 0.0135746 0.0543103 0.3013
62 0.491227 0.129903 0.119726 0.138869 0.258093
0 0.120927 0.890552 0.0169608 0.0641666 0.250116
