5 0.527318 0.914491 0.1903 0.168308 0.882929
5 0.85075 0.922363 0.28333 0.150409 0.869486
2 0.741279 0.810208 0.0813345 0.109334 0.835235
2 0.659864 0.71899 0.0621082 0.111169 0.821624
5 0.197432 0.162045 0.0603459 0.102692 0.808393
2 0.262107 0.422109 0.0384534 0.0681722 0.797031
2 0.225633 0.310604 0.0400604 0.0618274 0.794104
2 0.266099 0.264802 0.037201 0.0599254 0.774665
2 0.295753 0.221763 0.0426182 0.0503978 0.700476
2 0.15308 0.10639 0.0433325 0.0595246 0.61432
2 0.614441 0.620207 0.0552611 0.122894 0.60394
2 0.235047 0.228281 0.0378543 0.0600321 0.571399
2 0.6995 0.346723 0.0605625 0.0557604 0.568241
2 0.246706 0.177825 0.0307069 0.0515131 0.553601
2 0.812542 0.293639 0.0466372 0.0542002 0.469644
2 0.105328 0.10177 0.0261709 0.0585689 0.425187
2 0.129393 0.151546 0.0293762 0.0347504 0.421613
2 0.117885 0.0693298 0.0340337 0.056948 0.389055
2 0.842907 0.437845 0.0347836 0.038824 0.336534
9 0.155557 0.915899 0.00843792 0.0392054 0.310863
