5 0.250289 0.225813 0.0889799 0.144235 0.880722
5 0.175206 0.130259 0.0760986 0.126786 0.833012
2 0.807792 0.379077 0.0557419 0.0646778 0.80348
2 0.110997 0.0597232 0.0324981 0.0537433 0.617434
0 0.204879 0.742034 0.0143113 0.0615217 0.586346
2 0.292835 0.227937 0.0332294 0.0626284 0.574008
0 0.697633 0.870858 0.015547 0.0654049 0.482264
62 0.492069 0.127999 0.117098 0.137577 0.439117
5 0.0201231 0.118514 0.0395452 0.234821 0.436108
0 0.0172619 0.546598 0.0117637 0.0542287 0.403778
0 0.942492 0.892305 0.0144264 0.0736762 0.34968
2 0.0779248 0.0296576 0.036595 0.0467337 0.344891
0 0.142503 0.503262 0.0100909 0.0437032 0.320031
