2 0.220393 0.206458 0.0399664 0.051024 0.747874
2 0.142492 0.0641976 0.0360845 0.0547642 0.705923
2 0.259702 0.256124 0.0455895 0.0667983 0.682945
62 0.491884 0.127748 0.118156 0.142588 0.630268
2 0.185822 0.158592 0.0421285 0.0585123 0.597557
2 0.256265 0.184775 0.040435 0.0592013 0.556743
0 0.957698 0.892052 0.0143841 0.0685554 0.518452
2 0.307242 0.257609 0.04629 0.0645638 0.458838
0 0.181143 0.442548 0.01545 0.0611716 0.438171
0 0.30515 0.467469 0.0156831 0.0531058 0.436581
0 0.8353 0.654259 0.0158951 0.0616233 0.434343
0 0.111671 0.561959 0.0127246 0.0578796 0.413638
0 0.13703 0.465843 0.0140282 0.0614477 0.405763
0 0.692608 0.628896 0.0136259 0.0736753 0.401297
0 0.256572 0.358982 0.0152184 0.0601673 0.386814
0 0.168173 0.537167 0.0154109 0.0524165 0.381931
0 0.469869 0.7748 0.0160097 0.0625805 0.376471
9 0.288009 0.804104 0.0386653 0.0452315 0.343729
9 0.735974 0.608479 0.0130043 0.0357495 0.314333
0 0.918789 0.561134 0.012561 0.0794886 0.269172
0 0.0950807 0.702712 0.0186015 0.047031 0.267962
3 0.0919252 0.727294 0.0248942 0.04665 0.257875
2 0.220393 0.206458 0.0399664 0.051024 0.747874
2 0.142492 0.0641976 0.0360845 0.0547642 0.705923
2 0.259702 0.256124 0.0455895 0.0667983 0.682945
62 0.491884 0.127748 0.118156 0.142588 0.630268
2 0.185822 0.158592 0.0421285 0.0585123 0.597557
2 0.256265 0.184775 0.040435 0.0592013 0.556743
0 0.957698 0.892052 0.0143841 0.0685554 0.518452
2 0.307242 0.257609 0.04629 0.0645638 0.458838
0 0.181143 0.442548 0.01545 0.0611716 0.438171
0 0.30515 0.467469 0.0156831 0.0531058 0.436581
0 0.8353 0.654259 0.0158951 0.0616233 0.434343
0 0.111671 0.561959 0.0127246 0.0578796 0.413638
0 0.13703 0.465843 0.0140282 0.0614477 0.405763
0 0.692608 0.628896 0.0136259 0.0736753 0.401297
0 0.256572 0.358982 0.0152184 0.0601673 0.386814
0 0.168173 0.537167 0.0154109 0.0524165 0.381931
0 0.469869 0.7748 0.0160097 0.0625805 0.376471
9 0.288009 0.804104 0.0386653 0.0452315 0.343729
9 0.735974 0.608479 0.0130043 0.0357495 0.314333
0 0.918789 0.561134 0.012561 0.0794886 0.269172
0 0.0950807 0.702712 0.0186015 0.047031 0.267962
3 0.0919252 0.727294 0.0248942 0.04665 0.257875
