7 0.807726 0.345651 0.0623354 0.118099 0.59516
0 0.0816432 0.525622 0.0141335 0.0829167 0.432752
0 0.537517 0.357899 0.00926266 0.0452564 0.426061
0 0.364577 0.942351 0.0325097 0.0956828 0.425793
0 0.691468 0.864859 0.0108463 0.05843 0.403505
0 0.0172185 0.54729 0.013642 0.0525664 0.39524
9 0.0350909 0.203683 0.013751 0.0328374 0.392115
0 0.152725 0.442878 0.00898786 0.0466419 0.388147
0 0.627921 0.339675 0.0148673 0.0669018 0.371804
2 0.684827 0.347223 0.058271 0.0592886 0.368464
0 0.064445 0.511728 0.0117997 0.0591539 0.361844
0 0.813961 0.655146 0.0134006 0.0806431 0.349683
0 0.729899 0.686984 0.01315 0.0604329 0.347836
0 0.0562433 0.31909 0.0097384 0.0376039 0.323849
0 0.893733 0.786874 0.0117649 0.0530355 0.318834
0 0.111352 0.510727 0.0101447 0.0463775 0.284926
0 0.843999 0.748554 0.013007 0.0506195 0.261207
0 0.986237 0.75826 0.0160221 0.0779638 0.25631
