5 0.159404 0.0506013 0.0759131 0.101065 0.789149
0 0.408059 0.795544 0.0165092 0.0677083 0.590062
0 0.203311 0.573813 0.0153994 0.0596966 0.469213
0 0.991265 0.557461 0.0158287 0.0601754 0.468044
0 0.900826 0.767073 0.0132843 0.0633289 0.449252
0 0.522595 0.808887 0.0139612 0.0680189 0.443318
0 0.712508 0.832092 0.014406 0.0661831 0.414047
0 0.559367 0.506278 0.0141922 0.0488969 0.397633
0 0.554788 0.749355 0.0108009 0.048466 0.376598
0 0.418855 0.884186 0.0193287 0.0644867 0.37424
9 0.0346917 0.202335 0.0144848 0.0317076 0.362135
0 0.56475 0.762694 0.0158172 0.0619297 0.357942
0 0.190112 0.603353 0.0206785 0.0592242 0.294806
0 0.595416 0.382355 0.013204 0.0363388 0.289235
0 0.790867 0.755307 0.0175073 0.0676212 0.283824
0 0.216413 0.494933 0.0174337 0.0573964 0.275423
0 0.49317 0.488352 0.0124878 0.0511041 0.253189
9 0.155059 0.912466 0.00931005 0.0414242 0.251355
