2 0.183742 0.322457 0.0416611 0.0626978 0.760641
62 0.491786 0.134634 0.118357 0.149817 0.714358
2 0.292405 0.228722 0.0403406 0.0637999 0.557125
0 0.0945415 0.506635 0.0130836 0.0553482 0.46753
9 0.736046 0.616357 0.0121332 0.0442818 0.466922
2 0.0721948 0.801874 0.0304372 0.05349 0.435003
9 0.142519 0.251797 0.0115332 0.0508205 0.331645
0 0.446887 0.579438 0.017003 0.0513886 0.314301
9 0.386322 0.224321 0.0174613 0.0465274 0.305594
9 0.122096 0.375661 0.0102797 0.0343134 0.300743
2 0.802574 0.411106 0.0398363 0.0684533 0.267931
