7 0.216702 0.185323 0.0530171 0.104411 0.855787
2 0.298799 0.240284 0.0432693 0.066532 0.789372
2 0.257635 0.258568 0.0429267 0.0588466 0.777915
0 0.0125532 0.531671 0.0130091 0.065514 0.654581
9 0.155952 0.912829 0.00925231 0.0411333 0.507136
0 0.704506 0.777394 0.0154346 0.0724408 0.495671
9 0.6221 0.248075 0.0191599 0.0700961 0.472956
9 0.735609 0.610246 0.0139584 0.0429082 0.442405
9 0.142753 0.250681 0.013732 0.0512611 0.427867
9 0.116934 0.268054 0.0155197 0.0337664 0.413514
0 0.494077 0.328265 0.0122143 0.0504346 0.401008
9 0.289485 0.795504 0.0360436 0.0516407 0.392757
0 0.137044 0.96476 0.0124472 0.0474694 0.381251
9 0.583665 0.289097 0.0141031 0.037736 0.351218
0 0.75964 0.607342 0.00975027 0.0514478 0.333376
2 0.811283 0.377651 0.0377499 0.0504108 0.328825
0 0.661068 0.701196 0.0136658 0.0607737 0.32526
0 0.793549 0.749599 0.0167728 0.0614126 0.273143
9 0.571961 0.227637 0.0161203 0.0471626 0.27223
2 0.82401 0.404432 0.0302002 0.0529049 0.270438
0 0.753102 0.729537 0.0142844 0.060022 0.265237
9 0.759827 0.607634 0.00986347 0.0508405 0.259408
0 0.591409 0.345285 0.0106236 0.047274 0.253581
