5 0.112728 0.20001 0.0492067 0.105755 0.695695
0 0.0856958 0.523396 0.012638 0.0540677 0.626293
0 0.1411 0.971931 0.0175958 0.0561371 0.609702
0 0.886774 0.606038 0.0132673 0.052862 0.372863
0 0.0695 0.287334 0.013964 0.0805552 0.35168
5 0.064471 0.406029 0.128476 0.17499 0.349297
0 0.364806 0.943368 0.0327885 0.0970798 0.343385
2 0.157379 0.193527 0.042715 0.0691095 0.337627
0 0.106678 0.960058 0.0156878 0.0773916 0.326952
0 0.916314 0.705597 0.0139214 0.0601927 0.319466
5 0.157543 0.193293 0.0432774 0.0688662 0.310404
0 0.958046 0.531899 0.0114346 0.0497982 0.301126
0 0.928172 0.766284 0.0174473 0.0490548 0.298919
0 0.136651 0.437706 0.0123233 0.0473014 0.297949
0 0.691309 0.858298 0.013894 0.0659948 0.295705
0 0.797225 0.689345 0.0149443 0.0478878 0.285467
0 0.960308 0.773555 0.0161547 0.0387412 0.257308
