5 0.241373 0.231619 0.0850107 0.135715 0.866894
2 0.187889 0.322048 0.0348214 0.0637104 0.694499
9 0.155401 0.914029 0.00851312 0.0387819 0.469266
9 0.287443 0.798347 0.0335715 0.0539815 0.464494
2 0.287289 0.24347 0.0356151 0.0616619 0.40593
62 0.492716 0.13268 0.117903 0.137041 0.335575
0 0.171785 0.444472 0.0154248 0.0672708 0.334663
9 0.14351 0.268418 0.0134233 0.020035 0.306466
0 0.872011 0.610339 0.0138607 0.0596096 0.273911
0 0.703503 0.864819 0.0156168 0.0706055 0.271776
5 0.762331 0.263692 0.0995956 0.127181 0.266392
