2 0.348992 0.59992 0.103845 0.112284 0.831881
2 0.2586 0.258029 0.0419612 0.0642204 0.774093
5 0.77067 0.258708 0.115465 0.123568 0.756213
2 0.189594 0.166291 0.0365181 0.054475 0.728335
2 0.457416 0.384564 0.06931 0.0696097 0.705577
5 0.656698 0.701931 0.0916525 0.184386 0.670047
62 0.491968 0.137228 0.117652 0.135611 0.641693
9 0.288992 0.796732 0.0350536 0.0505032 0.580803
9 0.156018 0.915767 0.00962682 0.0407298 0.413461
2 0.2266 0.216504 0.0349903 0.0503021 0.404661
7 0.656686 0.701574 0.0915119 0.184742 0.400807
2 0.65672 0.701559 0.0916603 0.184194 0.352315
2 0.128801 0.200794 0.0515726 0.049773 0.339634
9 0.735617 0.613902 0.0125391 0.0414681 0.32924
2 0.115324 0.232384 0.0365282 0.0558553 0.290093
