2 0.244759 0.235647 0.0466128 0.0743118 0.775801
2 0.25673 0.189107 0.0411092 0.0611586 0.708205
2 0.836494 0.411674 0.0554432 0.054149 0.511234
0 0.759699 0.689042 0.0147421 0.0609623 0.490441
0 0.78412 0.690309 0.0169354 0.0688143 0.490175
0 0.131981 0.622044 0.0157706 0.0554637 0.467114
0 0.878288 0.78985 0.0157017 0.0686629 0.404154
5 0.0632657 0.406063 0.126356 0.171882 0.366574
0 0.881333 0.698496 0.0146332 0.0554661 0.360932
0 0.986218 0.477324 0.0167751 0.0581438 0.351528
2 0.817362 0.376545 0.0319262 0.045102 0.338239
0 0.364575 0.944713 0.0331795 0.099481 0.31795
0 0.92627 0.931561 0.0153261 0.0728578 0.297142
0 0.079661 0.614011 0.0191816 0.0547661 0.292263
0 0.504385 0.469228 0.0181765 0.0506109 0.291058
0 0.092343 0.562806 0.0139532 0.0549911 0.276129
0 0.543766 0.800795 0.0170443 0.0657978 0.264366
