2 0.259958 0.198475 0.0413748 0.0636844 0.803477
7 0.242276 0.630028 0.0543045 0.173909 0.798729
2 0.456783 0.497866 0.0606377 0.0936358 0.734335
2 0.0309513 0.596835 0.0619025 0.0771359 0.634338
2 0.685084 0.776969 0.0846264 0.10505 0.606312
2 0.619957 0.394841 0.0743755 0.0510334 0.561384
7 0.207843 0.949553 0.0806249 0.0992187 0.526278
0 0.120751 0.482694 0.0122502 0.0587667 0.519546
2 0.789425 0.338624 0.0692256 0.0570808 0.457752
9 0.144715 0.251534 0.0174656 0.0525401 0.450956
0 0.147459 0.438182 0.0105871 0.0545948 0.4108
9 0.286508 0.798654 0.033779 0.0561334 0.396271
5 0.536542 0.913209 0.307004 0.161693 0.380067
2 0.20779 0.949626 0.0803459 0.100213 0.364276
9 0.583046 0.286995 0.0144897 0.03695 0.294504
0 0.0928377 0.517281 0.0123679 0.0575974 0.285366
62 0.491525 0.128548 0.117888 0.144053 0.260062
