7 0.256795 0.22834 0.0636195 0.11943 0.847699
5 0.158603 0.0473016 0.0699181 0.0946031 0.823484
2 0.813329 0.292778 0.0468063 0.0544698 0.707866
0 0.248189 0.81735 0.0147894 0.0695558 0.580164
0 0.719335 0.830423 0.0114586 0.0647675 0.562629
2 0.796801 0.377298 0.0624788 0.0699387 0.542947
2 0.820176 0.40352 0.0423581 0.0741678 0.505452
2 0.169508 0.30598 0.0474766 0.0737217 0.505151
0 0.515101 0.798684 0.0177048 0.0648109 0.448363
0 0.584338 0.640787 0.0204225 0.0547622 0.364144
0 0.122041 0.536026 0.0165804 0.0507295 0.345967
0 0.206354 0.562515 0.0141095 0.0549664 0.32677
0 0.013419 0.543248 0.0187195 0.0626765 0.322215
0 0.683335 0.780621 0.0212871 0.0904846 0.317629
62 0.491878 0.125209 0.117815 0.137731 0.313572
7 0.169119 0.30556 0.0479955 0.0740482 0.298901
0 0.989397 0.468616 0.0115131 0.0336317 0.298133
0 0.963967 0.777142 0.016151 0.0398597 0.295113
0 0.159395 0.520854 0.0118267 0.0410444 0.279073
0 0.375306 0.647524 0.0176666 0.0570084 0.276457
9 0.0346907 0.200044 0.0134671 0.0351537 0.27222
9 0.572345 0.227847 0.0140483 0.0423898 0.270753
0 0.565654 0.380736 0.0125972 0.0434366 0.262861
0 0.301135 0.509636 0.0149886 0.0549252 0.257465
0 0.485466 0.819909 0.0164217 0.0721963 0.253214
0 0.430456 0.50294 0.0116245 0.0479989 0.250183
