2 0.324014 0.556746 0.0780126 0.0748593 0.815785
2 0.144338 0.608978 0.0872202 0.0823807 0.78327
2 0.653433 0.48261 0.0711916 0.0831673 0.777812
2 0.752678 0.394328 0.0745347 0.0832364 0.642247
5 0.486082 0.5249 0.087322 0.0970586 0.625674
5 0.763155 0.265008 0.111546 0.132351 0.604009
62 0.492089 0.13743 0.117856 0.133492 0.539373
9 0.288788 0.796367 0.0350397 0.0507256 0.487032
2 0.298017 0.260002 0.0475478 0.0575467 0.48324
0 0.387526 0.786413 0.0164342 0.0555216 0.34109
2 0.826875 0.393472 0.0338135 0.0561989 0.303083
2 0.155859 0.079897 0.0349132 0.0465269 0.276522
0 0.0308645 0.569564 0.0168433 0.0795788 0.266966
