2 0.328124 0.60532 0.0961079 0.102665 0.759732
2 0.627844 0.595168 0.0443052 0.107584 0.73554
2 0.401164 0.51558 0.0778303 0.0705553 0.697157
2 0.253506 0.197392 0.0438197 0.0614541 0.641187
2 0.138929 0.183308 0.038956 0.0585994 0.63553
2 0.29525 0.234874 0.0417126 0.0702872 0.635203
9 0.811457 0.330752 0.0374681 0.0531782 0.438988
62 0.492721 0.138615 0.11743 0.140797 0.423618
5 0.758763 0.262458 0.0871417 0.125439 0.357544
9 0.156295 0.916773 0.00872092 0.0319399 0.340938
5 0.0232187 0.12574 0.045627 0.246486 0.337917
5 0.73342 0.274845 0.138827 0.153246 0.337488
0 0.783796 0.637134 0.0148507 0.0560101 0.314064
0 0.506302 0.357352 0.0129174 0.0469798 0.305835
2 0.65853 0.445051 0.0617968 0.0706151 0.285003
0 0.734143 0.611057 0.0148365 0.0579592 0.278178
2 0.209127 0.119897 0.0308991 0.0547114 0.276808
0 0.487514 0.356196 0.0102985 0.045478 0.265917
0 0.0806684 0.451886 0.0135182 0.0796385 0.264526
