5 0.552681 0.913368 0.193364 0.169757 0.851812
2 0.250649 0.253497 0.0421798 0.0540304 0.767612
2 0.248586 0.179476 0.0408126 0.0573123 0.687939
2 0.281713 0.229208 0.040894 0.0583265 0.668485
2 0.688385 0.794885 0.0649366 0.101087 0.613078
2 0.192849 0.120449 0.0403213 0.0554802 0.555498
2 0.758135 0.878227 0.0825802 0.127274 0.551347
62 0.491945 0.134812 0.118371 0.14769 0.503996
2 0.786881 0.435533 0.0495914 0.0686912 0.457772
2 0.812905 0.389263 0.0471102 0.0497476 0.417589
2 0.844848 0.986106 0.0616882 0.0254791 0.401129
2 0.842704 0.416043 0.0427361 0.0439249 0.364647
2 0.812392 0.294206 0.0447762 0.0549473 0.349051
