5 0.54548 0.372787 0.175329 0.118777 0.911428
5 0.304023 0.222535 0.0900457 0.138854 0.848872
2 0.88035 0.962181 0.0961086 0.0721398 0.547342
2 0.230627 0.95518 0.0866787 0.0863054 0.47337
0 0.893282 0.74371 0.0131598 0.0615621 0.468202
0 0.796448 0.496725 0.0108738 0.0474237 0.422633
0 0.09695 0.502631 0.0114916 0.0545673 0.401011
0 0.820495 0.49865 0.0115219 0.0562581 0.376819
0 0.984777 0.552328 0.015864 0.0517271 0.376284
0 0.94525 0.669951 0.017334 0.0589229 0.352614
0 0.907438 0.677803 0.0141439 0.0597532 0.339461
0 0.809525 0.722847 0.0147379 0.0809528 0.32652
0 0.363704 0.940865 0.030867 0.0917496 0.318148
0 0.798207 0.568801 0.0131796 0.0487949 0.316667
2 0.26406 0.706947 0.0367594 0.0968818 0.313001
7 0.264153 0.70722 0.0366332 0.0967511 0.302108
0 0.435084 0.307897 0.00927086 0.0406642 0.293917
0 0.0705616 0.528082 0.018842 0.0609707 0.292821
0 0.854467 0.648532 0.011928 0.0486708 0.278126
0 0.918072 0.693119 0.0134018 0.0604826 0.270608
5 0.484741 0.153212 0.133603 0.199333 0.270009
