2 0.836838 0.40628 0.0509144 0.0540097 0.600351
0 0.106674 0.512754 0.0199977 0.0640583 0.544761
0 0.127189 0.966093 0.0216063 0.0675456 0.530755
0 0.751904 0.716797 0.0148027 0.0622911 0.474729
0 0.692223 0.863609 0.0118221 0.0627618 0.431715
0 0.364779 0.942782 0.0328098 0.0959849 0.416634
0 0.156561 0.492134 0.0103755 0.0465391 0.400126
0 0.147058 0.975564 0.0152231 0.0484597 0.370515
0 0.535792 0.358082 0.00972729 0.04614 0.347463
0 0.617507 0.333578 0.00837593 0.035013 0.290287
0 0.077959 0.487182 0.0113915 0.0510558 0.254183
