5 0.218014 0.154483 0.0826403 0.196914 0.82928
2 0.119929 0.133484 0.0363962 0.0475995 0.709778
2 0.307165 0.249808 0.0438614 0.0630154 0.642577
62 0.492492 0.137703 0.117902 0.15019 0.617077
2 0.266068 0.19172 0.0360528 0.0719232 0.586142
5 0.0229035 0.120145 0.0450606 0.234803 0.552846
0 0.713335 0.889248 0.0197796 0.0675758 0.539259
2 0.160335 0.127187 0.0407109 0.0553813 0.526296
2 0.151574 0.196524 0.0421239 0.0503193 0.517258
9 0.288056 0.794908 0.0385299 0.0570802 0.508954
2 0.090181 0.0490149 0.0253761 0.0298781 0.443948
9 0.735742 0.613351 0.0143856 0.0415126 0.40276
5 0.765161 0.262184 0.10291 0.122693 0.337836
9 0.156024 0.915808 0.00897257 0.0385905 0.321466
2 0.827213 0.443023 0.0278908 0.0488716 0.297058
