2 0.805232 0.365826 0.0539635 0.0731137 0.729142
0 0.370996 0.63397 0.0125405 0.0553964 0.570802
0 0.396698 0.780928 0.0116799 0.0634345 0.556641
0 0.84485 0.713636 0.0174297 0.0684238 0.534861
2 0.843454 0.419954 0.0584782 0.0577216 0.508875
9 0.034748 0.201525 0.0138696 0.035773 0.505929
0 0.0723508 0.554801 0.0124864 0.0585357 0.495914
0 0.432055 0.629382 0.0132607 0.0581472 0.447355
0 0.40799 0.767096 0.0155113 0.0636717 0.445584
0 0.639252 0.864453 0.0148448 0.0610687 0.422892
0 0.79398 0.765249 0.0119904 0.0589083 0.355805
0 0.787187 0.529276 0.0133552 0.0550729 0.330948
0 0.758999 0.571381 0.0154686 0.0487342 0.324496
0 0.410138 0.818117 0.0182329 0.0638072 0.297771
0 0.721804 0.630268 0.0156137 0.0873096 0.284281
0 0.911665 0.564738 0.0180775 0.0615923 0.28039
0 0.691145 0.66804 0.0162599 0.0527749 0.263478
9 0.155383 0.91312 0.00839186 0.03978 0.263083
9 0.571575 0.226872 0.0131324 0.0441348 0.260172
0 0.954448 0.552667 0.0135197 0.0620222 0.259078
0 0.845612 0.5733 0.0121552 0.0597685 0.254225
