2 0.831636 0.406836 0.0578171 0.0618632 0.51313
0 0.244252 0.858428 0.0174857 0.0629467 0.507511
2 0.803036 0.376837 0.0550262 0.0645222 0.505189
0 0.637697 0.867532 0.012641 0.0645628 0.501354
0 0.263722 0.8601 0.0141162 0.0602107 0.491111
0 0.729949 0.77109 0.0146784 0.0689894 0.48808
9 0.0349472 0.19849 0.0148988 0.0381916 0.487508
0 0.159511 0.74444 0.0154375 0.0711063 0.474374
0 0.884569 0.641547 0.0135273 0.0560189 0.472399
0 0.809069 0.610457 0.0149004 0.0668145 0.429073
0 0.788405 0.609458 0.0141569 0.0703052 0.413739
0 0.117404 0.618626 0.0134127 0.0546522 0.393132
0 0.1168 0.750332 0.0252587 0.0746613 0.38339
0 0.585927 0.69698 0.0180579 0.0546753 0.381866
0 0.914607 0.537952 0.0136515 0.0502421 0.374719
0 0.2826 0.626144 0.013545 0.0600403 0.354066
0 0.159977 0.422771 0.0119186 0.0584613 0.319858
0 0.511222 0.74511 0.0149113 0.0682326 0.3064
0 0.994935 0.625809 0.00963554 0.0707881 0.294548
0 0.307872 0.723808 0.0178746 0.0525348 0.287208
0 0.688558 0.566459 0.0113271 0.0413968 0.275852
0 0.544013 0.71499 0.0152592 0.0540399 0.259798
