2 0.245844 0.173215 0.0406091 0.0632958 0.802426
2 0.27359 0.274291 0.0491619 0.0624137 0.650105
9 0.290234 0.795627 0.0398123 0.0489027 0.60629
0 0.783127 0.712214 0.0130768 0.0671844 0.602492
2 0.031416 0.596692 0.0628321 0.0748049 0.578718
0 0.806395 0.717591 0.013404 0.0690225 0.558162
9 0.155936 0.911479 0.00912752 0.0405928 0.463577
9 0.735362 0.611376 0.0143165 0.0429869 0.406292
2 0.776679 0.379833 0.0398388 0.0596575 0.340737
0 0.365225 0.944209 0.0342663 0.0950843 0.33584
0 0.188014 0.401393 0.01051 0.0467824 0.305754
9 0.583899 0.285746 0.0149621 0.035849 0.277488
9 0.117137 0.267457 0.0145939 0.0346664 0.256235
9 0.574116 0.226756 0.0196786 0.0464062 0.252912
