5 0.194996 0.600073 0.212297 0.184005 0.929532
2 0.322167 0.651186 0.0940713 0.109009 0.867735
2 0.477789 0.526212 0.0981153 0.115838 0.815741
5 0.175588 0.130306 0.0777482 0.127864 0.809564
7 0.248054 0.432197 0.0785707 0.120279 0.783418
2 0.113291 0.228907 0.0447579 0.0593127 0.740647
2 0.252622 0.247567 0.0363955 0.0628385 0.722398
2 0.223564 0.205282 0.0380378 0.0645805 0.607826
0 0.156826 0.445315 0.0113126 0.0480686 0.604339
2 0.834252 0.408032 0.0550915 0.05041 0.520064
5 0.116283 0.057431 0.0604363 0.107463 0.503243
7 0.661171 0.441127 0.074306 0.097928 0.487601
0 0.0783305 0.45666 0.011359 0.0508764 0.48057
2 0.807219 0.365294 0.048236 0.06908 0.445304
0 0.178062 0.440085 0.0133051 0.0552065 0.396804
0 0.757135 0.696893 0.0128757 0.0666005 0.396248
2 0.272463 0.978139 0.080243 0.0428063 0.389448
0 0.942037 0.71222 0.0129663 0.064576 0.364727
0 0.843278 0.752452 0.0180956 0.0577732 0.351547
0 0.832304 0.68748 0.0127514 0.0535341 0.34317
2 0.676624 0.488667 0.0771585 0.0812268 0.259728
0 0.777526 0.692483 0.0134262 0.0509425 0.256299
