2 0.596265 0.554335 0.0680195 0.0903829 0.850004
2 0.207655 0.534252 0.0737033 0.0729253 0.807418
7 0.0661364 0.591246 0.130921 0.145255 0.785462
2 0.252999 0.244825 0.0459663 0.0704825 0.783542
2 0.507427 0.517767 0.0659002 0.0841654 0.773386
2 0.169655 0.734966 0.104199 0.0908742 0.726191
2 0.208975 0.203416 0.0426796 0.0548667 0.686907
2 0.268522 0.178389 0.0462749 0.0697327 0.647751
2 0.373699 0.539326 0.084023 0.0784058 0.629275
9 0.289359 0.795719 0.0340109 0.049801 0.581333
5 0.123975 0.0738837 0.083232 0.119571 0.561999
2 0.175243 0.142669 0.0331944 0.0557158 0.543702
9 0.737126 0.615896 0.0146885 0.0509104 0.506898
2 0.682208 0.391837 0.0613707 0.0582678 0.499981
2 0.767252 0.391992 0.062574 0.0684079 0.493456
62 0.492346 0.138037 0.11442 0.125277 0.476511
9 0.155804 0.915135 0.0091496 0.0426422 0.429063
2 0.7603 0.449176 0.0606194 0.0658018 0.373056
0 0.361545 0.947972 0.0366904 0.099645 0.306997
9 0.120332 0.379548 0.0129364 0.0420371 0.283926
9 0.338872 0.65933 0.0154553 0.0607025 0.269732
