2 0.821555 0.399055 0.0370873 0.059907 0.605388
0 0.708513 0.830137 0.0139998 0.0628557 0.502113
0 0.788215 0.660161 0.0108819 0.054621 0.468215
0 0.423379 0.753867 0.0146307 0.0646359 0.448672
0 0.830389 0.59882 0.0135117 0.0522877 0.444346
0 0.896633 0.712683 0.015456 0.0623925 0.432729
0 0.170227 0.763912 0.0156977 0.0629386 0.394175
0 0.242459 0.913353 0.0202729 0.0724035 0.374913
0 0.217946 0.828343 0.0153942 0.0577169 0.336089
0 0.248427 0.795047 0.0155143 0.0550902 0.326126
0 0.774927 0.688397 0.017047 0.0638574 0.323258
0 0.754912 0.705568 0.0125512 0.0515113 0.316405
0 0.363649 0.941855 0.0340498 0.0998779 0.303506
9 0.0346723 0.202848 0.0148937 0.0371184 0.298257
0 0.144527 0.476475 0.0116072 0.0544523 0.293293
0 0.962262 0.770349 0.0165445 0.0493727 0.282609
0 0.6918 0.720508 0.0131201 0.0614054 0.264309
0 0.530809 0.721066 0.0127193 0.0815358 0.262647
0 0.69736 0.397719 0.00950584 0.045674 0.255615
0 0.922314 0.58381 0.017626 0.058429 0.253619
