2 0.251819 0.246153 0.0411739 0.0555181 0.806522
2 0.795798 0.384671 0.0715198 0.0698987 0.629115
2 0.16958 0.309272 0.0422779 0.0494759 0.589087
2 0.837583 0.414493 0.0544186 0.0549608 0.583571
5 0.503792 0.931961 0.112693 0.13416 0.580315
0 0.768408 0.51285 0.0105993 0.0444282 0.447182
0 0.528693 0.50124 0.0110211 0.0468091 0.369708
0 0.176307 0.641544 0.0128839 0.0553251 0.363208
0 0.164787 0.477896 0.015012 0.0726403 0.355135
0 0.803229 0.536039 0.012846 0.0512345 0.351025
7 0.280274 0.972581 0.0757524 0.0536662 0.314467
0 0.108764 0.593715 0.012509 0.0530414 0.314453
9 0.0351391 0.205005 0.0149105 0.0345557 0.294549
0 0.537366 0.429739 0.0114635 0.0470789 0.29086
0 0.193736 0.4623 0.0128397 0.0475386 0.286003
0 0.70267 0.832448 0.0145891 0.064502 0.285223
0 0.758244 0.610399 0.0117981 0.053348 0.2739
