2 0.806572 0.377095 0.0589666 0.0655153 0.745608
2 0.75721 0.340371 0.0620846 0.0589725 0.674558
2 0.122076 0.0394079 0.0359116 0.0504249 0.633641
2 0.11405 0.226464 0.0370712 0.0498546 0.615492
2 0.547452 0.390891 0.0726267 0.0629939 0.596682
62 0.492065 0.132453 0.118065 0.15216 0.511877
9 0.287238 0.798302 0.0333473 0.0553302 0.430304
0 0.847177 0.630891 0.0142609 0.0626543 0.407152
0 0.119729 0.521412 0.0128821 0.0674086 0.381575
0 0.365329 0.945356 0.0318705 0.0969991 0.345994
0 0.942438 0.604939 0.0103207 0.0444462 0.310623
2 0.174583 0.907164 0.0838562 0.0983995 0.306848
2 0.109686 0.230321 0.0461816 0.0581398 0.293556
9 0.73557 0.609856 0.0161174 0.0487185 0.285058
0 0.135046 0.481577 0.0145269 0.0676592 0.278886
0 0.898023 0.713542 0.0163933 0.0593684 0.27375
9 0.145864 0.26966 0.0252921 0.0519378 0.269304
2 0.870629 0.430757 0.0289379 0.0351557 0.250668
2 0.806572 0.377095 0.0589666 0.0655153 0.745608
2 0.75721 0.340371 0.0620846 0.0589725 0.674558
2 0.122076 0.0394079 0.0359116 0.0504249 0.633641
2 0.11405 0.226464 0.0370712 0.0498546 0.615492
2 0.547452 0.390891 0.0726267 0.0629939 0.596682
62 0.492065 0.132453 0.118065 0.15216 0.511877
9 0.287238 0.798302 0.0333473 0.0553302 0.430304
0 0.847177 0.630891 0.0142609 0.0626543 0.407152
0 0.119729 0.521412 0.0128821 0.0674086 0.381575
0 0.365329 0.945356 0.0318705 0.0969991 0.345994
0 0.942438 0.604939 0.0103207 0.0444462 0.310623
2 0.174583 0.907164 0.0838562 0.0983995 0.306848
2 0.109686 0.230321 0.0461816 0.0581398 0.293556
9 0.73557 0.609856 0.0161174 0.0487185 0.285058
0 0.135046 0.481577 0.0145269 0.0676592 0.278886
0 0.898023 0.713542 0.0163933 0.0593684 0.27375
9 0.145864 0.26966 0.0252921 0.0519378 0.269304
2 0.870629 0.430757 0.0289379 0.0351557 0.250668
