2 0.180146 0.679499 0.0962382 0.106562 0.850446
2 0.0781042 0.613561 0.0872814 0.0880181 0.842305
2 0.808039 0.384791 0.0587796 0.0662754 0.828836
2 0.499273 0.534287 0.067907 0.0610388 0.770409
7 0.268606 0.178749 0.0464359 0.0716012 0.555401
62 0.492513 0.134416 0.117692 0.143434 0.514178
2 0.178996 0.107155 0.0360753 0.0656046 0.510079
9 0.288374 0.79443 0.0355817 0.0551534 0.452934
0 0.146869 0.804598 0.0148169 0.0475878 0.429945
2 0.178233 0.154714 0.036335 0.0515032 0.410727
62 0.0214591 0.153792 0.0424286 0.160625 0.391505
2 0.260286 0.267918 0.0384521 0.05569 0.265501
9 0.119879 0.376548 0.0125895 0.0341112 0.262695
