2 0.211901 0.499859 0.05825 0.0795339 0.82059
2 0.263507 0.257105 0.0455275 0.0686341 0.757071
7 0.118483 0.107943 0.0526534 0.0953408 0.749033
62 0.491917 0.135323 0.118875 0.152145 0.66723
2 0.540318 0.486859 0.0731346 0.0785119 0.605512
2 0.298579 0.236941 0.0474323 0.0766109 0.594028
2 0.228178 0.624094 0.101051 0.0934852 0.463083
2 0.625569 0.505988 0.0808034 0.0784211 0.411864
0 0.134799 0.5004 0.0143075 0.058017 0.354129
9 0.142866 0.251469 0.0161728 0.0506621 0.342536
5 0.0623561 0.437834 0.12374 0.113094 0.305898
9 0.734216 0.613358 0.0138852 0.0566355 0.288464
2 0.753017 0.344988 0.0492207 0.0528868 0.276833
2 0.804682 0.383851 0.035181 0.0518239 0.263738
