5 0.197349 0.159359 0.0794947 0.122909 0.880155
2 0.264754 0.462573 0.0525704 0.0679927 0.815863
5 0.105269 0.0480986 0.0678587 0.0961972 0.803828
2 0.278929 0.585661 0.0840607 0.0781177 0.738537
2 0.437388 0.502242 0.0792508 0.0680489 0.732737
62 0.492503 0.140691 0.117398 0.13758 0.634116
5 0.616339 0.414106 0.0786325 0.0831701 0.622046
2 0.796833 0.349637 0.0612615 0.052174 0.616172
2 0.267603 0.177699 0.0424912 0.0691629 0.484483
2 0.616286 0.413963 0.0784746 0.0828917 0.409683
9 0.284766 0.794904 0.0419863 0.05507 0.398463
2 0.250942 0.246527 0.0441538 0.0627936 0.386274
3 0.239718 0.37569 0.032608 0.0610502 0.382901
5 0.523712 0.291589 0.104506 0.095746 0.330939
0 0.291132 0.278417 0.0166076 0.0505772 0.323315
3 0.0848241 0.744217 0.0691617 0.0803109 0.306611
9 0.583997 0.28677 0.0108362 0.0319908 0.26888
