2 0.036826 0.599623 0.0735136 0.0864575 0.816629
2 0.757829 0.775961 0.0851143 0.125805 0.776276
7 0.201006 0.110384 0.0519326 0.094108 0.753614
0 0.757616 0.496608 0.0111475 0.0525474 0.638726
9 0.156618 0.911736 0.0105232 0.0456031 0.585137
0 0.703887 0.64927 0.0152813 0.0771493 0.55693
2 0.307635 0.251732 0.0475131 0.065725 0.556923
9 0.62538 0.252052 0.0224617 0.0771408 0.459962
9 0.289358 0.795188 0.0395378 0.0516981 0.423245
9 0.142086 0.250686 0.0145475 0.0507522 0.40317
9 0.735669 0.612327 0.0134172 0.0426641 0.402465
9 0.117155 0.267825 0.0145006 0.0353692 0.368199
0 0.632069 0.696306 0.0125378 0.056292 0.298967
0 0.559119 0.744118 0.0164542 0.0659366 0.293407
0 0.0643266 0.494905 0.0123846 0.0480881 0.290926
