2 0.796361 0.839195 0.092681 0.120005 0.833795
2 0.250854 0.402024 0.0319611 0.0665331 0.638647
0 0.792474 0.666075 0.0152937 0.0605554 0.635068
0 0.10576 0.497246 0.0125705 0.0610391 0.629166
0 0.694068 0.59181 0.011347 0.060219 0.610218
0 0.888361 0.603451 0.0140364 0.0578067 0.539538
2 0.108797 0.023987 0.0333753 0.04388 0.53835
0 0.140803 0.476314 0.014923 0.0596061 0.493155
0 0.869749 0.609935 0.0128971 0.0552422 0.407326
0 0.85273 0.78084 0.0120403 0.0630788 0.393619
0 0.15272 0.440177 0.0123122 0.0557349 0.392224
0 0.631217 0.318328 0.0078434 0.035275 0.351471
9 0.735579 0.609522 0.00884705 0.0332908 0.347549
9 0.712077 0.480113 0.0102542 0.0570987 0.343506
9 0.819219 0.801219 0.0133919 0.0556061 0.337343
9 0.760741 0.441243 0.00806685 0.0299544 0.30795
0 0.546663 0.36163 0.0100183 0.0494161 0.285735
9 0.155449 0.914873 0.00957093 0.0397259 0.281299
9 0.287607 0.79748 0.0320042 0.0529924 0.25992
