2 0.286242 0.230223 0.043529 0.0637763 0.776256
2 0.114 0.227046 0.0356751 0.0517678 0.578071
62 0.491976 0.127718 0.117999 0.13984 0.434552
0 0.951839 0.91186 0.0149166 0.0680222 0.433352
0 0.135143 0.483536 0.0148296 0.0525653 0.387471
0 0.1095 0.743667 0.0144495 0.0634493 0.361894
2 0.861959 0.916615 0.0724607 0.105348 0.361124
0 0.416948 0.687016 0.0134493 0.057794 0.353404
0 0.199245 0.645005 0.0145291 0.0624983 0.340183
0 0.255654 0.53716 0.0164392 0.056359 0.333135
0 0.536158 0.431024 0.0101654 0.0515776 0.320646
0 0.669851 0.403159 0.014996 0.0468399 0.319154
0 0.152949 0.455831 0.0113362 0.0521896 0.306147
0 0.357871 0.357584 0.00973997 0.0462543 0.296716
0 0.161297 0.645667 0.0113286 0.0463808 0.296058
0 0.442146 0.435501 0.0171066 0.0600549 0.278441
0 0.178294 0.658774 0.015983 0.0592083 0.27835
0 0.57572 0.392713 0.014057 0.0468458 0.272038
0 0.544971 0.695866 0.0168372 0.0713784 0.269192
0 0.572604 0.467476 0.0141601 0.0519268 0.262999
0 0.0800106 0.499653 0.00934126 0.0463291 0.261599
0 0.570159 0.541068 0.0124578 0.0532099 0.259847
2 0.286242 0.230223 0.043529 0.0637763 0.776256
2 0.114 0.227046 0.0356751 0.0517678 0.578071
62 0.491976 0.127718 0.117999 0.13984 0.434552
0 0.951839 0.91186 0.0149166 0.0680222 0.433352
0 0.135143 0.483536 0.0148296 0.0525653 0.387471
0 0.1095 0.743667 0.0144495 0.0634493 0.361894
2 0.861959 0.916615 0.0724607 0.105348 0.361124
0 0.416948 0.687016 0.0134493 0.057794 0.353404
0 0.199245 0.645005 0.0145291 0.0624983 0.340183
0 0.255654 0.53716 0.0164392 0.056359 0.333135
0 0.536158 0.431024 0.0101654 0.0515776 0.320646
0 0.669851 0.403159 0.014996 0.0468399 0.319154
0 0.152949 0.455831 0.0113362 0.0521896 0.306147
0 0.357871 0.357584 0.00973997 0.0462543 0.296716
0 0.161297 0.645667 0.0113286 0.0463808 0.296058
0 0.442146 0.435501 0.0171066 0.0600549 0.278441
0 0.178294 0.658774 0.015983 0.0592083 0.27835
0 0.57572 0.392713 0.014057 0.0468458 0.272038
0 0.544971 0.695866 0.0168372 0.0713784 0.269192
0 0.572604 0.467476 0.0141601 0.0519268 0.262999
0 0.0800106 0.499653 0.00934126 0.0463291 0.261599
0 0.570159 0.541068 0.0124578 0.0532099 0.259847
2 0.286242 0.230223 0.043529 0.0637763 0.776256
2 0.114 0.227046 0.0356751 0.0517678 0.578071
62 0.491976 0.127718 0.117999 0.13984 0.434552
0 0.951839 0.91186 0.0149166 0.0680222 0.433352
0 0.135143 0.483536 0.0148296 0.0525653 0.387471
0 0.1095 0.743667 0.0144495 0.0634493 0.361894
2 0.861959 0.916615 0.0724607 0.105348 0.361124
0 0.416948 0.687016 0.0134493 0.057794 0.353404
0 0.199245 0.645005 0.0145291 0.0624983 0.340183
0 0.255654 0.53716 0.0164392 0.056359 0.333135
0 0.536158 0.431024 0.0101654 0.0515776 0.320646
0 0.669851 0.403159 0.014996 0.0468399 0.319154
0 0.152949 0.455831 0.0113362 0.0521896 0.306147
0 0.357871 0.357584 0.00973997 0.0462543 0.296716
0 0.161297 0.645667 0.0113286 0.0463808 0.296058
0 0.442146 0.435501 0.0171066 0.0600549 0.278441
0 0.178294 0.658774 0.015983 0.0592083 0.27835
0 0.57572 0.392713 0.014057 0.0468458 0.272038
0 0.544971 0.695866 0.0168372 0.0713784 0.269192
0 0.572604 0.467476 0.0141601 0.0519268 0.262999
0 0.0800106 0.499653 0.00934126 0.0463291 0.261599
0 0.570159 0.541068 0.0124578 0.0532099 0.259847
2 0.286242 0.230223 0.043529 0.0637763 0.776256
2 0.114 0.227046 0.0356751 0.0517678 0.578071
62 0.491976 0.127718 0.117999 0.13984 0.434552
0 0.951839 0.91186 0.0149166 0.0680222 0.433352
0 0.135143 0.483536 0.0148296 0.0525653 0.387471
0 0.1095 0.743667 0.0144495 0.0634493 0.361894
2 0.861959 0.916615 0.0724607 0.105348 0.361124
0 0.416948 0.687016 0.0134493 0.057794 0.353404
0 0.199245 0.645005 0.0145291 0.0624983 0.340183
0 0.255654 0.53716 0.0164392 0.056359 0.333135
0 0.536158 0.431024 0.0101654 0.0515776 0.320646
0 0.669851 0.403159 0.014996 0.0468399 0.319154
0 0.152949 0.455831 0.0113362 0.0521896 0.306147
0 0.357871 0.357584 0.00973997 0.0462543 0.296716
0 0.161297 0.645667 0.0113286 0.0463808 0.296058
0 0.442146 0.435501 0.0171066 0.0600549 0.278441
0 0.178294 0.658774 0.015983 0.0592083 0.27835
0 0.57572 0.392713 0.014057 0.0468458 0.272038
0 0.544971 0.695866 0.0168372 0.0713784 0.269192
0 0.572604 0.467476 0.0141601 0.0519268 0.262999
0 0.0800106 0.499653 0.00934126 0.0463291 0.261599
0 0.570159 0.541068 0.0124578 0.0532099 0.259847
