5 0.2374 0.20911 0.0859983 0.140947 0.879078
2 0.795602 0.906692 0.098617 0.145842 0.851606
2 0.558832 0.462585 0.0778647 0.0631382 0.835097
2 0.112429 0.579879 0.0827967 0.0865072 0.826535
2 0.316225 0.646526 0.0854729 0.0870121 0.825573
2 0.664001 0.407993 0.066407 0.0648707 0.805401
2 0.234049 0.474766 0.056045 0.0717717 0.78474
2 0.319607 0.571632 0.0908257 0.0747708 0.774845
2 0.295093 0.23214 0.0423232 0.0660065 0.717939
2 0.7604 0.414167 0.0583164 0.0708263 0.711545
2 0.806163 0.33036 0.0504863 0.0578487 0.689531
2 0.108332 0.675292 0.0910914 0.0755241 0.610216
2 0.599 0.632638 0.041218 0.0987421 0.57783
3 0.228922 0.610548 0.0329659 0.0559842 0.470915
9 0.28791 0.79589 0.0338176 0.0497796 0.4282
9 0.121872 0.380252 0.0133857 0.0407038 0.418529
2 0.183969 0.160597 0.0298111 0.0592339 0.406588
2 0.153826 0.125338 0.0386556 0.0572473 0.384237
62 0.492329 0.139993 0.11673 0.129968 0.36132
9 0.155034 0.914985 0.00838466 0.0422845 0.324688
