2 0.185843 0.913274 0.103671 0.1275 0.62335
0 0.78139 0.725554 0.0140442 0.0557036 0.595763
0 0.058543 0.529384 0.0102413 0.0543523 0.516318
0 0.179277 0.38558 0.0131151 0.0499181 0.512747
5 0.757969 0.779847 0.0853908 0.119354 0.465893
9 0.286879 0.798675 0.0335911 0.0548781 0.420265
9 0.141207 0.249315 0.0107665 0.0502178 0.388721
2 0.757918 0.780243 0.0847751 0.118991 0.368182
9 0.734768 0.608244 0.0138814 0.0380576 0.365411
9 0.117082 0.268611 0.0149539 0.0330585 0.356402
0 0.144395 0.427153 0.0112136 0.0489783 0.321573
0 0.157978 0.349725 0.0129558 0.0522411 0.316608
9 0.624194 0.247889 0.0206826 0.0669696 0.315498
0 0.744539 0.691283 0.013177 0.0558723 0.299117
0 0.956758 0.772087 0.0154266 0.0567576 0.293001
9 0.58323 0.287608 0.0147374 0.0364309 0.291122
9 0.993277 0.374724 0.0126717 0.105773 0.272949
