2 0.163263 0.703937 0.0993598 0.0999295 0.885846
2 0.371429 0.542658 0.0856894 0.0864409 0.852555
2 0.632552 0.46004 0.0591708 0.0765557 0.8298
2 0.546584 0.436235 0.0706125 0.0747564 0.822449
2 0.264518 0.263106 0.0444981 0.0677005 0.81003
2 0.311206 0.250228 0.0443346 0.063466 0.805395
2 0.555099 0.537229 0.095027 0.111283 0.803645
5 0.238801 0.14487 0.0790095 0.125148 0.782242
5 0.121863 0.0667086 0.0701468 0.105469 0.714633
2 0.0345108 0.635298 0.0686011 0.0594647 0.661164
7 0.205086 0.164324 0.0716181 0.131417 0.657371
5 0.738206 0.922191 0.259727 0.152725 0.652142
0 0.00667344 0.553275 0.013321 0.0752248 0.40116
5 0.538716 0.295322 0.130689 0.0827074 0.380783
9 0.156042 0.914612 0.00978947 0.0410288 0.369632
2 0.90394 0.967032 0.104836 0.0632473 0.258493
0 0.106399 0.508221 0.0133656 0.0635012 0.256082
