2 0.16884 0.897332 0.0961055 0.102641 0.792749
2 0.202733 0.172753 0.0425331 0.0691526 0.780469
2 0.0223211 0.599456 0.0443362 0.0598349 0.73706
2 0.228103 0.300881 0.039817 0.0521843 0.721728
2 0.156043 0.194174 0.0392769 0.0550552 0.513454
2 0.175578 0.300808 0.0363028 0.0615282 0.510621
5 0.536654 0.313296 0.124539 0.0876728 0.475953
0 0.129626 0.469007 0.0132828 0.0511915 0.385524
62 0.49233 0.124661 0.118615 0.138924 0.360632
0 0.118078 0.492383 0.0121746 0.0515934 0.358294
5 0.0621484 0.406876 0.124297 0.173343 0.355148
0 0.0731314 0.535729 0.0118917 0.0619015 0.348203
0 0.0923194 0.517379 0.00973659 0.0549327 0.340282
9 0.28789 0.797418 0.0323035 0.0550922 0.330889
0 0.101882 0.51546 0.0113071 0.0572053 0.330391
0 0.364895 0.943861 0.033563 0.0951416 0.326903
9 0.582956 0.284827 0.015142 0.0335 0.28079
9 0.735281 0.607787 0.014596 0.0385222 0.279537
