2 0.230563 0.29885 0.0458963 0.0536747 0.79644
5 0.448892 0.357692 0.149313 0.172462 0.789047
5 0.370976 0.377964 0.072398 0.141796 0.768128
5 0.111968 0.0513909 0.0505813 0.0905867 0.764897
2 0.333361 0.284371 0.0472493 0.067048 0.763153
2 0.228453 0.413301 0.0422882 0.0645845 0.756268
2 0.284408 0.405366 0.0341733 0.0673338 0.691528
7 0.238697 0.206879 0.0861395 0.148906 0.655448
62 0.492059 0.134755 0.118446 0.1483 0.608331
2 0.300003 0.509922 0.0407584 0.0776181 0.59379
2 0.18473 0.334567 0.042444 0.0558608 0.501806
7 0.26598 0.944987 0.0584812 0.10524 0.481705
2 0.167792 0.138059 0.0379172 0.0534262 0.4394
9 0.28752 0.799988 0.0332431 0.0496596 0.406986
9 0.155796 0.915517 0.00852194 0.0387677 0.399676
5 0.239078 0.206956 0.0854489 0.149479 0.383913
0 0.612508 0.577305 0.0137363 0.0414561 0.377635
9 0.736908 0.614212 0.0121244 0.0420297 0.298899
9 0.584286 0.286527 0.0109562 0.0325946 0.262474
