2 0.237955 0.333807 0.0396054 0.0645327 0.807359
5 0.251621 0.234112 0.0579182 0.107083 0.771482
2 0.2007 0.180613 0.0431771 0.0605191 0.754044
5 0.250072 0.139061 0.0801287 0.105154 0.742158
2 0.172089 0.228173 0.037929 0.050579 0.736063
2 0.164421 0.131307 0.0432783 0.0650733 0.733809
5 0.11077 0.199188 0.036337 0.0974949 0.712069
2 0.286497 0.224845 0.0458807 0.0728147 0.487745
2 0.563705 0.456255 0.0293225 0.0502975 0.426468
62 0.491328 0.129431 0.119665 0.136806 0.408636
0 0.137022 0.974935 0.0247714 0.0493863 0.338432
0 0.128543 0.534055 0.0161747 0.0391541 0.298152
0 0.110992 0.977732 0.0144143 0.0440847 0.271563
9 0.155403 0.914839 0.00851171 0.0414341 0.260247
