2 0.0830426 0.579028 0.0911378 0.0819875 0.804041
2 0.252418 0.249682 0.0417081 0.0648024 0.787904
2 0.302634 0.239436 0.0442265 0.0667998 0.783568
2 0.797778 0.844345 0.0887572 0.121688 0.749552
2 0.265132 0.197538 0.0407385 0.0540234 0.691398
2 0.83036 0.402703 0.0537966 0.0635127 0.625502
9 0.289816 0.79399 0.0374588 0.0516256 0.53046
0 0.822757 0.587548 0.0126783 0.058411 0.465395
0 0.801291 0.560468 0.01654 0.055596 0.439342
9 0.1559 0.911863 0.00915718 0.043006 0.435468
0 0.0804737 0.499374 0.0137032 0.0625593 0.425537
0 0.176578 0.67127 0.0198764 0.0595777 0.397178
62 0.492332 0.127677 0.117854 0.134643 0.393636
0 0.833531 0.5832 0.0139578 0.0675305 0.332753
5 0.769979 0.258895 0.111268 0.126306 0.318702
9 0.735607 0.607821 0.0140372 0.0434143 0.309528
0 0.119052 0.507645 0.0156178 0.0768977 0.295609
5 0.578705 0.912715 0.39265 0.162581 0.267903
9 0.116455 0.266818 0.0140655 0.0337185 0.260409
0 0.219548 0.662203 0.019322 0.0819765 0.259964
0 0.832069 0.57275 0.0143929 0.0599067 0.259551
9 0.571472 0.225596 0.0144033 0.046243 0.254776
9 0.140344 0.248182 0.0330246 0.0556074 0.251525
