2 0.477156 0.383438 0.0714039 0.0716426 0.843523
2 0.791179 0.829854 0.0888887 0.131556 0.79048
2 0.209728 0.912683 0.0733452 0.112191 0.71862
2 0.18129 0.32349 0.0326177 0.0651759 0.711467
9 0.155512 0.91116 0.00975657 0.0426225 0.546075
2 0.0866202 0.838413 0.0558716 0.0895259 0.507874
0 0.364511 0.94125 0.0315154 0.0917825 0.498775
0 0.147202 0.385532 0.0128758 0.0554786 0.494468
9 0.142151 0.24952 0.0120551 0.0501758 0.450896
9 0.288294 0.796621 0.0351649 0.0574792 0.450219
9 0.583063 0.28569 0.0142942 0.0373397 0.433883
9 0.624892 0.250083 0.0206807 0.0793478 0.393332
9 0.117343 0.265881 0.0143642 0.0368418 0.361531
0 0.722422 0.689199 0.0107113 0.0548002 0.338017
0 0.433349 0.332504 0.00941906 0.0448857 0.33347
9 0.734574 0.613415 0.0167267 0.0550437 0.28208
2 0.70467 0.349065 0.0632229 0.0618635 0.261892
