2 0.707578 0.801363 0.0762409 0.121158 0.687164
0 0.827147 0.721597 0.0139271 0.0648604 0.685273
0 0.840902 0.738288 0.014967 0.0726376 0.636852
2 0.273488 0.975892 0.0713914 0.0477797 0.58375
0 0.821309 0.618945 0.0166351 0.0624229 0.566526
0 0.897219 0.653463 0.0174681 0.0616224 0.519023
0 0.715432 0.671811 0.0145699 0.0647042 0.504222
0 0.119143 0.490306 0.0150299 0.0616415 0.489219
0 0.0865114 0.508853 0.0145005 0.0618729 0.441592
0 0.981903 0.611192 0.013179 0.0542544 0.428533
0 0.796347 0.492487 0.0103721 0.0477988 0.386759
0 0.935621 0.547659 0.0174965 0.050983 0.383284
0 0.786641 0.733078 0.0161535 0.0687598 0.374383
9 0.0344879 0.203151 0.0147431 0.036952 0.335918
0 0.106817 0.512142 0.013839 0.049478 0.316802
0 0.365397 0.942991 0.0327309 0.0972209 0.312343
2 0.824388 0.398506 0.0335348 0.0550261 0.312279
0 0.125536 0.97438 0.019188 0.0507914 0.302038
0 0.0582662 0.524466 0.0128398 0.0576038 0.281466
0 0.798968 0.663238 0.0124537 0.0567559 0.266733
