2 0.116529 0.21679 0.0327002 0.0494646 0.72786
0 0.892926 0.623372 0.0133196 0.0544696 0.497591
62 0.49176 0.125576 0.117334 0.134333 0.455634
9 0.0351678 0.201301 0.0166193 0.039386 0.449453
0 0.420874 0.307979 0.0109952 0.0513254 0.430667
0 0.857232 0.585175 0.0123087 0.0609734 0.41764
9 0.7352 0.608795 0.00755234 0.028449 0.41048
2 0.15524 0.287883 0.0307109 0.0508536 0.364123
0 0.904435 0.621248 0.011858 0.0549055 0.358489
0 0.923217 0.624665 0.0115601 0.0565072 0.350428
0 0.787884 0.696402 0.0118557 0.0361338 0.346974
0 0.804649 0.702338 0.0154362 0.0836231 0.341682
9 0.624269 0.50138 0.0280599 0.0683648 0.332497
0 0.156793 0.461721 0.0124887 0.0523519 0.321031
0 0.934183 0.880437 0.0157375 0.0692307 0.319255
0 0.930631 0.631637 0.0134182 0.0620305 0.312653
0 0.517321 0.370394 0.00944624 0.0484526 0.287192
0 0.455341 0.324163 0.0101833 0.0334238 0.271846
0 0.0553521 0.315918 0.00925972 0.0435269 0.262937
0 0.869884 0.562163 0.0142174 0.0605596 0.257188
5 0.765916 0.26283 0.118256 0.137052 0.250383
