5 0.234155 0.138894 0.07763 0.123166 0.85988
2 0.248561 0.901771 0.0532051 0.11726 0.85792
5 0.0864225 0.0369839 0.0646842 0.0739677 0.831379
2 0.319325 0.257656 0.0491809 0.0730459 0.758161
2 0.147405 0.188207 0.03879 0.050229 0.700915
2 0.177359 0.259837 0.0374326 0.0529679 0.684639
2 0.0987436 0.214932 0.0425787 0.0482305 0.675232
62 0.491862 0.129132 0.117886 0.13552 0.546125
0 0.011726 0.570639 0.015279 0.0591405 0.469559
2 0.169287 0.146215 0.0385952 0.056586 0.398513
0 0.694893 0.873651 0.0150414 0.0637126 0.379614
2 0.124657 0.136967 0.0422265 0.0630754 0.344559
2 0.745273 0.325559 0.0610233 0.0554344 0.337711
5 0.768637 0.274061 0.113362 0.160133 0.31228
0 0.0892168 0.525285 0.0134667 0.0605711 0.261749
