2 0.238367 0.648956 0.0877901 0.0874372 0.874328
2 0.451922 0.53778 0.077989 0.0853507 0.872414
2 0.267063 0.264666 0.045002 0.0543397 0.773568
2 0.711473 0.337753 0.0787006 0.0545617 0.771331
2 0.211429 0.19103 0.0423976 0.06931 0.771016
2 0.554844 0.452176 0.065553 0.0602147 0.764538
2 0.759439 0.400194 0.0657946 0.0635099 0.680442
2 0.140392 0.100095 0.0390723 0.0556229 0.657055
2 0.30777 0.244038 0.046096 0.0727727 0.637874
7 0.0596224 0.62115 0.086205 0.0818568 0.568749
2 0.169766 0.316207 0.0455489 0.0548833 0.53839
5 0.535733 0.286174 0.131897 0.0775763 0.517103
2 0.183855 0.155086 0.0230386 0.0537235 0.468069
2 0.0610596 0.621337 0.0833076 0.0824121 0.433946
2 0.669697 0.503905 0.0847219 0.133843 0.420682
2 0.832229 0.407608 0.0489735 0.042994 0.344766
2 0.106638 0.0650079 0.0338685 0.0504875 0.335222
62 0.492243 0.132109 0.117942 0.135692 0.304983
0 0.141936 0.809468 0.0155637 0.0558448 0.289535
2 0.0758172 0.0232455 0.0282844 0.045671 0.284068
9 0.155321 0.915371 0.00765803 0.0407493 0.281884
