5 0.552511 0.90835 0.218375 0.179117 0.908058
5 0.286112 0.2801 0.0917344 0.151799 0.891739
2 0.224165 0.297055 0.0418825 0.0597812 0.817939
2 0.367669 0.333109 0.053776 0.069721 0.814787
2 0.464811 0.39696 0.072753 0.0621167 0.784451
2 0.801463 0.342755 0.0552703 0.052887 0.782732
2 0.840122 0.969944 0.0806793 0.0582487 0.757214
2 0.18063 0.160012 0.0368981 0.0562944 0.751355
2 0.682129 0.783821 0.081424 0.120173 0.749537
2 0.462755 0.504485 0.0628705 0.0993611 0.735387
2 0.264911 0.379484 0.0432402 0.0790469 0.725663
2 0.130635 0.0870686 0.0360575 0.0577197 0.709688
2 0.0998836 0.214754 0.0416904 0.0504716 0.703433
2 0.171046 0.208161 0.0330655 0.0481734 0.687777
5 0.53549 0.2919 0.132247 0.0860443 0.627626
2 0.279427 0.756366 0.0482014 0.124217 0.607929
0 0.703211 0.880532 0.0143969 0.0572355 0.466213
62 0.491241 0.13135 0.119598 0.144144 0.454623
2 0.821835 0.288437 0.0286659 0.0455214 0.411333
2 0.273999 0.552878 0.0441864 0.107983 0.374552
7 0.273714 0.552514 0.0440298 0.107012 0.369527
5 0.0744859 0.0274837 0.0520219 0.0549674 0.284059
