5 0.275192 0.560687 0.199529 0.170213 0.929456
5 0.177277 0.0719423 0.0727602 0.108984 0.861447
2 0.647967 0.54648 0.0705135 0.0848004 0.85184
2 0.0931751 0.792614 0.0725539 0.0973409 0.851511
2 0.252894 0.241203 0.0414597 0.0655769 0.830883
2 0.228489 0.306074 0.0414144 0.0538816 0.829099
2 0.539096 0.509793 0.078173 0.0816143 0.827826
2 0.192577 0.685575 0.0923167 0.0921436 0.821452
2 0.69771 0.79406 0.0830975 0.123834 0.813949
2 0.437016 0.478638 0.0748365 0.0661132 0.800034
2 0.0402351 0.635074 0.0803566 0.0791263 0.795031
2 0.301469 0.23658 0.0391055 0.0662271 0.763933
2 0.664898 0.387345 0.0661401 0.0666268 0.76276
2 0.780933 0.391607 0.0537004 0.0682646 0.742298
2 0.210333 0.191324 0.0415907 0.0534965 0.739296
2 0.120902 0.0733338 0.0395223 0.0595647 0.708972
2 0.14577 0.185038 0.0408425 0.0575656 0.618767
2 0.156455 0.127215 0.0349614 0.0518897 0.601113
5 0.536417 0.290074 0.130265 0.0830817 0.559647
2 0.813594 0.29123 0.0475286 0.0611802 0.428138
0 0.403578 0.662796 0.013769 0.0570044 0.306208
0 0.740635 0.684519 0.0133974 0.0624098 0.255612
