2 0.194749 0.501943 0.0637609 0.0759448 0.846869
2 0.261079 0.250113 0.0413885 0.066022 0.821576
2 0.176775 0.206668 0.0366643 0.0582944 0.735552
5 0.759611 0.311715 0.0751268 0.0777652 0.717052
2 0.108085 0.218714 0.0408208 0.0525461 0.687025
5 0.104707 0.0881753 0.0636182 0.117195 0.683456
2 0.142416 0.168512 0.043447 0.0615518 0.610237
2 0.217221 0.195404 0.0375609 0.058468 0.517126
5 0.538106 0.291101 0.131568 0.0839265 0.514313
2 0.812991 0.291196 0.0474176 0.0536463 0.498535
2 0.759533 0.311553 0.0757251 0.0772716 0.455325
2 0.169848 0.145046 0.0408447 0.0565724 0.444847
9 0.155427 0.914018 0.00859675 0.039169 0.39708
0 0.670578 0.864398 0.0164446 0.0673899 0.368575
5 0.0217352 0.115412 0.0426921 0.227756 0.360932
0 0.0916827 0.53118 0.0128626 0.0639644 0.34802
