2 0.810286 0.365408 0.0440674 0.067974 0.745152
2 0.841064 0.406032 0.0443756 0.0458419 0.604539
0 0.745476 0.663223 0.0127478 0.0622099 0.565636
0 0.927686 0.603545 0.0154341 0.0635205 0.531854
0 0.858453 0.695179 0.0120405 0.0581933 0.527483
0 0.364702 0.823063 0.0160722 0.0513138 0.515903
9 0.0348169 0.200485 0.0148127 0.0356959 0.491751
0 0.0804864 0.550898 0.0128697 0.056321 0.481526
0 0.590006 0.756868 0.0177044 0.0693704 0.470977
0 0.308479 0.367727 0.0138161 0.0456832 0.451585
0 0.285073 0.602823 0.0123041 0.0619384 0.450279
0 0.759868 0.65906 0.0138723 0.0638423 0.449847
0 0.734486 0.594689 0.012979 0.0518636 0.435447
0 0.659388 0.858816 0.0148922 0.069397 0.381957
0 0.79243 0.5286 0.0153063 0.0607586 0.372297
0 0.790197 0.610896 0.0126872 0.0417526 0.371827
0 0.0833989 0.468895 0.0132974 0.0582295 0.369036
0 0.958886 0.544146 0.0103981 0.0513012 0.345407
0 0.603939 0.760198 0.0142385 0.0673047 0.345396
62 0.491748 0.125541 0.117674 0.135798 0.338674
0 0.163717 0.598119 0.0171159 0.0560114 0.315589
0 0.514025 0.361211 0.0115448 0.0458705 0.31384
0 0.33483 0.618059 0.0113349 0.0537557 0.306383
0 0.327399 0.838107 0.0158268 0.0562156 0.290726
0 0.98518 0.471928 0.0143427 0.0364027 0.283586
0 0.498898 0.781228 0.0196119 0.0814792 0.270396
