2 0.288599 0.223224 0.0523791 0.0871785 0.748451
2 0.208949 0.133966 0.0396097 0.0584365 0.736313
2 0.813736 0.375735 0.0379883 0.0576609 0.716284
2 0.843045 0.408566 0.0351494 0.0435391 0.515685
0 0.413402 0.635294 0.0135328 0.0570921 0.513617
5 0.022801 0.12037 0.0448352 0.235241 0.452809
0 0.317134 0.87881 0.0176676 0.0698513 0.449815
0 0.106788 0.631769 0.0133403 0.0612158 0.438989
0 0.619978 0.660273 0.0128559 0.0555071 0.425877
9 0.288247 0.793386 0.0346219 0.0500658 0.40302
9 0.155957 0.913671 0.00937805 0.0405155 0.394099
0 0.114991 0.622945 0.0147852 0.0540239 0.374297
0 0.446418 0.550076 0.0148905 0.0565926 0.34274
0 0.46998 0.590523 0.0117914 0.0602032 0.337638
0 0.221042 0.898193 0.0165612 0.0632473 0.332293
0 0.172737 0.420904 0.0135475 0.0516086 0.331232
0 0.0639359 0.535232 0.0160127 0.0542365 0.32975
0 0.55302 0.768587 0.0147915 0.0552612 0.316916
9 0.624202 0.241066 0.0208348 0.06152 0.307982
0 0.756952 0.749709 0.0184612 0.0794776 0.305423
0 0.615543 0.776668 0.0141391 0.0631249 0.293537
0 0.259039 0.875248 0.0291281 0.0920383 0.285244
0 0.368366 0.380208 0.0111323 0.044821 0.265423
0 0.358328 0.451743 0.0145397 0.0508912 0.264705
0 0.565384 0.594381 0.0126722 0.0505514 0.262943
0 0.378404 0.378555 0.0111091 0.0488622 0.250042
