2 0.442737 0.470078 0.0607565 0.0998511 0.828887
2 0.236806 0.314823 0.0469165 0.0669365 0.819488
2 0.72135 0.836544 0.0881823 0.129196 0.784761
2 0.335124 0.490598 0.0377182 0.0705192 0.77283
2 0.314435 0.314514 0.0489849 0.0823409 0.75166
2 0.267614 0.187271 0.040969 0.04907 0.733564
2 0.189372 0.165512 0.0380564 0.0581637 0.732485
2 0.177124 0.224355 0.0452881 0.0612898 0.712232
2 0.237305 0.952567 0.102327 0.0934662 0.710733
2 0.269548 0.408941 0.0301227 0.0562949 0.685323
5 0.0922298 0.0215425 0.062585 0.0423752 0.547535
5 0.0218264 0.123526 0.0431839 0.243399 0.518827
62 0.490729 0.131575 0.119702 0.13981 0.327147
5 0.188276 0.0837684 0.0462828 0.0703389 0.324624
9 0.155208 0.914444 0.00862138 0.0416758 0.29197
0 0.69477 0.882221 0.0136337 0.0564473 0.290948
0 0.911666 0.907722 0.0160519 0.0738522 0.27506
