2 0.199054 0.302893 0.0302805 0.0548665 0.738917
2 0.15191 0.281296 0.046347 0.0639619 0.598721
7 0.241595 0.212953 0.0894967 0.151209 0.562124
62 0.492505 0.138876 0.115837 0.141436 0.513202
5 0.534744 0.306317 0.126724 0.116888 0.51059
7 0.2691 0.176401 0.0415847 0.0688939 0.482155
9 0.297644 0.818443 0.0149503 0.055535 0.450713
2 0.797841 0.382217 0.0651424 0.0810509 0.368975
5 0.757293 0.26574 0.0950353 0.128518 0.295846
2 0.188281 0.16499 0.0276695 0.055762 0.289174
0 0.943963 0.947233 0.0168884 0.0513543 0.25807
