5 0.368684 0.574226 0.195817 0.214533 0.943962
2 0.580709 0.479236 0.0818241 0.093949 0.874293
2 0.168978 0.562936 0.0773381 0.0817541 0.85403
2 0.247374 0.247105 0.0466771 0.0553841 0.837407
5 0.17706 0.127991 0.0786853 0.142038 0.748222
2 0.700872 0.426086 0.0660657 0.0689306 0.732491
62 0.492053 0.1286 0.117795 0.136412 0.645323
2 0.0331684 0.640911 0.0656241 0.0484912 0.641831
2 0.30159 0.237104 0.0479742 0.0715723 0.626141
5 0.539513 0.285818 0.134419 0.0768332 0.605404
2 0.795558 0.429685 0.0901747 0.0957752 0.595148
2 0.12541 0.0824536 0.0335923 0.058053 0.556457
2 0.516429 0.467991 0.0332012 0.047101 0.52466
2 0.0842452 0.0347496 0.0366559 0.0575253 0.433084
0 0.604882 0.69878 0.0118377 0.055855 0.322519
9 0.15541 0.915205 0.0091579 0.0425615 0.301268
2 0.115281 0.231149 0.0325602 0.0470296 0.256193
