7 0.803841 0.354733 0.0660353 0.106174 0.75974
7 0.82184 0.871793 0.112595 0.17483 0.74991
2 0.258058 0.266217 0.0436169 0.0622019 0.644988
0 0.739213 0.737244 0.0136255 0.0521254 0.562858
0 0.283436 0.680413 0.0157231 0.0593474 0.508809
0 0.783594 0.905086 0.0205096 0.0733619 0.476502
0 0.833142 0.718205 0.0164051 0.0668389 0.475643
0 0.879354 0.616958 0.0160118 0.0639499 0.441923
0 0.52078 0.69332 0.0236985 0.064385 0.422043
0 0.330428 0.628155 0.0127014 0.0527747 0.38622
62 0.491918 0.13085 0.11792 0.145688 0.334213
0 0.363784 0.632377 0.0157227 0.0613132 0.314549
9 0.0346084 0.203058 0.0133949 0.0337223 0.275994
0 0.039806 0.627785 0.0194777 0.0511917 0.269969
0 0.357119 0.718402 0.0138166 0.0558058 0.266441
0 0.834439 0.664131 0.0162239 0.0466256 0.266148
0 0.756537 0.624484 0.0163223 0.0595825 0.252926
