2 0.325718 0.268361 0.0452877 0.0675969 0.791608
0 0.157961 0.445759 0.0120013 0.0506587 0.589903
2 0.2506 0.244138 0.0482626 0.077437 0.549258
0 0.780453 0.660635 0.013506 0.0597835 0.505663
2 0.694432 0.342684 0.0559448 0.0589359 0.456213
0 0.365288 0.943512 0.0340734 0.0954912 0.43335
0 0.970231 0.579673 0.0132505 0.0512222 0.402926
0 0.934823 0.584717 0.0133167 0.0526032 0.375507
0 0.898464 0.699708 0.0122082 0.0596556 0.344819
0 0.855887 0.84079 0.015896 0.0655465 0.340589
0 0.783671 0.728297 0.0131212 0.0558645 0.340431
0 0.780937 0.727453 0.0165152 0.054795 0.332744
0 0.85954 0.608537 0.0119186 0.0676526 0.326343
0 0.0929077 0.452767 0.0130533 0.0412341 0.319689
62 0.491191 0.128159 0.118272 0.134269 0.303119
0 0.77088 0.561262 0.0124247 0.0544612 0.28386
0 0.75382 0.528441 0.012368 0.0518926 0.276767
0 0.940024 0.528478 0.0107235 0.0542172 0.276516
5 0.250487 0.24414 0.0478154 0.0770232 0.26763
0 0.797615 0.550352 0.0127565 0.0577113 0.255851
