2 0.170254 0.54301 0.0729909 0.0782594 0.84208
2 0.249248 0.248425 0.0459592 0.0596703 0.821155
5 0.18178 0.138377 0.0796145 0.125129 0.818613
2 0.307938 0.245449 0.043657 0.0648446 0.809606
5 0.0619618 0.407678 0.123806 0.168996 0.764856
2 0.176609 0.224195 0.0348803 0.0557346 0.748919
0 0.167691 0.436971 0.0110922 0.0510916 0.638002
0 0.0663689 0.519397 0.0144061 0.0533679 0.551279
0 0.943978 0.726801 0.012656 0.062797 0.528574
0 0.107634 0.479993 0.0159406 0.0570489 0.424521
0 0.817822 0.735567 0.0127975 0.0562236 0.422303
0 0.105816 0.483647 0.012267 0.0498664 0.349192
0 0.847946 0.572768 0.0138195 0.0558172 0.327463
0 0.796152 0.670062 0.0127897 0.0542657 0.304425
0 0.733413 0.625206 0.0126352 0.0624405 0.299844
0 0.792261 0.609084 0.01543 0.0537535 0.285049
0 0.0533065 0.523814 0.0131156 0.0490039 0.2843
0 0.364501 0.941627 0.0312816 0.0934533 0.280976
0 0.87771 0.65936 0.011323 0.0517068 0.277852
0 0.867006 0.497194 0.0107456 0.0568061 0.277479
5 0.0993297 0.185514 0.0620176 0.105289 0.275725
7 0.0996597 0.186236 0.0614146 0.105985 0.264812
9 0.0352076 0.203416 0.0160366 0.0334245 0.260602
0 0.801125 0.766776 0.0126541 0.0659717 0.260441
