5 0.237753 0.214603 0.0601673 0.108951 0.845842
2 0.305331 0.25025 0.046348 0.0621094 0.838627
5 0.243845 0.154465 0.0781939 0.120264 0.823575
2 0.162388 0.121922 0.039087 0.0595381 0.769467
2 0.188384 0.168939 0.0393772 0.0561911 0.704401
2 0.712047 0.335104 0.0784204 0.0550061 0.684487
2 0.129795 0.0834894 0.032101 0.0549711 0.586303
2 0.148173 0.27753 0.0280123 0.0421618 0.53818
62 0.492106 0.130488 0.117655 0.137377 0.440659
5 0.532965 0.292723 0.13542 0.0900539 0.378557
5 0.083761 0.0313525 0.0442349 0.0627001 0.364489
0 0.0727399 0.54176 0.0144548 0.0542354 0.362218
5 0.0597251 0.402198 0.11945 0.160397 0.342646
0 0.930531 0.907338 0.0146355 0.0649473 0.320777
0 0.364751 0.945949 0.0330644 0.09728 0.286769
