2 0.13035 0.701679 0.107697 0.115648 0.88568
2 0.410715 0.583512 0.078646 0.092392 0.846776
2 0.258427 0.254701 0.0435413 0.0650411 0.819163
2 0.635824 0.374008 0.0651257 0.0543766 0.789725
5 0.216658 0.448037 0.130208 0.19771 0.742383
2 0.712664 0.334563 0.0773054 0.0556069 0.738663
3 0.155348 0.750607 0.037464 0.0618632 0.493241
5 0.526861 0.291612 0.116497 0.0852181 0.464603
0 0.104198 0.61996 0.0177286 0.0575195 0.436096
62 0.487873 0.130438 0.125712 0.146262 0.411426
3 0.510086 0.460077 0.0272667 0.0533176 0.349897
9 0.283611 0.408637 0.0131948 0.0682262 0.296435
2 0.102798 0.197478 0.0215816 0.0435187 0.274607
0 0.0179888 0.540458 0.0127506 0.0515274 0.274184
2 0.155582 0.749453 0.0384086 0.0620036 0.271157
0 0.36522 0.945495 0.0335195 0.0960419 0.268902
2 0.0522067 0.115935 0.025149 0.0343291 0.252835
