0 0.754506 0.714903 0.0129004 0.0566264 0.622085
0 0.102717 0.539893 0.013375 0.057022 0.569385
9 0.0348105 0.199764 0.0152846 0.0390756 0.546308
0 0.574703 0.955371 0.0177422 0.0724338 0.486628
0 0.954939 0.678258 0.0156382 0.0629088 0.458047
0 0.537243 0.356867 0.0102901 0.0471825 0.453293
0 0.941963 0.677322 0.0134777 0.0620043 0.43384
0 0.154324 0.42454 0.0107959 0.0531247 0.42912
0 0.36531 0.944609 0.0337271 0.0991296 0.420616
0 0.120707 0.534216 0.0140318 0.047379 0.390532
0 0.177851 0.431948 0.0143381 0.0805406 0.360534
9 0.156131 0.911564 0.00891757 0.0423455 0.34613
0 0.806388 0.612813 0.0150585 0.0636437 0.3452
0 0.794056 0.747973 0.0145417 0.0817134 0.305833
0 0.967452 0.766473 0.0154072 0.0557644 0.288331
