2 0.14877 0.703769 0.0956302 0.103374 0.878656
5 0.525797 0.451717 0.16463 0.148386 0.822297
5 0.0993938 0.0435869 0.0667785 0.0871739 0.769943
2 0.352602 0.505919 0.0757335 0.0678521 0.751676
2 0.244739 0.2472 0.044065 0.0583807 0.737824
62 0.492148 0.140116 0.119319 0.139999 0.629324
2 0.251068 0.185592 0.0425204 0.0535556 0.605886
5 0.76984 0.261464 0.115313 0.126615 0.569103
2 0.286319 0.245594 0.0425649 0.0772145 0.532007
3 0.325486 0.720115 0.0355218 0.0623023 0.522764
9 0.288295 0.793786 0.0379665 0.055698 0.475393
2 0.7066 0.425791 0.0553976 0.0855464 0.412869
5 0.490871 0.446566 0.233456 0.155837 0.411836
0 0.363058 0.948453 0.038293 0.0997142 0.331477
9 0.735933 0.613853 0.0136969 0.0466341 0.317267
0 0.700903 0.87186 0.0146161 0.0655901 0.271723
0 0.90115 0.837742 0.0174973 0.07031 0.271674
