2 0.219495 0.204134 0.0368163 0.0580017 0.709113
2 0.135397 0.0917563 0.0386264 0.0485164 0.67262
0 0.381216 0.67935 0.0128131 0.0564078 0.654837
0 0.71326 0.845621 0.01905 0.0677838 0.472503
0 0.842044 0.743557 0.0138283 0.0615106 0.443835
0 0.568917 0.711999 0.0172216 0.0655989 0.409536
0 0.15697 0.435266 0.014406 0.053309 0.348205
0 0.260756 0.585458 0.0210561 0.0569929 0.3385
62 0.491667 0.125503 0.117813 0.136077 0.310454
0 0.0761321 0.548538 0.0148602 0.0490317 0.305576
0 0.516529 0.827267 0.017353 0.0919322 0.295487
0 0.966553 0.479541 0.0165051 0.0410595 0.294025
0 0.393284 0.504711 0.0133632 0.0462475 0.278003
0 0.330586 0.582415 0.015973 0.0618791 0.268572
0 0.180658 0.349846 0.0129986 0.0495655 0.267343
0 0.106901 0.91973 0.0157776 0.0590146 0.267082
0 0.195399 0.527562 0.015639 0.0590173 0.264009
0 0.513097 0.488144 0.0175426 0.0481776 0.256802
0 0.183896 0.429192 0.0152155 0.069642 0.253946
