2 0.258381 0.24118 0.0442298 0.0669302 0.800357
2 0.261841 0.172255 0.0405109 0.0618222 0.789414
2 0.189356 0.088481 0.0374501 0.0455876 0.750971
2 0.100759 0.0523373 0.0342769 0.0484501 0.740092
0 0.0822707 0.505291 0.0116408 0.0527208 0.614675
0 0.169567 0.473832 0.0130658 0.05555 0.539594
9 0.155974 0.912399 0.00878158 0.0392548 0.50139
0 0.0996839 0.494828 0.0156655 0.06033 0.47226
0 0.268719 0.853402 0.0124007 0.0629845 0.465674
2 0.809767 0.367488 0.0385323 0.057426 0.426883
0 0.138397 0.480539 0.00987434 0.0548647 0.403391
9 0.117078 0.266621 0.0151766 0.0359912 0.384429
9 0.572329 0.226213 0.015307 0.0447214 0.377288
9 0.28901 0.795441 0.0356307 0.0505686 0.360801
9 0.735652 0.611732 0.0144655 0.0484133 0.359226
5 0.0642987 0.408568 0.128597 0.183873 0.348282
0 0.147023 0.480941 0.012891 0.0548801 0.317141
9 0.290587 0.800273 0.0312951 0.0398732 0.302338
0 0.141821 0.48077 0.0144704 0.0547006 0.295766
62 0.492105 0.126455 0.117836 0.140662 0.281258
9 0.142155 0.250376 0.0138078 0.0503727 0.276605
9 0.583353 0.287878 0.0158987 0.0454185 0.259071
9 0.623607 0.229777 0.0163673 0.0390219 0.254838
