2 0.413946 0.603508 0.0816199 0.0966117 0.775623
2 0.634308 0.558549 0.0652805 0.0932422 0.766379
2 0.09942 0.775919 0.0785297 0.1178 0.752599
2 0.248572 0.244904 0.0415592 0.0623786 0.728861
2 0.250095 0.340181 0.0378899 0.0630844 0.677696
2 0.588914 0.516973 0.0758396 0.0815928 0.638707
2 0.738542 0.384664 0.0584353 0.063967 0.58201
62 0.492163 0.138186 0.118037 0.14112 0.581376
5 0.763531 0.260807 0.105103 0.122781 0.569248
2 0.213937 0.194027 0.0391864 0.0622336 0.474755
2 0.106162 0.2122 0.0312712 0.0553282 0.406056
2 0.300067 0.248988 0.0478679 0.0611106 0.346875
2 0.209816 0.515456 0.0662333 0.077445 0.344198
2 0.280895 0.201914 0.0374661 0.0556102 0.278313
2 0.180253 0.135983 0.0376333 0.0584996 0.277229
9 0.288596 0.795823 0.0345947 0.0513523 0.271624
