2 0.261421 0.261788 0.0455197 0.0650592 0.826204
2 0.219591 0.203491 0.0437923 0.062266 0.657837
62 0.492337 0.141063 0.11857 0.138828 0.64824
2 0.811497 0.369296 0.0396214 0.0619797 0.504095
0 0.349408 0.741841 0.0160757 0.058861 0.42095
2 0.110348 0.0637308 0.0363639 0.04949 0.401928
9 0.121846 0.376193 0.0114049 0.0342504 0.401532
0 0.616771 0.796 0.0160334 0.0692907 0.392217
5 0.288694 0.236001 0.0501198 0.0798624 0.381811
0 0.207718 0.540149 0.0152365 0.0504648 0.37763
5 0.766106 0.262198 0.114852 0.126157 0.330497
0 0.376119 0.839336 0.0153761 0.0643973 0.329636
0 0.0980338 0.839449 0.0178845 0.0677229 0.30605
2 0.0730123 0.0212523 0.0304513 0.0387303 0.281285
2 0.289216 0.23544 0.0493816 0.080673 0.277158
2 0.14865 0.116645 0.0292727 0.0346958 0.275533
