5 0.115143 0.690816 0.135159 0.167883 0.888032
2 0.563643 0.513435 0.0735489 0.0817583 0.856321
2 0.764458 0.391844 0.0702994 0.0770749 0.822933
5 0.659666 0.518789 0.104388 0.147975 0.822352
5 0.244392 0.217534 0.0867501 0.136269 0.816054
2 0.364923 0.502716 0.0745196 0.0734874 0.804068
5 0.16697 0.119191 0.0749185 0.119141 0.768504
2 0.0347464 0.632751 0.0694928 0.0561849 0.762073
2 0.110901 0.0626645 0.0432639 0.0695396 0.63548
0 0.744537 0.678675 0.0156284 0.0650384 0.587919
0 0.796558 0.728942 0.0153261 0.0639391 0.572141
0 0.78387 0.689671 0.0159842 0.0541833 0.524724
0 0.846955 0.621895 0.0114523 0.0594767 0.522583
0 0.831078 0.601078 0.017342 0.0581729 0.468326
0 0.691484 0.858887 0.014013 0.0682309 0.446918
0 0.797648 0.570218 0.0151477 0.0506492 0.409718
0 0.793097 0.506256 0.013011 0.0552204 0.331816
9 0.155288 0.912279 0.00925269 0.0418732 0.294389
0 0.953142 0.683412 0.0158594 0.0522284 0.29305
0 0.94984 0.543421 0.0154034 0.050668 0.282637
0 0.117881 0.967372 0.0139741 0.0647386 0.262025
