2 0.253554 0.253905 0.0425714 0.0693424 0.775259
5 0.822739 0.259713 0.0738729 0.115149 0.723113
2 0.713039 0.335668 0.0766706 0.0544151 0.546731
2 0.826797 0.373004 0.0209007 0.0354813 0.506427
2 0.220603 0.206067 0.0375077 0.0635987 0.463499
62 0.492117 0.129698 0.118456 0.139534 0.364214
5 0.89362 0.963446 0.118138 0.0719287 0.328563
5 0.536353 0.304527 0.127676 0.111408 0.324539
0 0.379378 0.577232 0.0157899 0.0603087 0.295737
0 0.202094 0.80587 0.0165094 0.0707591 0.286934
0 0.454406 0.783125 0.0109051 0.0491526 0.271302
0 0.466407 0.431984 0.0111814 0.0474343 0.256634
0 0.0793295 0.794649 0.014895 0.065715 0.252019
