5 0.156114 0.104413 0.0712448 0.134003 0.849316
2 0.223455 0.212337 0.0426731 0.0593227 0.801699
5 0.29683 0.208899 0.0753852 0.149419 0.783739
5 0.827953 0.942741 0.201449 0.111936 0.735191
5 0.555954 0.903659 0.339861 0.183302 0.735117
5 0.606147 0.904323 0.23966 0.186144 0.531264
2 0.261734 0.257732 0.0362806 0.0657405 0.492851
2 0.103143 0.0516756 0.0377937 0.0607349 0.463828
2 0.809133 0.38843 0.0536042 0.0611038 0.283098
0 0.107242 0.800749 0.0145727 0.0709666 0.272863
0 0.164223 0.734464 0.0110312 0.0565932 0.250366
