5 0.157725 0.048206 0.0708781 0.096412 0.842286
5 0.79618 0.35619 0.0831203 0.13349 0.835928
2 0.189608 0.233544 0.0400177 0.0528865 0.816206
2 0.712567 0.334731 0.0772779 0.0559304 0.743325
2 0.117918 0.13815 0.0328629 0.050347 0.700017
2 0.83735 0.418622 0.0366985 0.0455584 0.522077
0 0.134442 0.969742 0.0156009 0.0584154 0.389207
5 0.536638 0.290675 0.130477 0.081307 0.363567
0 0.207232 0.448082 0.0140722 0.04848 0.323298
62 0.492059 0.132513 0.117087 0.127423 0.307687
0 0.112217 0.975541 0.0152033 0.0476184 0.306965
0 0.710326 0.832611 0.0173598 0.0688968 0.268659
9 0.155401 0.914758 0.00814383 0.0373693 0.266741
2 0.939018 0.836365 0.0538034 0.0880712 0.256182
