2 0.548755 0.514936 0.0854071 0.0791539 0.874928
5 0.677192 0.359327 0.164338 0.139609 0.7488
2 0.249369 0.233154 0.0497243 0.0782866 0.729787
2 0.209878 0.189339 0.0428486 0.0648049 0.715103
62 0.491995 0.136687 0.117793 0.148082 0.672146
2 0.293155 0.240348 0.0440562 0.066321 0.627782
5 0.110487 0.0557529 0.0688624 0.109184 0.597286
5 0.226794 0.575034 0.209613 0.192291 0.570872
2 0.789248 0.387712 0.0593487 0.0645298 0.490422
9 0.15543 0.913387 0.00976098 0.0418213 0.392801
9 0.121355 0.3794 0.013803 0.0410178 0.366747
9 0.288573 0.796737 0.0356489 0.0514489 0.363862
2 0.116787 0.23156 0.0359231 0.054616 0.357759
5 0.758623 0.26081 0.0930243 0.112254 0.315216
9 0.734764 0.61365 0.0150418 0.0483851 0.2743
0 0.508277 0.601991 0.0213892 0.0436883 0.258899
