2 0.200457 0.683032 0.10872 0.115685 0.876186
2 0.12832 0.665971 0.0904521 0.0873205 0.86417
2 0.173843 0.138363 0.037911 0.0561369 0.757862
2 0.227027 0.215337 0.0440887 0.0609032 0.752465
2 0.656367 0.436645 0.0725342 0.075193 0.649784
6 0.899673 0.0451441 0.199123 0.0902882 0.639576
2 0.794009 0.42898 0.0719626 0.0640088 0.578258
2 0.812617 0.293766 0.0469502 0.0544027 0.574619
2 0.67132 0.474449 0.069086 0.063414 0.568974
2 0.138479 0.0965767 0.0335875 0.053917 0.52044
5 0.0220213 0.123119 0.0434392 0.243295 0.492812
0 0.0915861 0.581822 0.0105207 0.0508189 0.465056
3 0.305646 0.687625 0.0313028 0.0445007 0.449518
0 0.230482 0.508313 0.0112197 0.0538448 0.335679
62 0.492088 0.131347 0.117908 0.14174 0.328177
2 0.118763 0.0613556 0.0289029 0.0487828 0.323578
0 0.254246 0.879543 0.0124335 0.0598155 0.299731
0 0.306288 0.448838 0.010428 0.0480187 0.291613
2 0.263643 0.177162 0.0443745 0.054468 0.282847
2 0.0916156 0.0286162 0.0345187 0.0489696 0.252326
