5 0.281108 0.234245 0.107351 0.141486 0.89723
2 0.550407 0.608996 0.07439 0.110816 0.850297
2 0.449093 0.498731 0.0653888 0.101568 0.831995
2 0.250107 0.510476 0.0350952 0.0770389 0.602139
62 0.491766 0.136146 0.118431 0.143174 0.579238
2 0.194755 0.140658 0.0268788 0.0599678 0.559789
9 0.155205 0.915179 0.00858066 0.0409637 0.474265
5 0.764359 0.261048 0.0993546 0.125797 0.377596
9 0.287437 0.799485 0.0314086 0.0541567 0.327498
9 0.583638 0.286096 0.0106537 0.0288795 0.28516
0 0.706374 0.877546 0.0238417 0.0632138 0.280423
2 0.69981 0.343369 0.055831 0.0550954 0.264349
