5 0.295496 0.214266 0.0876409 0.137459 0.877464
2 0.25574 0.254208 0.0460313 0.0623699 0.842708
5 0.198884 0.162289 0.0834619 0.129536 0.829237
2 0.203402 0.297549 0.0464507 0.0561585 0.816187
2 0.237096 0.353546 0.0325382 0.063949 0.792221
2 0.712666 0.335348 0.0766151 0.0549032 0.685736
5 0.535591 0.291095 0.133644 0.0854813 0.63288
2 0.163085 0.235415 0.0425101 0.0521042 0.627145
2 0.154082 0.28931 0.0349908 0.053534 0.580942
2 0.127365 0.176027 0.0418529 0.0694893 0.556224
0 0.0842089 0.517855 0.0150704 0.0657762 0.279429
2 0.143448 0.113207 0.0342477 0.0536412 0.262392
