2 0.439612 0.651917 0.092221 0.0845254 0.867038
2 0.484519 0.458806 0.0715305 0.0663745 0.789382
2 0.362964 0.528661 0.0817827 0.066055 0.771572
2 0.289274 0.231599 0.0427716 0.0636759 0.731626
2 0.264154 0.267843 0.0448895 0.0536967 0.714904
62 0.492304 0.136637 0.118685 0.150571 0.642502
2 0.181304 0.517712 0.0655198 0.0789821 0.635915
2 0.700716 0.341638 0.057937 0.0535047 0.602061
5 0.766446 0.260589 0.1062 0.128076 0.509917
9 0.120636 0.380039 0.0117837 0.04182 0.491694
2 0.163744 0.0593891 0.0374937 0.0569763 0.469203
9 0.290604 0.794442 0.0390144 0.0546394 0.447391
9 0.155353 0.915382 0.00925455 0.041758 0.428577
0 0.794061 0.495559 0.0116922 0.048627 0.342604
5 0.0228589 0.122173 0.0453305 0.233357 0.302656
0 0.364495 0.943794 0.0322917 0.0959741 0.297585
9 0.0518804 0.0919639 0.0181976 0.04361 0.294052
9 0.0400171 0.038047 0.0207939 0.0706172 0.276729
