2 0.541148 0.677851 0.0909773 0.0992022 0.83038
2 0.807302 0.929691 0.0924652 0.131078 0.8094
2 0.506487 0.469943 0.0737849 0.067962 0.789887
2 0.254219 0.246843 0.041481 0.0652425 0.773984
2 0.0930622 0.74026 0.0742125 0.0924801 0.764127
2 0.310538 0.247758 0.0442821 0.0677761 0.666584
2 0.207893 0.280449 0.0417368 0.0532683 0.630782
2 0.166725 0.211713 0.0299108 0.0540543 0.46025
9 0.156188 0.915035 0.00845625 0.0415148 0.459652
9 0.28842 0.795005 0.0354141 0.0513302 0.44871
62 0.491952 0.137086 0.115455 0.126663 0.444902
2 0.233736 0.337053 0.0399806 0.0646441 0.416769
2 0.130487 0.161913 0.0358418 0.0538496 0.348453
2 0.204184 0.104557 0.0388044 0.053738 0.336651
2 0.700923 0.333207 0.0557424 0.075399 0.286672
3 0.233972 0.337053 0.0398682 0.0654132 0.276254
0 0.766134 0.508237 0.0120592 0.0538698 0.260764
