2 0.104075 0.217205 0.0376301 0.0476078 0.702236
2 0.266835 0.656806 0.0344983 0.0873656 0.693639
5 0.150835 0.257807 0.0590772 0.111495 0.673473
2 0.539205 0.374683 0.090589 0.0824268 0.627577
2 0.807169 0.32228 0.0504025 0.0551103 0.578973
2 0.282118 0.514858 0.0321502 0.0688846 0.476979
0 0.364553 0.943895 0.0326475 0.0981018 0.437429
2 0.216826 0.278235 0.0415791 0.0723526 0.414672
0 0.0803432 0.542234 0.0101663 0.0500097 0.401604
62 0.492219 0.127815 0.117283 0.138754 0.389254
0 0.621525 0.336137 0.0105878 0.0466639 0.359176
0 0.11492 0.48366 0.012705 0.0579054 0.337953
5 0.53571 0.289204 0.126464 0.0851435 0.312811
0 0.141232 0.47935 0.00983081 0.0504498 0.293401
0 0.204088 0.405034 0.0111961 0.0478572 0.273201
