5 0.787117 0.924598 0.266952 0.147031 0.846977
2 0.814821 0.371186 0.0416809 0.055609 0.678969
2 0.154832 0.112522 0.0390275 0.0642183 0.660382
2 0.260221 0.267932 0.0464432 0.0542708 0.654394
62 0.488475 0.129589 0.124701 0.142688 0.641657
2 0.108419 0.223036 0.0340798 0.0577435 0.560396
2 0.122199 0.0797933 0.0355079 0.0497131 0.530258
2 0.20819 0.189324 0.0429704 0.0528248 0.519072
0 0.596144 0.751211 0.0120794 0.0572508 0.399999
0 0.218162 0.674352 0.0111585 0.0625072 0.337972
2 0.080982 0.0295124 0.0372342 0.0530326 0.322104
