2 0.258783 0.260384 0.0395018 0.0558729 0.759541
2 0.821713 0.405423 0.0641788 0.0684944 0.683497
0 0.637403 0.763371 0.0214195 0.0904121 0.507218
0 0.853766 0.725528 0.0128071 0.0610925 0.449437
0 0.121943 0.470434 0.0139716 0.0534759 0.441449
0 0.706474 0.731318 0.0123621 0.0630063 0.398056
0 0.365574 0.941745 0.0334251 0.0953715 0.388742
2 0.806581 0.37032 0.0536554 0.0639551 0.385225
62 0.492227 0.126675 0.117763 0.137807 0.352135
0 0.0803469 0.545615 0.022944 0.0679176 0.350949
9 0.571361 0.226258 0.0128917 0.0456256 0.322666
0 0.47766 0.78291 0.0172682 0.0579464 0.320583
0 0.545854 0.838095 0.0180588 0.0679225 0.315509
0 0.931735 0.859521 0.0142717 0.0641685 0.306803
5 0.0218103 0.118482 0.0428859 0.232823 0.30414
0 0.501458 0.76405 0.0236399 0.0775102 0.302583
0 0.829152 0.729866 0.0146744 0.0650143 0.261196
0 0.269138 0.893344 0.0178005 0.0675361 0.256532
