5 0.557269 0.906105 0.2232 0.184412 0.936153
5 0.77732 0.86219 0.180989 0.268791 0.931232
2 0.603757 0.671102 0.0806077 0.11702 0.859175
2 0.294784 0.302909 0.0437296 0.070947 0.827804
2 0.463077 0.511544 0.0583354 0.0817975 0.811419
2 0.26425 0.494569 0.039614 0.0692111 0.806753
2 0.401308 0.361994 0.0547589 0.0752619 0.789593
2 0.157505 0.122663 0.036646 0.0581991 0.772676
2 0.760048 0.366731 0.0557562 0.0527413 0.731379
5 0.0684102 0.0216624 0.0368407 0.0433247 0.562702
62 0.491948 0.129547 0.117501 0.139816 0.448703
5 0.810572 0.382851 0.0606771 0.125848 0.448052
7 0.17714 0.210334 0.0518917 0.107754 0.445183
2 0.27202 0.765017 0.0638267 0.10458 0.425226
5 0.827555 0.382329 0.0944201 0.127919 0.395071
2 0.261552 0.762112 0.0431433 0.0975884 0.388417
5 0.523569 0.287876 0.106055 0.076489 0.324865
5 0.177071 0.209288 0.0518369 0.107606 0.319387
2 0.212944 0.198388 0.0439268 0.0602859 0.279633
