2 0.0539659 0.607243 0.0938573 0.078796 0.902611
2 0.2844 0.642334 0.0857947 0.0964383 0.887646
2 0.178457 0.548211 0.0687324 0.0728878 0.850377
2 0.7929 0.393484 0.0648417 0.0690041 0.809495
2 0.247418 0.321295 0.0471149 0.0711896 0.808701
5 0.254043 0.215881 0.0947643 0.160998 0.747349
2 0.270572 0.384009 0.0311976 0.0621438 0.741695
2 0.257006 0.466609 0.0529615 0.0658765 0.736959
2 0.134562 0.178394 0.0419517 0.0593285 0.679668
2 0.177294 0.219931 0.0409296 0.0610975 0.653711
2 0.203398 0.268596 0.0453337 0.0637899 0.634863
62 0.490899 0.128433 0.120024 0.136643 0.493561
5 0.02242 0.12526 0.0441766 0.247288 0.457777
2 0.121393 0.0862339 0.0364421 0.0544878 0.366763
0 0.687342 0.876193 0.0169949 0.0634762 0.335571
2 0.169635 0.31139 0.0336773 0.0536519 0.322629
9 0.155114 0.913136 0.00923944 0.0425964 0.30432
2 0.172381 0.122133 0.0326054 0.0470662 0.301411
5 0.538842 0.293825 0.125895 0.0901415 0.283945
2 0.14591 0.0729563 0.0390042 0.0579118 0.269169
0 0.915063 0.719898 0.0158585 0.0628333 0.256352
