2 0.259545 0.257473 0.0436733 0.0623407 0.831496
2 0.540835 0.460783 0.0609013 0.0639054 0.818941
2 0.463812 0.569156 0.0817669 0.0771871 0.812885
2 0.248671 0.396549 0.0326722 0.0650305 0.793285
5 0.128677 0.209396 0.0587372 0.114073 0.788292
2 0.191859 0.230317 0.0358826 0.0552228 0.775533
2 0.710884 0.335381 0.0808623 0.0555895 0.72628
2 0.218793 0.208306 0.0373348 0.0503749 0.688712
5 0.522739 0.289257 0.104425 0.0803817 0.687968
2 0.724108 0.429723 0.0773806 0.0820538 0.676473
3 0.176428 0.622908 0.0381933 0.0519162 0.645871
7 0.276322 0.204282 0.0446659 0.0741159 0.626325
2 0.309722 0.252108 0.0477541 0.0690821 0.591084
2 0.667272 0.519049 0.052389 0.0730836 0.590751
62 0.492215 0.130664 0.116356 0.12802 0.552955
2 0.140811 0.160154 0.0403944 0.0553204 0.51393
0 0.430404 0.324285 0.0109619 0.0549183 0.276666
2 0.826025 0.324895 0.0178677 0.0469544 0.254253
