2 0.169407 0.0819056 0.036474 0.0564038 0.780971
2 0.304145 0.252208 0.0451387 0.0668009 0.676176
2 0.624536 0.384092 0.0561325 0.059908 0.660901
2 0.263589 0.416222 0.0361428 0.0704615 0.617923
9 0.285935 0.796911 0.0359196 0.0548587 0.470556
9 0.143287 0.250874 0.0141447 0.0554741 0.405742
9 0.583428 0.288281 0.0135918 0.0366397 0.39945
7 0.218979 0.811682 0.0376397 0.109429 0.398894
9 0.117709 0.266836 0.0145167 0.0352757 0.384891
2 0.801721 0.313157 0.0549077 0.0516011 0.382241
9 0.143158 0.255981 0.0122951 0.0433291 0.308509
9 0.154007 0.202141 0.0379663 0.054488 0.299062
9 0.155737 0.912388 0.00919738 0.0413105 0.28086
0 0.764744 0.66389 0.0134457 0.0482382 0.280341
2 0.154169 0.202005 0.0374854 0.0547544 0.27101
62 0.492467 0.126841 0.118558 0.140543 0.270507
9 0.572079 0.22775 0.0150408 0.043542 0.257468
