5 0.395234 0.392725 0.11501 0.176939 0.940603
5 0.208035 0.172367 0.0794672 0.123776 0.820295
2 0.757172 0.864241 0.085446 0.133556 0.819267
2 0.579527 0.380796 0.0714827 0.0570396 0.756265
7 0.265992 0.533696 0.0517176 0.207416 0.73442
0 0.0722781 0.522736 0.0237272 0.0605114 0.704895
2 0.273702 0.960468 0.081534 0.0777603 0.430894
0 0.872941 0.616875 0.015152 0.0685333 0.380526
0 0.861456 0.741138 0.0138401 0.0594187 0.364116
5 0.0220608 0.116642 0.0435782 0.229271 0.36355
0 0.845246 0.718325 0.0136465 0.0596239 0.345459
0 0.882029 0.688043 0.0112198 0.0546487 0.314097
0 0.805919 0.743837 0.0127503 0.0649417 0.301186
0 0.803155 0.62018 0.0117722 0.0584179 0.280935
0 0.733922 0.680129 0.014479 0.0573998 0.27884
5 0.535347 0.302024 0.120268 0.109344 0.27085
