2 0.183724 0.160092 0.0376178 0.0539741 0.789998
2 0.183476 0.321769 0.0413571 0.0623912 0.773157
2 0.325213 0.260995 0.0480251 0.0650915 0.653708
0 0.197059 0.512291 0.0155642 0.0736084 0.547592
62 0.491605 0.131762 0.119093 0.147742 0.53836
2 0.234696 0.223108 0.0370604 0.0588421 0.522755
9 0.144443 0.250196 0.0179902 0.0534621 0.435402
2 0.0192185 0.592458 0.0380146 0.0717234 0.349428
9 0.11739 0.268629 0.0158875 0.0354361 0.342056
0 0.844235 0.710023 0.0154682 0.062694 0.323543
0 0.147737 0.509238 0.0205269 0.0680237 0.306009
0 0.412649 0.324897 0.0111821 0.0485344 0.270705
2 0.274866 0.26962 0.0495312 0.0759869 0.256953
