0 0.155355 0.754237 0.022861 0.0629744 0.675965
0 0.204649 0.70982 0.018269 0.05957 0.55881
0 0.71655 0.850929 0.0138281 0.066413 0.54846
0 0.37302 0.475944 0.0164765 0.0530328 0.510267
0 0.913895 0.746735 0.0148521 0.0595632 0.48726
0 0.265417 0.848944 0.0167602 0.0672055 0.485318
0 0.916886 0.605709 0.0126453 0.0559168 0.433685
0 0.78698 0.725035 0.0175323 0.0614488 0.430293
0 0.153705 0.476906 0.0170214 0.0594783 0.398503
0 0.298167 0.86229 0.0143921 0.06199 0.396085
62 0.491991 0.129456 0.117332 0.142299 0.381904
0 0.615072 0.471686 0.0139164 0.0532301 0.374795
0 0.406158 0.816545 0.0164896 0.0649624 0.367357
0 0.960504 0.5062 0.0165739 0.0502952 0.327871
0 0.477189 0.562555 0.0126104 0.0601508 0.322922
2 0.825227 0.402694 0.0294128 0.0527926 0.289391
0 0.143539 0.401418 0.0104038 0.0510145 0.289279
0 0.310903 0.497516 0.0151788 0.0422045 0.270954
0 0.242205 0.923837 0.0239213 0.0721461 0.257846
13 0.287496 0.792839 0.0331873 0.0490877 0.257239
9 0.0348237 0.2015 0.014178 0.037355 0.250453
