2 0.455588 0.548077 0.0881555 0.0761467 0.887567
2 0.770822 0.441517 0.0678804 0.0747057 0.814534
2 0.339282 0.515861 0.0791204 0.0691905 0.793303
2 0.693464 0.430966 0.0636625 0.0749035 0.771001
2 0.285811 0.223956 0.0439944 0.0673797 0.756461
0 0.787491 0.665347 0.0142677 0.061155 0.663256
7 0.770249 0.783924 0.0952443 0.164941 0.652373
2 0.552182 0.543527 0.0856838 0.0809484 0.58198
0 0.657225 0.727361 0.0168207 0.0704286 0.579464
0 0.806021 0.674012 0.0178545 0.0636833 0.578537
0 0.691889 0.683464 0.0119818 0.045739 0.514272
0 0.166286 0.394226 0.00971127 0.0509097 0.504724
0 0.833985 0.692978 0.0187162 0.0691347 0.473521
0 0.768432 0.557435 0.0107819 0.0461645 0.462628
0 0.365157 0.941753 0.0338991 0.0953245 0.411799
0 0.667637 0.601468 0.0152916 0.0697881 0.352796
0 0.622253 0.695493 0.0124554 0.0574172 0.307731
0 0.960297 0.775269 0.0135586 0.0384911 0.304504
0 0.833254 0.572887 0.0118351 0.0762397 0.299633
0 0.643259 0.321093 0.00946579 0.0421456 0.289169
0 0.0864983 0.450514 0.0109188 0.0519355 0.255763
