2 0.271196 0.581723 0.0885672 0.091303 0.887274
2 0.679097 0.706663 0.0728924 0.129525 0.855512
5 0.450444 0.530202 0.128331 0.141256 0.835841
2 0.576819 0.442543 0.0699324 0.067091 0.825137
2 0.784696 0.409999 0.0698477 0.068455 0.743249
2 0.116274 0.193518 0.0320567 0.0474237 0.645941
0 0.744494 0.65306 0.0131172 0.0555998 0.62632
2 0.794225 0.339324 0.06243 0.0586165 0.583826
2 0.250396 0.241085 0.0463924 0.0783595 0.527236
0 0.13953 0.967812 0.0140891 0.0607764 0.489447
0 0.162875 0.393058 0.0135862 0.055748 0.430548
0 0.0888764 0.480886 0.012377 0.0521395 0.4074
5 0.0612622 0.404768 0.122172 0.171212 0.323756
0 0.963794 0.776517 0.0160982 0.0433328 0.315834
0 0.880823 0.819129 0.0149103 0.0509711 0.306849
9 0.155583 0.912416 0.00852013 0.0386434 0.26266
