5 0.249723 0.225391 0.0709347 0.123358 0.842449
2 0.317265 0.26519 0.0321146 0.044084 0.740895
2 0.809331 0.386901 0.0510851 0.0506535 0.713906
5 0.220888 0.112281 0.0724606 0.118636 0.69935
62 0.49133 0.130351 0.119382 0.144171 0.566214
2 0.148585 0.113287 0.0351883 0.0517041 0.427912
0 0.496811 0.680558 0.0150953 0.0591091 0.42157
2 0.288327 0.215321 0.0255231 0.0568543 0.395647
5 0.524454 0.292348 0.0980593 0.0875008 0.298465
0 0.595912 0.809781 0.0150104 0.0606027 0.26757
0 0.186243 0.618559 0.0174923 0.0605647 0.264395
0 0.27163 0.859163 0.0150023 0.064506 0.260196
