5 0.846111 0.887628 0.212701 0.218168 0.912458
5 0.595619 0.911676 0.163637 0.170947 0.897554
5 0.157597 0.0480064 0.0697825 0.0958312 0.827992
2 0.787048 0.383353 0.0635837 0.0675898 0.759971
2 0.806314 0.425383 0.0669809 0.0698314 0.745351
2 0.670929 0.750506 0.0760067 0.110143 0.723054
2 0.209275 0.194297 0.0359748 0.0590342 0.707824
2 0.29428 0.206602 0.0452062 0.0749982 0.70213
5 0.199059 0.271863 0.0585911 0.118232 0.48652
5 0.0649655 0.0598151 0.0695829 0.108472 0.463015
5 0.10786 0.209568 0.0362983 0.072875 0.441815
9 0.155493 0.914752 0.00899484 0.040662 0.357962
2 0.198799 0.271739 0.0590736 0.118166 0.34275
5 0.761497 0.262137 0.119236 0.132725 0.318771
62 0.492131 0.131646 0.11701 0.129547 0.27782
