2 0.794382 0.455945 0.0676458 0.0759611 0.709817
2 0.18337 0.325672 0.03787 0.0639494 0.688964
0 0.559493 0.557753 0.0179707 0.0633891 0.555714
9 0.155757 0.913543 0.00879626 0.0418133 0.552133
0 0.495767 0.802013 0.0138302 0.0639508 0.541608
9 0.289775 0.796744 0.0366759 0.0481194 0.47466
0 0.94653 0.584721 0.0133909 0.0631258 0.461174
0 0.480409 0.544347 0.0135459 0.0540079 0.447907
9 0.142895 0.250807 0.0144397 0.0514966 0.43635
0 0.512567 0.356642 0.0135176 0.0464909 0.382292
0 0.815989 0.551966 0.0180286 0.0799496 0.3723
62 0.492104 0.126045 0.117678 0.137504 0.361822
0 0.932105 0.586031 0.0117233 0.0488651 0.350925
0 0.156369 0.414859 0.0110415 0.0533912 0.336097
0 0.133166 0.457409 0.0134495 0.0587944 0.331608
9 0.734386 0.609241 0.0143344 0.0407872 0.319427
0 0.829776 0.541585 0.01707 0.0874857 0.314526
0 0.364333 0.944353 0.0314574 0.0954002 0.300948
9 0.117087 0.267653 0.0142247 0.0336986 0.261489
