2 0.194569 0.169165 0.0342013 0.0562515 0.786042
2 0.194629 0.923892 0.0866783 0.111822 0.749061
2 0.181191 0.324183 0.0324535 0.0646944 0.611827
9 0.286835 0.796768 0.0340345 0.0539897 0.558436
2 0.321387 0.259683 0.0453227 0.0695724 0.553843
2 0.791216 0.831553 0.0866537 0.129867 0.536096
9 0.141898 0.249047 0.0115614 0.0498712 0.518284
9 0.733844 0.613125 0.0168342 0.0450536 0.478465
9 0.117274 0.267087 0.0143315 0.0352312 0.408888
0 0.758359 0.709029 0.0172176 0.0740336 0.396844
9 0.624012 0.246863 0.0187426 0.0752689 0.383294
9 0.251494 0.492052 0.0329846 0.0770504 0.363248
2 0.78463 0.323995 0.0569902 0.05377 0.336624
9 0.685359 0.609157 0.0116306 0.0543279 0.334689
62 0.492418 0.126135 0.117718 0.135735 0.32714
0 0.166864 0.373868 0.0139572 0.0598158 0.291466
9 0.572074 0.225537 0.0167133 0.0471811 0.285597
