2 0.338213 0.548265 0.089927 0.0740072 0.798948
2 0.25939 0.257506 0.0470969 0.0798287 0.794789
2 0.60089 0.628714 0.0392082 0.104865 0.768883
5 0.13723 0.240986 0.0593234 0.109584 0.760298
2 0.212034 0.142071 0.0372746 0.0574118 0.716284
2 0.699529 0.429678 0.0597326 0.0650947 0.65778
2 0.677996 0.520765 0.0522161 0.0655027 0.611647
2 0.269964 0.205732 0.0416726 0.0628031 0.558441
2 0.084953 0.738388 0.0571191 0.0740836 0.547181
3 0.262909 0.646344 0.038711 0.0692438 0.518547
0 0.31082 0.748501 0.0199558 0.063677 0.409721
5 0.0218379 0.126419 0.0431474 0.247701 0.38822
2 0.740023 0.362777 0.0597717 0.0569862 0.347352
2 0.742348 0.444863 0.0667252 0.0771652 0.290294
