5 0.175836 0.884749 0.173957 0.224127 0.916108
2 0.498801 0.550476 0.0614573 0.0777846 0.846673
2 0.3961 0.427201 0.0527049 0.0827805 0.835877
5 0.0763002 0.0815978 0.0763436 0.111011 0.833175
2 0.606326 0.679977 0.0628004 0.107194 0.824779
2 0.261252 0.173703 0.0393262 0.0598146 0.814966
2 0.2675 0.269914 0.0447651 0.0589866 0.804049
5 0.161679 0.114581 0.0795986 0.12358 0.749938
62 0.492314 0.12895 0.117556 0.139337 0.595273
2 0.274798 0.583523 0.0377685 0.0829724 0.569375
0 0.112521 0.964385 0.0151632 0.0676729 0.466101
5 0.526927 0.287809 0.106987 0.078511 0.442822
5 0.084588 0.0223384 0.0391217 0.0429705 0.2725
