0 0.253642 0.617925 0.0207335 0.0532088 0.612961
2 0.817045 0.400873 0.0435534 0.0652503 0.611376
2 0.791921 0.377113 0.0627085 0.0656381 0.60227
0 0.983839 0.557086 0.0124342 0.0572086 0.495616
0 0.314641 0.847927 0.0129606 0.0617744 0.485023
9 0.0349953 0.200043 0.0144046 0.0370583 0.469268
0 0.408904 0.763585 0.0186986 0.0608951 0.394828
0 0.96427 0.554518 0.0120501 0.0506034 0.352881
0 0.507732 0.400874 0.0113981 0.0421917 0.323576
0 0.956093 0.554038 0.0103634 0.0500008 0.297539
0 0.483223 0.506833 0.0110472 0.0499364 0.297464
0 0.427185 0.776444 0.0197329 0.0624047 0.293605
0 0.665563 0.747768 0.0142694 0.0595747 0.292953
0 0.157868 0.561045 0.0175101 0.0841505 0.279269
0 0.461978 0.774951 0.0116575 0.0563822 0.268603
0 0.327132 0.930863 0.0183912 0.0814236 0.260811
0 0.348347 0.84915 0.0141101 0.0597307 0.258745
62 0.491494 0.126412 0.118675 0.139143 0.252291
0 0.466278 0.492503 0.0131797 0.047212 0.251955
