5 0.312543 0.226964 0.0761748 0.155636 0.917435
5 0.167274 0.119394 0.0766812 0.124457 0.865747
2 0.282251 0.295904 0.043854 0.0683964 0.820967
2 0.216014 0.20581 0.0371923 0.0561723 0.793853
5 0.281412 0.916198 0.0611319 0.164427 0.709584
2 0.115218 0.075772 0.0333736 0.0524144 0.662059
0 0.677881 0.874481 0.0141399 0.0637772 0.461585
2 0.235508 0.153858 0.0412574 0.0432683 0.457414
0 0.233193 0.439426 0.013977 0.0529122 0.425202
62 0.492256 0.128706 0.11692 0.134972 0.390428
0 0.120084 0.507308 0.0135044 0.0554401 0.312198
