2 0.188764 0.0894779 0.0381179 0.0458276 0.792417
2 0.298076 0.241417 0.0440165 0.0661535 0.76947
2 0.044312 0.595713 0.0882098 0.0806718 0.697111
0 0.147174 0.405628 0.01145 0.0595896 0.685394
0 0.806571 0.653631 0.012714 0.0604387 0.684575
0 0.804623 0.543288 0.0144805 0.0600655 0.646046
0 0.229707 0.898721 0.0180027 0.0702542 0.585879
9 0.735799 0.609123 0.011504 0.0390308 0.573416
9 0.288296 0.796039 0.0367095 0.0485229 0.568862
0 0.0933592 0.529919 0.0132087 0.0563773 0.560662
0 0.318121 0.359528 0.0126736 0.0465798 0.56044
0 0.822553 0.640009 0.0124577 0.0581633 0.526256
9 0.155453 0.910506 0.00959523 0.0458978 0.495069
0 0.304525 0.350742 0.00961294 0.0465175 0.435305
2 0.107688 0.0334756 0.0411161 0.0609781 0.431656
9 0.58308 0.286347 0.0151376 0.0387987 0.404344
62 0.492214 0.125255 0.116976 0.137801 0.302192
9 0.141321 0.24991 0.0121219 0.0494436 0.299964
2 0.257143 0.199323 0.0259488 0.0412147 0.273225
9 0.571787 0.227394 0.0142315 0.0447445 0.266731
