2 0.724377 0.824506 0.0785307 0.125761 0.864381
2 0.457431 0.541256 0.0784279 0.0866246 0.81054
2 0.525985 0.470166 0.0774454 0.0785694 0.764941
2 0.603331 0.499573 0.0719282 0.0743753 0.759883
2 0.610106 0.576639 0.0534702 0.109133 0.729229
5 0.0948863 0.637644 0.187332 0.149282 0.722409
2 0.226831 0.304244 0.0400954 0.0624696 0.699805
2 0.25441 0.244784 0.0423769 0.0640959 0.67901
62 0.491909 0.133675 0.117736 0.146667 0.671917
2 0.249595 0.535093 0.0793515 0.0971485 0.659114
2 0.28721 0.239761 0.0450609 0.0594392 0.635898
2 0.097454 0.735512 0.0737411 0.0897268 0.615907
5 0.520252 0.292425 0.111507 0.0924564 0.576426
2 0.21216 0.201202 0.0386806 0.0549878 0.484191
2 0.248573 0.155967 0.046617 0.0687882 0.416855
2 0.160708 0.209912 0.0377543 0.0586664 0.403125
9 0.287985 0.795769 0.034229 0.0509399 0.382925
9 0.155595 0.913749 0.00952215 0.0440355 0.378985
2 0.749634 0.374693 0.0646275 0.0883579 0.333434
9 0.0430488 0.0406744 0.0265157 0.0674047 0.318488
2 0.283746 0.198388 0.0391432 0.0457486 0.302449
0 0.1106 0.978203 0.0128244 0.0422879 0.255895
