2 0.787504 0.829226 0.0840364 0.124545 0.751793
2 0.672143 0.374368 0.0754541 0.0613282 0.653783
9 0.14215 0.250726 0.0127851 0.0524534 0.490067
0 0.697915 0.630158 0.0133499 0.0555854 0.488527
9 0.286806 0.798987 0.0329946 0.054248 0.478606
2 0.231576 0.132879 0.0367632 0.0493152 0.459922
9 0.11761 0.267074 0.0145328 0.034518 0.436248
9 0.155574 0.913638 0.00920174 0.039712 0.43451
9 0.735983 0.610413 0.0123863 0.0406976 0.40674
9 0.583155 0.285845 0.0137556 0.035214 0.319255
0 0.954578 0.70963 0.0120647 0.0654512 0.305943
9 0.993807 0.370199 0.0117098 0.0971125 0.295754
0 0.242649 0.326404 0.00972929 0.0482524 0.28766
62 0.491952 0.130601 0.11796 0.149132 0.265802
9 0.572078 0.228359 0.0149845 0.042645 0.26092
0 0.963498 0.729962 0.0144302 0.0575216 0.258356
