2 0.514938 0.518008 0.0856939 0.0827582 0.851304
2 0.422941 0.624474 0.0823436 0.0957814 0.850597
2 0.0574722 0.617663 0.0773184 0.0858241 0.832686
2 0.207541 0.7107 0.101052 0.0895696 0.786288
2 0.254413 0.254711 0.0464214 0.0694853 0.758941
5 0.134619 0.168247 0.0584462 0.100462 0.743898
2 0.750127 0.844482 0.0797406 0.124132 0.737913
2 0.261885 0.424067 0.0399849 0.0676028 0.707472
2 0.386181 0.343547 0.0467137 0.0707869 0.665871
2 0.2067 0.5332 0.0739891 0.07545 0.660077
5 0.168889 0.127169 0.0660971 0.1122 0.646315
5 0.101853 0.0483243 0.0690492 0.0958431 0.641859
2 0.296676 0.247872 0.0425741 0.0630518 0.607904
62 0.491925 0.134441 0.118228 0.146869 0.581258
2 0.240441 0.346223 0.0368176 0.066389 0.579944
2 0.213779 0.190618 0.0378967 0.0633981 0.546783
2 0.848074 0.959043 0.0808861 0.0787231 0.520291
2 0.331157 0.307099 0.0476906 0.066178 0.516515
9 0.73515 0.614822 0.0166931 0.0461873 0.480604
2 0.812904 0.281384 0.0466095 0.0653718 0.417895
5 0.722328 0.325476 0.069449 0.069423 0.3861
9 0.288351 0.794154 0.037464 0.0555023 0.352781
5 0.767799 0.257591 0.102137 0.118982 0.350185
9 0.155373 0.914412 0.00858345 0.0430052 0.343158
7 0.195461 0.252939 0.0389276 0.0930818 0.33558
0 0.691466 0.863714 0.0157006 0.0575543 0.258884
