5 0.550282 0.561571 0.123088 0.229994 0.834951
2 0.435159 0.365679 0.0629828 0.0668903 0.821941
2 0.274854 0.76492 0.0572381 0.109329 0.772026
2 0.240956 0.325423 0.0426711 0.0604632 0.767214
5 0.820893 0.374826 0.0678404 0.123591 0.741192
5 0.77586 0.343038 0.0737782 0.0784375 0.719569
5 0.168863 0.120061 0.0866703 0.14769 0.583541
5 0.535826 0.291856 0.138493 0.0890394 0.578277
2 0.180533 0.330942 0.0426235 0.0585843 0.544998
7 0.289439 0.460314 0.0390347 0.0978617 0.431314
5 0.770145 0.264325 0.101644 0.135219 0.388748
7 0.244642 0.142929 0.0382374 0.0644773 0.370716
5 0.073046 0.0824598 0.0713635 0.115841 0.330908
7 0.168823 0.120585 0.0867883 0.147047 0.324968
2 0.10796 0.0689356 0.0359597 0.0501471 0.282168
