2 0.284285 0.804702 0.0452954 0.0990643 0.718278
2 0.734277 0.351872 0.0722345 0.0544461 0.585723
5 0.105977 0.0973238 0.0553653 0.111319 0.578714
7 0.29168 0.638776 0.0354759 0.079107 0.576102
0 0.105154 0.500323 0.0119465 0.0715018 0.512254
5 0.0913496 0.0925868 0.0850047 0.120396 0.404567
0 0.132444 0.474736 0.0158265 0.075425 0.371011
0 0.0930407 0.485522 0.0104422 0.0454721 0.341953
0 0.228117 0.714638 0.0164973 0.0647051 0.306319
0 0.115457 0.972846 0.0135374 0.0543088 0.305547
0 0.36523 0.943304 0.033165 0.0964589 0.282329
0 0.99367 0.686645 0.0118382 0.0611469 0.261691
