2 0.254373 0.246425 0.0422482 0.0687945 0.790802
2 0.0347407 0.600538 0.0691653 0.0782967 0.723286
0 0.259328 0.349948 0.0135478 0.0537777 0.700273
2 0.138857 0.0982206 0.0351327 0.0529842 0.668884
0 0.314042 0.346909 0.00843167 0.0500061 0.663474
2 0.204464 0.185687 0.0395385 0.0614388 0.574966
2 0.791855 0.390679 0.0306506 0.0421743 0.482348
2 0.305545 0.245108 0.0427329 0.0693692 0.480547
9 0.156404 0.912926 0.00958223 0.0401896 0.462667
9 0.289737 0.796063 0.0375817 0.0503331 0.443804
0 0.0941703 0.522395 0.0171269 0.0619286 0.407292
2 0.830865 0.418059 0.0340431 0.0422544 0.385486
0 0.151547 0.399587 0.0183236 0.0799444 0.375284
9 0.735181 0.617446 0.0146849 0.0532513 0.367586
9 0.421394 0.859382 0.0170979 0.0515222 0.352177
9 0.141765 0.249696 0.0132767 0.0509523 0.288112
62 0.492025 0.125803 0.117673 0.140516 0.280013
