62 0.491962 0.136908 0.117862 0.144474 0.794878
2 0.311107 0.619501 0.100899 0.111028 0.772562
2 0.200756 0.259572 0.042311 0.0648131 0.747716
2 0.218229 0.206867 0.0440281 0.0566823 0.676255
2 0.256974 0.249577 0.0411167 0.0645792 0.658519
2 0.24616 0.333536 0.0352057 0.0638852 0.61893
2 0.762095 0.403875 0.0589405 0.0678077 0.513754
7 0.164001 0.117347 0.0685734 0.119315 0.481671
2 0.25766 0.19256 0.0423779 0.0511688 0.454853
2 0.292646 0.236267 0.0378677 0.0565726 0.435253
2 0.821709 0.278118 0.032016 0.06815 0.419073
9 0.12092 0.377426 0.0129016 0.0382336 0.413536
2 0.296349 0.24609 0.0298263 0.0390534 0.356737
9 0.288254 0.795264 0.0355163 0.0536063 0.324429
9 0.15557 0.91362 0.0087379 0.0408383 0.306811
