5 0.693981 0.357024 0.167332 0.133282 0.921615
2 0.407722 0.444286 0.0620285 0.0874973 0.858058
2 0.280497 0.639521 0.0344251 0.0731852 0.801261
2 0.300695 0.241448 0.0421253 0.0690345 0.798715
2 0.606059 0.673956 0.0692772 0.113504 0.797485
2 0.121841 0.135762 0.0344032 0.0453422 0.783422
2 0.176893 0.90886 0.0808562 0.0901254 0.719673
2 0.237647 0.160088 0.0360431 0.0639457 0.687636
2 0.154411 0.0647361 0.0357616 0.0550224 0.610171
5 0.273006 0.429878 0.0526829 0.163882 0.456984
7 0.273351 0.428921 0.0522688 0.165928 0.414682
7 0.490868 0.941418 0.0871185 0.11273 0.337209
62 0.49253 0.130115 0.117239 0.138743 0.312122
