5 0.209823 0.608169 0.209092 0.180055 0.934722
2 0.0524586 0.65269 0.0793806 0.0583615 0.834423
2 0.642302 0.506856 0.0733889 0.0867654 0.809487
2 0.487733 0.590682 0.0875244 0.078086 0.804737
5 0.252673 0.159598 0.0813044 0.141573 0.783487
2 0.777906 0.428526 0.0655401 0.0716359 0.770019
2 0.212957 0.199644 0.0385472 0.0612097 0.705598
0 0.5623 0.719693 0.0126353 0.0542357 0.424209
0 0.192774 0.528112 0.0145621 0.0527556 0.35399
5 0.527801 0.290755 0.107878 0.0837017 0.342486
0 0.170399 0.534445 0.0109682 0.0415982 0.294256
