5 0.192656 0.244016 0.078431 0.137526 0.861843
2 0.387869 0.427696 0.0546624 0.0689089 0.804722
0 0.0091982 0.567435 0.0179773 0.0574309 0.429064
0 0.0935294 0.518775 0.0125848 0.0514275 0.387796
5 0.535963 0.910907 0.183009 0.175004 0.386327
5 0.0556902 0.409547 0.111121 0.167118 0.38056
2 0.535347 0.910516 0.184223 0.175181 0.353511
9 0.155047 0.913825 0.00853958 0.0414961 0.33248
5 0.531282 0.290877 0.119093 0.0844518 0.293561
0 0.17888 0.444237 0.0168815 0.0688956 0.267319
0 0.0692917 0.530253 0.0114672 0.0547574 0.251726
