2 0.777077 0.818605 0.0826258 0.124113 0.862705
2 0.246808 0.23877 0.043239 0.0691992 0.768087
2 0.353822 0.312154 0.0454758 0.0701619 0.743012
9 0.14237 0.170671 0.0378387 0.0529894 0.71368
0 0.908166 0.66654 0.0149952 0.05869 0.566452
2 0.219953 0.950339 0.0695024 0.0980462 0.498721
9 0.286574 0.798792 0.0347164 0.053438 0.462103
0 0.732731 0.635944 0.0181993 0.0835267 0.442464
0 0.873044 0.606784 0.0176605 0.0724709 0.435665
62 0.491671 0.125456 0.117656 0.137755 0.42676
0 0.894664 0.600736 0.012101 0.0623912 0.409227
2 0.215077 0.341482 0.0344033 0.062708 0.392746
0 0.959745 0.528602 0.0110764 0.0531116 0.386176
0 0.759061 0.593549 0.0131096 0.0568191 0.386162
0 0.760121 0.651522 0.0130465 0.062778 0.382921
0 0.790779 0.756602 0.0181187 0.0585008 0.378415
9 0.155192 0.911156 0.00907745 0.0408278 0.367269
0 0.905218 0.903602 0.0142933 0.0658596 0.357726
9 0.140542 0.249877 0.0116727 0.0515662 0.345691
0 0.447334 0.356039 0.00969429 0.0454971 0.340477
0 0.9414 0.542627 0.0153187 0.0599716 0.33574
9 0.624279 0.249705 0.0219575 0.0693994 0.325801
0 0.0549455 0.557767 0.0149569 0.0524294 0.317547
0 0.485883 0.358696 0.0110814 0.0467095 0.314878
0 0.706614 0.652097 0.0117063 0.0761943 0.293541
0 0.0809928 0.557261 0.0124024 0.0561629 0.288203
2 0.580391 0.918202 0.395452 0.157932 0.277836
9 0.379028 0.14422 0.0174394 0.0624381 0.273853
