2 0.261298 0.252503 0.0432113 0.0656709 0.841704
2 0.195071 0.171541 0.0439052 0.0775089 0.753756
2 0.809289 0.360614 0.0434052 0.0721773 0.680621
0 0.394517 0.672507 0.0173997 0.0593713 0.598855
0 0.423245 0.66406 0.0210844 0.0606157 0.592583
0 0.155993 0.89272 0.0142065 0.0784807 0.563465
2 0.839297 0.404939 0.0411388 0.0496133 0.481948
9 0.0347817 0.199301 0.014819 0.0392229 0.470184
0 0.243644 0.801862 0.0132895 0.0667079 0.466245
0 0.472137 0.805158 0.0121769 0.065812 0.455394
5 0.767122 0.25972 0.106746 0.130593 0.434651
0 0.762211 0.758261 0.0211401 0.0612986 0.381606
0 0.580269 0.674538 0.0139813 0.0652053 0.359549
0 0.459045 0.794029 0.0135538 0.0706234 0.356224
0 0.88812 0.83087 0.0122906 0.0675564 0.347155
0 0.355646 0.658924 0.0124536 0.0550137 0.339121
0 0.516306 0.823167 0.0204472 0.0913632 0.320406
0 0.0567515 0.50999 0.0156274 0.0604021 0.291779
0 0.954988 0.682402 0.0143633 0.0565389 0.256835
0 0.0448263 0.561981 0.0150873 0.0642731 0.256822
0 0.440483 0.888718 0.0231068 0.0929409 0.253562
0 0.155505 0.311937 0.0210975 0.104379 0.251751
