2 0.0665964 0.584814 0.0817657 0.0798664 0.838209
2 0.265019 0.2604 0.0444219 0.067331 0.828518
2 0.759122 0.774998 0.0865121 0.125353 0.762463
2 0.205763 0.189539 0.0417528 0.0541997 0.688138
0 0.235739 0.375617 0.0190449 0.0570238 0.560627
0 0.814122 0.729163 0.0165598 0.0561278 0.517194
62 0.492066 0.127882 0.117958 0.139159 0.510498
9 0.289574 0.801883 0.0349999 0.0363054 0.483191
9 0.155932 0.912629 0.0102125 0.0419701 0.482889
0 0.772458 0.471749 0.0124592 0.0494509 0.466722
2 0.839183 0.409458 0.0419888 0.0592779 0.422221
9 0.571677 0.226882 0.015257 0.046907 0.369341
9 0.117256 0.267182 0.0145192 0.0359233 0.31079
0 0.263331 0.357331 0.0103121 0.0505519 0.302851
9 0.734471 0.610763 0.0134449 0.0421705 0.288118
9 0.14382 0.249957 0.016782 0.051327 0.287531
0 0.870223 0.695195 0.0158274 0.0613208 0.286519
