2 0.105744 0.846521 0.0961178 0.0875693 0.851932
2 0.158758 0.0796107 0.0360721 0.0567094 0.731905
0 0.761794 0.515303 0.0101078 0.05395 0.603868
0 0.778147 0.631758 0.010948 0.0588542 0.56224
2 0.291993 0.827253 0.0417522 0.113501 0.519077
0 0.836453 0.577959 0.0113052 0.0588693 0.489092
0 0.82146 0.579269 0.0130289 0.0592712 0.382442
0 0.870065 0.596668 0.0125076 0.0549185 0.342402
0 0.933552 0.64165 0.0152868 0.0571479 0.333969
0 0.992615 0.58362 0.0140404 0.0630235 0.311998
0 0.958538 0.900896 0.016256 0.0635047 0.300676
9 0.0350147 0.200588 0.0143594 0.0374541 0.298988
0 0.109497 0.963752 0.0175295 0.0722995 0.25158
62 0.491795 0.125377 0.117712 0.135941 0.251482
