2 0.518511 0.553593 0.0652395 0.0995204 0.809458
2 0.405852 0.344167 0.0593714 0.0764944 0.770204
2 0.0915548 0.741861 0.0697567 0.0911784 0.721419
2 0.12459 0.877493 0.0954794 0.103327 0.671861
2 0.797471 0.841041 0.0877987 0.130022 0.648676
2 0.818563 0.94364 0.102603 0.111769 0.609074
5 0.771701 0.267301 0.106762 0.111823 0.559001
2 0.824898 0.405669 0.0643692 0.0711984 0.486728
9 0.28825 0.797926 0.0346455 0.0554916 0.453808
62 0.492378 0.125006 0.119175 0.140267 0.417211
9 0.583361 0.286022 0.015809 0.0412291 0.392453
2 0.680129 0.376866 0.0649968 0.0486453 0.386033
0 0.733646 0.542681 0.0114045 0.0574755 0.362743
0 0.804304 0.689932 0.0134808 0.0681502 0.361195
9 0.242936 0.489201 0.0341183 0.0857464 0.348694
0 0.813625 0.616846 0.0105068 0.0349328 0.347566
9 0.582486 0.283609 0.0188133 0.0526343 0.318793
9 0.141739 0.25103 0.01194 0.0529993 0.306099
0 0.783704 0.693591 0.0152014 0.0698776 0.255373
