5 0.383788 0.558471 0.199522 0.128324 0.928686
2 0.594536 0.424348 0.0716404 0.0643358 0.863254
2 0.240567 0.314034 0.0406992 0.0538339 0.803015
2 0.808792 0.425264 0.0641666 0.0680709 0.791701
2 0.882641 0.966245 0.0820236 0.0657669 0.756078
2 0.259953 0.253338 0.0488896 0.0736329 0.734557
5 0.807772 0.277527 0.0646606 0.0957422 0.729901
2 0.300634 0.251564 0.0498024 0.0545085 0.684716
2 0.175428 0.2148 0.0419513 0.0545079 0.597261
2 0.219233 0.203913 0.0401996 0.0548498 0.585995
7 0.252214 0.158308 0.0805298 0.136112 0.517653
2 0.136489 0.168929 0.0394054 0.0454208 0.496979
2 0.181763 0.156186 0.0329441 0.0544718 0.423789
5 0.252412 0.158268 0.0809543 0.136163 0.399126
5 0.537784 0.287967 0.134351 0.0771597 0.367137
2 0.19528 0.115399 0.0360929 0.0556355 0.355987
2 0.682838 0.342131 0.0244077 0.0394924 0.313461
2 0.168356 0.311055 0.0381662 0.0513162 0.299147
0 0.120157 0.964225 0.0154186 0.0650163 0.295202
5 0.0235514 0.121857 0.0463501 0.239867 0.289859
9 0.15516 0.915475 0.00761437 0.0398017 0.251535
