2 0.614845 0.702829 0.0722811 0.0987881 0.83792
0 0.113022 0.491851 0.0106912 0.055079 0.567976
0 0.0768154 0.506307 0.0147378 0.0478307 0.483496
0 0.430594 0.319629 0.0101337 0.0450445 0.419571
0 0.840857 0.684702 0.0140457 0.0573168 0.412856
0 0.85571 0.685233 0.0138317 0.0571567 0.401257
9 0.155256 0.913256 0.00867469 0.0412642 0.383543
0 0.891145 0.77399 0.0134804 0.0621623 0.362145
0 0.775521 0.758782 0.0138535 0.0674015 0.347999
0 0.808985 0.618761 0.0134491 0.0519595 0.311012
0 0.52983 0.361666 0.0144135 0.061509 0.294397
2 0.82785 0.403419 0.0301998 0.0507516 0.276341
0 0.015346 0.504189 0.0127569 0.0517391 0.268918
0 0.365374 0.941137 0.0333166 0.093629 0.267988
