2 0.789691 0.826562 0.0874346 0.127077 0.789644
2 0.188981 0.0887664 0.0375913 0.0457116 0.724842
9 0.411399 0.868594 0.0121714 0.0374291 0.635026
9 0.290384 0.796622 0.0384049 0.0491723 0.576103
0 0.795971 0.62124 0.0105965 0.0547851 0.539012
9 0.155927 0.91215 0.00894818 0.0398973 0.533917
0 0.922415 0.879203 0.0140324 0.0751923 0.503062
9 0.625312 0.250126 0.0222416 0.0784345 0.484234
2 0.255499 0.245806 0.0429182 0.0687732 0.446886
2 0.0283442 0.454886 0.056487 0.0750519 0.428053
2 0.286665 0.228931 0.0343212 0.0588027 0.389371
0 0.305775 0.267495 0.014696 0.0751267 0.374349
0 0.780352 0.63639 0.0153641 0.0474197 0.373139
0 0.0774375 0.495708 0.0152329 0.0549847 0.349522
9 0.735455 0.611692 0.0151782 0.0434653 0.345555
0 0.533512 0.3652 0.0121773 0.0499491 0.345006
7 0.795678 0.379695 0.085405 0.155256 0.328353
0 0.0681458 0.229586 0.00924845 0.0393456 0.327563
0 0.512537 0.374246 0.0105026 0.0428285 0.322001
9 0.583344 0.285344 0.0166758 0.0406715 0.291898
62 0.492042 0.124855 0.117985 0.134974 0.283072
0 0.894167 0.72533 0.0132126 0.0659414 0.282737
0 0.160864 0.461928 0.0101782 0.053361 0.276864
0 0.953927 0.775791 0.0174627 0.0420559 0.263158
0 0.902084 0.734146 0.0160141 0.0734745 0.257755
