2 0.161287 0.699944 0.0960866 0.0922282 0.797212
2 0.370879 0.585244 0.0812142 0.0900686 0.795896
2 0.184188 0.322773 0.0431094 0.0625931 0.76617
2 0.209941 0.588049 0.0842095 0.071239 0.762957
2 0.266329 0.698796 0.0971517 0.100122 0.754035
2 0.445422 0.600653 0.0831995 0.095875 0.754013
2 0.657426 0.486586 0.0668671 0.0754136 0.72135
62 0.492239 0.135107 0.11852 0.148886 0.690822
2 0.113303 0.222907 0.0498583 0.0611175 0.586978
9 0.249814 0.375868 0.0320135 0.0709989 0.50851
2 0.0328541 0.593328 0.0657081 0.0774015 0.461102
2 0.272222 0.271867 0.0453147 0.0704352 0.442055
5 0.0236348 0.121345 0.0467094 0.237228 0.426919
2 0.823689 0.397878 0.0373972 0.0649105 0.38197
0 0.0907266 0.52133 0.0169305 0.0585921 0.330695
5 0.763899 0.308146 0.135093 0.198549 0.319365
2 0.541151 0.480513 0.0794827 0.113793 0.318221
2 0.05892 0.148994 0.0264495 0.0327765 0.310993
0 0.364279 0.941636 0.0298233 0.0827267 0.310492
0 0.693854 0.574363 0.0144341 0.0788902 0.287351
9 0.584103 0.285977 0.0111491 0.0325295 0.255929
