2 0.589585 0.661228 0.080304 0.103457 0.838601
2 0.424124 0.455231 0.0569017 0.0943345 0.823497
2 0.280888 0.440058 0.0363863 0.0572744 0.794255
2 0.276917 0.755563 0.0510539 0.117281 0.731501
2 0.191472 0.227566 0.0413888 0.0565743 0.713452
62 0.492308 0.13867 0.116871 0.138765 0.675868
2 0.255174 0.600294 0.0389993 0.0882794 0.675073
2 0.257139 0.24759 0.0439928 0.063376 0.595956
2 0.116715 0.231939 0.0396003 0.0513001 0.540609
2 0.276773 0.944237 0.0506505 0.108624 0.464091
9 0.120574 0.380284 0.0126917 0.0442878 0.431855
2 0.109146 0.0549347 0.0353347 0.0524434 0.42334
2 0.281888 0.230181 0.0443532 0.0509532 0.381039
5 0.763272 0.263697 0.100877 0.129321 0.37497
9 0.155281 0.913911 0.00969083 0.0416599 0.330215
2 0.834502 0.406793 0.0436653 0.0551493 0.282089
