5 0.144893 0.627597 0.213049 0.187662 0.927241
5 0.155714 0.110115 0.0737439 0.114019 0.828906
2 0.219991 0.279024 0.040001 0.061319 0.822843
2 0.255239 0.251072 0.0436852 0.0616981 0.811335
5 0.720354 0.461442 0.0854408 0.116845 0.80936
2 0.206235 0.193263 0.0402296 0.0520816 0.802854
2 0.304204 0.246602 0.0431355 0.0652081 0.769971
2 0.249844 0.184907 0.0408557 0.0604451 0.745309
3 0.299407 0.72139 0.0339577 0.0426348 0.495485
5 0.532894 0.290851 0.127017 0.0825983 0.419105
9 0.15579 0.914007 0.00876884 0.0420441 0.337132
0 0.0806566 0.529327 0.010747 0.0511332 0.328768
0 0.101714 0.515754 0.0122228 0.051478 0.307254
62 0.492454 0.13322 0.117382 0.131255 0.277265
0 0.0717809 0.537768 0.0110287 0.0502853 0.272762
0 0.399383 0.67159 0.019115 0.0520556 0.256706
