2 0.173245 0.145008 0.0351352 0.0511019 0.82611
2 0.327317 0.264406 0.0470774 0.071337 0.780865
9 0.156267 0.913135 0.00927868 0.0398443 0.621073
0 0.75671 0.685765 0.0135616 0.0684316 0.585606
2 0.801535 0.366249 0.0615396 0.0733444 0.578509
0 0.441262 0.422854 0.0110096 0.0540402 0.562238
0 0.365211 0.94695 0.0351994 0.099941 0.543556
62 0.492062 0.128116 0.117801 0.138646 0.536866
0 0.733681 0.679139 0.0141514 0.059308 0.52065
0 0.430777 0.423979 0.0109391 0.0547418 0.511145
9 0.28945 0.795535 0.0367777 0.0514576 0.506527
2 0.280375 0.213291 0.0412253 0.068565 0.489793
2 0.236164 0.165093 0.0466887 0.0568906 0.476193
0 0.409609 0.409515 0.0098505 0.0530268 0.437063
0 0.14762 0.358541 0.0118639 0.051192 0.424899
9 0.735957 0.613329 0.0137045 0.0476089 0.407596
2 0.854965 0.421354 0.032584 0.0526829 0.404352
0 0.269302 0.267393 0.0115116 0.0412237 0.339427
0 0.20787 0.214285 0.0100925 0.0390986 0.303895
9 0.571938 0.226827 0.0142057 0.0432126 0.299463
0 0.773686 0.544636 0.0111567 0.0592336 0.298102
9 0.624146 0.250391 0.0202208 0.0759086 0.262299
