2 0.186453 0.288476 0.042119 0.0559978 0.776201
9 0.155947 0.911799 0.00954347 0.0405675 0.568581
2 0.277846 0.515724 0.0420372 0.062373 0.548659
62 0.492341 0.126598 0.118154 0.13487 0.464476
9 0.117406 0.267371 0.0143447 0.0344795 0.453905
9 0.142335 0.249679 0.0122601 0.0507406 0.413567
0 0.783813 0.517943 0.0103256 0.0566823 0.406228
0 0.732201 0.70827 0.0140121 0.0582896 0.402463
9 0.735337 0.608612 0.0140604 0.0373866 0.382765
9 0.286146 0.79885 0.0343839 0.0551256 0.3747
0 0.758891 0.72727 0.0121769 0.0732096 0.357526
0 0.746187 0.718146 0.0159223 0.0757206 0.31348
0 0.505445 0.359426 0.0122395 0.0473304 0.301408
9 0.379652 0.140118 0.0169259 0.0682135 0.250281
