2 0.155165 0.118125 0.0392484 0.0558688 0.732192
2 0.0201144 0.607522 0.0402289 0.0551699 0.72536
2 0.200834 0.171711 0.0502232 0.0802937 0.700648
9 0.288639 0.796335 0.036962 0.0484468 0.55322
9 0.155716 0.913218 0.00881295 0.0404239 0.526325
0 0.243419 0.35377 0.0117199 0.051207 0.441804
0 0.569406 0.818487 0.0177193 0.0852588 0.399684
0 0.905107 0.90059 0.0167267 0.0609543 0.36333
0 0.722249 0.733552 0.0190582 0.0852987 0.360498
0 0.759098 0.551439 0.00984716 0.0563282 0.346396
5 0.249851 0.227783 0.0651613 0.107427 0.344697
0 0.644009 0.680077 0.0145932 0.0567368 0.342224
0 0.952493 0.710437 0.0125757 0.061212 0.329226
0 0.166292 0.368359 0.0115819 0.0489204 0.321789
0 0.470183 0.741234 0.0209503 0.0754774 0.316362
0 0.178471 0.37647 0.0125902 0.0659292 0.315914
0 0.302087 0.939489 0.0137515 0.0710731 0.315326
0 0.509575 0.633598 0.0170974 0.0750247 0.275358
0 0.279263 0.970815 0.0203227 0.0567039 0.252871
