2 0.346137 0.646432 0.088883 0.100838 0.797839
2 0.213383 0.148394 0.0412314 0.0483666 0.778891
2 0.183427 0.321789 0.0417392 0.0616113 0.761731
2 0.181204 0.732604 0.0960893 0.0956207 0.748879
2 0.286757 0.283429 0.0457069 0.0685366 0.746771
2 0.19679 0.664665 0.0911519 0.0970361 0.744722
62 0.491912 0.131886 0.119244 0.146214 0.732545
2 0.238897 0.235241 0.0437753 0.0550002 0.648423
2 0.254265 0.198565 0.0420891 0.0604515 0.619815
0 0.106397 0.51092 0.0112966 0.0527072 0.536928
2 0.304487 0.246459 0.0429516 0.059588 0.449222
0 0.153608 0.469653 0.00924563 0.0532745 0.406996
0 0.0703662 0.497411 0.0115916 0.0430507 0.385855
9 0.141929 0.252201 0.0145706 0.0485602 0.361649
9 0.386438 0.221203 0.011294 0.0365149 0.298982
0 0.447502 0.343037 0.0103008 0.053565 0.287814
9 0.738128 0.611353 0.0134659 0.0399295 0.281832
