2 0.268612 0.201993 0.0423738 0.0703092 0.803109
2 0.309918 0.257811 0.0483967 0.062357 0.797438
2 0.140871 0.0712602 0.0341867 0.0542663 0.754968
2 0.218727 0.155862 0.0388781 0.059196 0.707227
7 0.192652 0.0840618 0.0486437 0.092704 0.633655
62 0.492104 0.131893 0.11808 0.140809 0.622849
5 0.0219818 0.157546 0.0438448 0.164346 0.374311
0 0.785973 0.631123 0.0137745 0.060151 0.364373
0 0.403554 0.688093 0.0151308 0.0602922 0.339608
0 0.0669115 0.260147 0.0105003 0.0421498 0.315697
0 0.196116 0.672088 0.0142493 0.0686829 0.269868
9 0.142852 0.259699 0.0131634 0.0359785 0.258793
