5 0.170576 0.123793 0.0753779 0.127409 0.84337
2 0.80645 0.404127 0.0660131 0.0852042 0.723149
0 0.0807806 0.525582 0.0128069 0.0530874 0.639486
0 0.893664 0.677523 0.0129763 0.0599843 0.6218
0 0.856491 0.705587 0.0188381 0.0678541 0.597412
0 0.804124 0.655282 0.0127739 0.0556753 0.569457
2 0.254999 0.243406 0.0454723 0.0776501 0.54353
0 0.834615 0.725607 0.0138271 0.0638396 0.463291
0 0.939953 0.746661 0.0129257 0.0623471 0.459865
2 0.219678 0.199111 0.0371688 0.0683356 0.430013
9 0.0345627 0.201448 0.0155647 0.0361446 0.40531
0 0.696956 0.715614 0.0142124 0.0539018 0.388415
0 0.129794 0.385012 0.00952163 0.0449592 0.382129
0 0.682636 0.864565 0.0152038 0.0617087 0.37174
0 0.5077 0.350743 0.00927334 0.0429728 0.366639
0 0.422466 0.516082 0.0168478 0.0571148 0.364113
0 0.821702 0.724223 0.0118071 0.0628886 0.350343
0 0.0724532 0.3036 0.010974 0.0448502 0.339352
0 0.946356 0.566452 0.014373 0.0573771 0.33297
0 0.0290128 0.504329 0.0153007 0.0575254 0.276674
0 0.264607 0.456565 0.0152623 0.0505441 0.259285
