2 0.768619 0.882901 0.0917069 0.153157 0.829913
2 0.214158 0.278149 0.0404384 0.0546178 0.816345
2 0.0287728 0.596052 0.0575456 0.0759932 0.740445
2 0.17588 0.313586 0.035932 0.0634389 0.671939
2 0.613767 0.401863 0.0754906 0.0538601 0.650416
0 0.779873 0.754284 0.015937 0.0707004 0.551684
9 0.141851 0.249661 0.0114388 0.050399 0.509143
9 0.116931 0.268019 0.0147646 0.0336794 0.434692
9 0.735078 0.609535 0.0129079 0.0374101 0.374678
0 0.185402 0.393483 0.0113781 0.0493069 0.363267
0 0.785903 0.660632 0.0118343 0.0600298 0.361276
0 0.767934 0.658913 0.015017 0.0648111 0.351997
9 0.623298 0.246061 0.0184669 0.0651392 0.346211
9 0.155308 0.914386 0.0083838 0.0392944 0.334443
9 0.582683 0.286157 0.0145593 0.0402185 0.333517
2 0.797483 0.339657 0.0627197 0.0640026 0.324318
0 0.797398 0.663301 0.0161209 0.0662112 0.322686
9 0.287453 0.799161 0.0314943 0.0583367 0.32262
0 0.366517 0.946185 0.0376157 0.0974628 0.284983
9 0.571438 0.227157 0.0140253 0.0451287 0.284418
62 0.492092 0.12745 0.117823 0.135837 0.266742
