2 0.121353 0.703662 0.0968888 0.109 0.810222
2 0.259846 0.254834 0.0451505 0.0670141 0.763853
2 0.0521532 0.80403 0.102745 0.0864583 0.725048
2 0.0284851 0.603748 0.0566833 0.0772328 0.68649
2 0.101028 0.105431 0.0218239 0.0398578 0.685307
2 0.193674 0.0976835 0.0360946 0.0567566 0.644537
0 0.503715 0.411512 0.011429 0.0529282 0.6288
2 0.094399 0.0378809 0.0366836 0.053139 0.573824
0 0.206734 0.502192 0.0143991 0.0511549 0.501602
9 0.290136 0.79533 0.0397738 0.0492381 0.495463
2 0.315158 0.258873 0.043693 0.0655153 0.477491
9 0.142198 0.250994 0.0133773 0.0514115 0.465502
0 0.234849 0.370195 0.0138728 0.0540736 0.454946
9 0.386274 0.240748 0.0133008 0.0761948 0.313765
9 0.155067 0.910455 0.00979233 0.0440102 0.310965
62 0.492288 0.125562 0.117005 0.14008 0.293177
9 0.735164 0.61165 0.0192202 0.0556173 0.285912
9 0.117389 0.268075 0.0156885 0.0346847 0.267362
9 0.571439 0.227361 0.0151094 0.0451685 0.26615
