2 0.100659 0.600574 0.0965747 0.0982967 0.812146
5 0.0989884 0.0463729 0.0669587 0.091973 0.760343
2 0.183597 0.261835 0.0433702 0.0693479 0.625067
2 0.538679 0.50347 0.0774767 0.0853093 0.623771
9 0.291716 0.797731 0.0412066 0.0502899 0.604968
2 0.797532 0.393524 0.0665294 0.0653212 0.596226
62 0.491961 0.136258 0.118658 0.131467 0.58105
2 0.267579 0.178032 0.044614 0.0699798 0.547159
2 0.172449 0.13905 0.0395176 0.068489 0.54102
9 0.155461 0.915709 0.00857205 0.0381283 0.406951
9 0.735452 0.613029 0.014636 0.0444393 0.378589
2 0.0920929 0.122282 0.0306967 0.0511906 0.368944
2 0.277319 0.281835 0.026046 0.045477 0.289355
2 0.202655 0.181181 0.0412287 0.0470784 0.273371
