2 0.260444 0.253831 0.0503827 0.0756035 0.820673
2 0.310767 0.256472 0.0433105 0.0692936 0.694887
2 0.130162 0.082124 0.0369213 0.0507689 0.647493
2 0.256493 0.185443 0.0400671 0.0606715 0.640013
62 0.492172 0.13179 0.117765 0.147334 0.620493
2 0.179601 0.134194 0.0444905 0.0554878 0.611539
2 0.211656 0.193248 0.0407036 0.0631326 0.567365
9 0.28982 0.794386 0.0388358 0.0509257 0.536287
2 0.108603 0.182586 0.03061 0.0493683 0.500769
9 0.735966 0.608133 0.011901 0.0353034 0.441382
0 0.796752 0.722695 0.0175674 0.0609253 0.347446
0 0.0712718 0.628782 0.0148388 0.0581841 0.323832
0 0.181279 0.611845 0.0190168 0.0470838 0.321258
0 0.502295 0.759732 0.0194285 0.0621511 0.307411
0 0.420545 0.538175 0.0132788 0.0550525 0.284225
0 0.217157 0.821896 0.0191649 0.0777651 0.271987
2 0.260444 0.253831 0.0503827 0.0756035 0.820673
2 0.310767 0.256472 0.0433105 0.0692936 0.694887
2 0.130162 0.082124 0.0369213 0.0507689 0.647493
2 0.256493 0.185443 0.0400671 0.0606715 0.640013
62 0.492172 0.13179 0.117765 0.147334 0.620493
2 0.179601 0.134194 0.0444905 0.0554878 0.611539
2 0.211656 0.193248 0.0407036 0.0631326 0.567365
9 0.28982 0.794386 0.0388358 0.0509257 0.536287
2 0.108603 0.182586 0.03061 0.0493683 0.500769
9 0.735966 0.608133 0.011901 0.0353034 0.441382
0 0.796752 0.722695 0.0175674 0.0609253 0.347446
0 0.0712718 0.628782 0.0148388 0.0581841 0.323832
0 0.181279 0.611845 0.0190168 0.0470838 0.321258
0 0.502295 0.759732 0.0194285 0.0621511 0.307411
0 0.420545 0.538175 0.0132788 0.0550525 0.284225
0 0.217157 0.821896 0.0191649 0.0777651 0.271987
