5 0.704519 0.905828 0.2881 0.181876 0.934312
2 0.668135 0.701814 0.0704863 0.105187 0.868909
2 0.603128 0.603968 0.0531042 0.100456 0.835719
2 0.308147 0.272086 0.0452977 0.0583238 0.800024
2 0.252007 0.258643 0.0430778 0.0610469 0.786125
2 0.231944 0.434914 0.0408403 0.0714702 0.778892
2 0.802308 0.327574 0.0549099 0.0517726 0.742484
5 0.191174 0.113441 0.0694473 0.118499 0.732144
2 0.730265 0.785934 0.0745808 0.0812015 0.61625
2 0.267615 0.211556 0.0379657 0.0652173 0.53205
62 0.492552 0.136347 0.117397 0.141415 0.483431
2 0.184091 0.330503 0.033175 0.0555656 0.405565
9 0.0346779 0.203907 0.015073 0.0377932 0.332994
2 0.868335 0.952443 0.138468 0.0913025 0.326123
2 0.0983243 0.106684 0.024902 0.0418306 0.310134
7 0.242194 0.15749 0.0469161 0.0939951 0.294549
5 0.0550831 0.396236 0.109984 0.142137 0.291893
0 0.113472 0.967477 0.0230162 0.0638111 0.289171
5 0.0224971 0.114457 0.0441961 0.227738 0.277323
2 0.122362 0.0855706 0.0415343 0.0504212 0.260588
