5 0.173523 0.132233 0.0753584 0.12574 0.918506
2 0.426924 0.616447 0.0900444 0.10887 0.869283
2 0.0984673 0.728253 0.0781769 0.0962301 0.86077
2 0.598753 0.476623 0.0771354 0.0705382 0.851559
2 0.265774 0.272838 0.0436841 0.0579344 0.804866
2 0.295122 0.231705 0.0412699 0.0625758 0.796428
5 0.114804 0.0562511 0.0703345 0.109782 0.793635
2 0.220191 0.206236 0.0400398 0.0598133 0.786387
5 0.523286 0.294433 0.109768 0.0920662 0.66243
2 0.79447 0.444833 0.0744781 0.0732715 0.638471
0 0.133176 0.93718 0.01409 0.0656345 0.442519
1 0.352788 0.694144 0.0320202 0.0533603 0.323444
0 0.56308 0.67878 0.0173683 0.0465741 0.300182
2 0.0705815 0.0146216 0.0282711 0.0292432 0.298672
3 0.352898 0.693965 0.0321061 0.053942 0.293457
5 0.0223523 0.126778 0.044253 0.248815 0.282778
0 0.187775 0.770562 0.0150864 0.0637388 0.261931
