2 0.238284 0.233636 0.0416385 0.0576118 0.825476
5 0.110199 0.0526813 0.0678862 0.103633 0.794156
2 0.17802 0.143513 0.0390682 0.0639318 0.774382
0 0.0728516 0.544324 0.0141813 0.0549191 0.645628
0 0.144998 0.501333 0.0146358 0.0511113 0.606781
0 0.282785 0.862496 0.01988 0.0697801 0.586716
2 0.287936 0.972635 0.0763 0.0531174 0.492206
0 0.795529 0.687814 0.0166957 0.0633572 0.457771
0 0.365443 0.945437 0.0344279 0.100879 0.453181
0 0.495594 0.852853 0.0145935 0.0655894 0.441526
0 0.690614 0.866457 0.0131985 0.0638099 0.418709
2 0.812753 0.4105 0.0552109 0.0792036 0.403317
2 0.803939 0.378757 0.059543 0.0661782 0.399505
0 0.918185 0.648254 0.0162584 0.0639242 0.393698
0 0.656948 0.68403 0.0132254 0.0631419 0.384739
0 0.834888 0.580717 0.0147213 0.0540992 0.371391
0 0.093889 0.555463 0.0130383 0.0546923 0.363158
5 0.0631343 0.40567 0.126269 0.176232 0.327862
0 0.644929 0.685149 0.0131246 0.0666087 0.324896
0 0.932402 0.939436 0.014333 0.0690409 0.323393
9 0.0347333 0.2032 0.0142686 0.0313034 0.306512
0 0.867454 0.560287 0.0112907 0.0465639 0.285902
5 0.766865 0.259669 0.113095 0.133791 0.257812
