5 0.295141 0.211445 0.0884868 0.130652 0.88725
2 0.1877 0.26518 0.0360222 0.0583388 0.792113
2 0.116957 0.164356 0.0361425 0.0479181 0.733431
0 0.17995 0.441135 0.0162954 0.0646946 0.641188
0 0.0681786 0.530887 0.0175325 0.0677885 0.603114
0 0.10507 0.519734 0.0128368 0.0665236 0.590322
0 0.879628 0.719528 0.0138504 0.056368 0.525848
0 0.781085 0.74138 0.0157961 0.0661999 0.457778
2 0.0860347 0.0858976 0.032464 0.0448463 0.426574
0 0.792681 0.606705 0.0140587 0.0572674 0.400111
9 0.034496 0.200427 0.0135588 0.0376551 0.379924
9 0.155489 0.91331 0.00864103 0.0401274 0.37765
0 0.113159 0.966391 0.0169714 0.0663984 0.362799
0 0.826575 0.553684 0.0135319 0.0495895 0.358353
0 0.816405 0.674702 0.0102802 0.0595493 0.358341
0 0.365542 0.943665 0.034139 0.097463 0.346793
0 0.0588478 0.288509 0.00964804 0.0463832 0.337191
2 0.237266 0.161115 0.0346835 0.0655451 0.319353
0 0.836664 0.610419 0.0123985 0.0442685 0.274391
0 0.761726 0.695859 0.0194201 0.0848875 0.266201
0 0.128922 0.975704 0.0159987 0.0485913 0.265955
0 0.527377 0.335713 0.00983419 0.0434327 0.262573
0 0.116901 0.485543 0.0105265 0.0490475 0.255821
