2 0.739941 0.860316 0.0871799 0.132053 0.814647
2 0.792186 0.374432 0.0688436 0.0784106 0.803194
2 0.276733 0.675961 0.0403299 0.0999407 0.721127
2 0.13512 0.890415 0.104125 0.105443 0.687906
62 0.492009 0.129099 0.117703 0.147946 0.549575
0 0.137117 0.467182 0.0125282 0.0528597 0.44606
2 0.889797 0.469451 0.0852615 0.0786012 0.408733
0 0.0926363 0.494644 0.0106294 0.0603424 0.394433
9 0.285861 0.79934 0.0336621 0.0532172 0.38625
5 0.768669 0.262252 0.111041 0.1284 0.321542
2 0.823957 0.40132 0.0308823 0.0570513 0.308423
0 0.0318307 0.57319 0.0169588 0.0572758 0.296386
0 0.152491 0.432718 0.0109904 0.0513828 0.295817
0 0.442686 0.321215 0.011554 0.0510637 0.27686
0 0.061092 0.511047 0.0127557 0.0540894 0.276039
0 0.0558414 0.556757 0.017565 0.0519486 0.268569
0 0.0844981 0.494078 0.0104714 0.0572776 0.253481
2 0.739941 0.860316 0.0871799 0.132053 0.814647
2 0.792186 0.374432 0.0688436 0.0784106 0.803194
2 0.276733 0.675961 0.0403299 0.0999407 0.721127
2 0.13512 0.890415 0.104125 0.105443 0.687906
62 0.492009 0.129099 0.117703 0.147946 0.549575
0 0.137117 0.467182 0.0125282 0.0528597 0.44606
2 0.889797 0.469451 0.0852615 0.0786012 0.408733
0 0.0926363 0.494644 0.0106294 0.0603424 0.394433
9 0.285861 0.79934 0.0336621 0.0532172 0.38625
5 0.768669 0.262252 0.111041 0.1284 0.321542
2 0.823957 0.40132 0.0308823 0.0570513 0.308423
0 0.0318307 0.57319 0.0169588 0.0572758 0.296386
0 0.152491 0.432718 0.0109904 0.0513828 0.295817
0 0.442686 0.321215 0.011554 0.0510637 0.27686
0 0.061092 0.511047 0.0127557 0.0540894 0.276039
0 0.0558414 0.556757 0.017565 0.0519486 0.268569
0 0.0844981 0.494078 0.0104714 0.0572776 0.253481
