2 0.76259 0.864355 0.0879165 0.137215 0.828895
2 0.223786 0.284086 0.042262 0.0615228 0.761223
2 0.234522 0.946101 0.0693205 0.104615 0.750386
2 0.0932453 0.848043 0.0612027 0.0912352 0.732486
9 0.155486 0.910567 0.0101043 0.0434075 0.656294
2 0.17575 0.303376 0.0345049 0.0641429 0.651151
0 0.532539 0.349164 0.0132133 0.0538038 0.609534
2 0.189257 0.0888816 0.0380208 0.0459167 0.595264
9 0.142086 0.249968 0.0125112 0.0512084 0.532389
9 0.288274 0.80025 0.0329417 0.0465132 0.52879
2 0.680342 0.346421 0.0664558 0.0634557 0.526985
5 0.680563 0.345956 0.067274 0.0637161 0.497964
0 0.745255 0.688408 0.0125706 0.0482778 0.485976
0 0.365114 0.945521 0.0322519 0.0989987 0.484281
0 0.157455 0.459908 0.0123036 0.0527541 0.425729
0 0.780528 0.648418 0.0146687 0.0662764 0.423612
9 0.736197 0.610733 0.0142138 0.0513557 0.420181
2 0.834709 0.44507 0.0342844 0.0470532 0.411072
0 0.443498 0.351741 0.0123865 0.0557336 0.362334
9 0.143079 0.26736 0.011218 0.0197893 0.306771
9 0.117808 0.267619 0.0132282 0.0327928 0.304625
9 0.625793 0.250637 0.0248205 0.0800548 0.302211
2 0.760682 0.403418 0.0312237 0.0426834 0.298964
62 0.492354 0.125468 0.11784 0.138999 0.280442
0 0.168462 0.453792 0.017304 0.0553933 0.26082
7 0.0651081 0.404255 0.130216 0.182921 0.25469
