5 0.488086 0.369968 0.129057 0.16987 0.844761
2 0.220338 0.216098 0.0432664 0.0610103 0.832515
2 0.429308 0.479766 0.0538785 0.0699883 0.825447
5 0.312929 0.313958 0.0981705 0.161383 0.815275
2 0.266159 0.623215 0.045261 0.0927751 0.808876
2 0.157009 0.128527 0.0415485 0.0512735 0.80559
5 0.342554 0.273088 0.0932008 0.146503 0.798895
2 0.273529 0.209577 0.0375954 0.0564173 0.750455
2 0.730302 0.334764 0.0690111 0.0696164 0.706694
2 0.236325 0.175561 0.0367813 0.0533411 0.649055
2 0.812871 0.2922 0.0463432 0.0561837 0.560561
2 0.0992765 0.0522647 0.0346528 0.0480828 0.548609
2 0.105181 0.115336 0.0268995 0.0423772 0.545073
2 0.808937 0.370254 0.0602017 0.0932606 0.493737
5 0.0222108 0.123067 0.04365 0.244102 0.470184
2 0.0938906 0.192563 0.0281452 0.0554851 0.443512
5 0.527089 0.290182 0.11066 0.0830031 0.375246
0 0.678451 0.860818 0.011919 0.056368 0.264771
