2 0.468011 0.509858 0.0598083 0.0823254 0.847369
2 0.22422 0.280419 0.0430398 0.0500447 0.83175
2 0.294273 0.50086 0.0396988 0.0780958 0.797622
2 0.259122 0.256111 0.0499018 0.0541773 0.752822
2 0.200117 0.160584 0.0255044 0.0497786 0.717181
2 0.81765 0.371086 0.0366737 0.0622997 0.68521
2 0.32694 0.331757 0.0534995 0.0877295 0.680474
2 0.759654 0.321994 0.062005 0.0595603 0.648128
2 0.730083 0.843954 0.0725519 0.124031 0.638123
5 0.265043 0.356065 0.0640488 0.120247 0.596718
5 0.525075 0.291075 0.11442 0.0841605 0.516985
7 0.15899 0.182708 0.0513846 0.0887176 0.402183
2 0.184029 0.328563 0.0343277 0.055594 0.377673
2 0.152286 0.295646 0.0360936 0.0649756 0.370022
2 0.104315 0.152571 0.0340832 0.0546441 0.36853
2 0.265136 0.355408 0.06379 0.120398 0.367407
0 0.132654 0.972928 0.0123827 0.0522532 0.326589
5 0.765652 0.259251 0.107157 0.124662 0.32479
2 0.139414 0.1066 0.0314401 0.0420137 0.314921
9 0.287668 0.797106 0.0323545 0.0496948 0.296123
5 0.158954 0.181664 0.0519508 0.0887436 0.292435
5 0.244628 0.143663 0.0391418 0.063489 0.290704
2 0.100624 0.0639811 0.0294446 0.0352472 0.279644
7 0.244878 0.14364 0.0386599 0.0632383 0.27582
0 0.118538 0.518223 0.0156705 0.0623252 0.25043
