5 0.221267 0.186443 0.0844898 0.133342 0.835805
2 0.168885 0.306441 0.0442043 0.0753332 0.681585
0 0.106337 0.513186 0.014478 0.058292 0.476064
0 0.948909 0.668237 0.0140959 0.0626871 0.464803
0 0.920047 0.680502 0.0145452 0.0616581 0.448308
0 0.0869657 0.507747 0.0103897 0.0496365 0.437737
0 0.0313249 0.584185 0.01207 0.0587289 0.423791
0 0.933446 0.656364 0.0107981 0.0562164 0.362841
0 0.0580023 0.564834 0.0124993 0.0545805 0.359091
0 0.120866 0.503583 0.00873768 0.0537003 0.335781
9 0.0351013 0.201963 0.0130456 0.0359471 0.311095
0 0.547112 0.356298 0.00837994 0.0414546 0.28536
9 0.155291 0.913147 0.00857744 0.0399024 0.253425
