2 0.350235 0.647435 0.0969736 0.103184 0.884864
2 0.0976883 0.663368 0.0776084 0.0907984 0.878856
5 0.303116 0.212055 0.0893245 0.137403 0.824195
2 0.539377 0.455345 0.0699049 0.0651879 0.802269
2 0.507473 0.517579 0.0739355 0.0797017 0.796806
2 0.259003 0.249011 0.0492791 0.0784601 0.792089
2 0.61753 0.374005 0.0646667 0.0630464 0.684129
2 0.812297 0.362667 0.0501913 0.0773101 0.67741
5 0.70539 0.458364 0.111415 0.110397 0.601203
0 0.75992 0.572772 0.0153884 0.0560337 0.494598
0 0.871075 0.709779 0.0130482 0.0547197 0.481177
0 0.907757 0.543977 0.0115089 0.0537237 0.480935
0 0.704403 0.646719 0.0123497 0.0821314 0.466137
0 0.518955 0.784419 0.0290043 0.0875932 0.459597
0 0.0616237 0.509636 0.0103609 0.0472061 0.458464
0 0.95638 0.601868 0.0121845 0.0536413 0.390461
9 0.0349506 0.200841 0.0142313 0.0367235 0.337247
0 0.843688 0.576645 0.0126049 0.0530545 0.302921
0 0.683494 0.867974 0.0126099 0.0632775 0.287241
7 0.706248 0.458414 0.112753 0.110008 0.285409
0 0.817879 0.58287 0.0141123 0.04445 0.27427
