2 0.256649 0.253117 0.0418099 0.0648328 0.813586
2 0.302635 0.246089 0.0449466 0.0629649 0.780379
2 0.215553 0.19569 0.0394353 0.0634204 0.748039
2 0.134003 0.172668 0.0387733 0.0459249 0.743746
0 0.481372 0.781173 0.0154673 0.0665741 0.667813
2 0.168104 0.136993 0.0369463 0.0571791 0.63872
2 0.7919 0.381606 0.0615335 0.0656236 0.627933
0 0.929281 0.662803 0.0149212 0.0607819 0.579687
9 0.289832 0.801416 0.0337725 0.0413439 0.561927
62 0.491627 0.128648 0.117707 0.144236 0.509039
0 0.110246 0.972203 0.0131608 0.0498359 0.434964
2 0.111994 0.206321 0.0228222 0.0347266 0.430322
0 0.362817 0.467949 0.0131493 0.0553948 0.38293
0 0.614818 0.689736 0.0163172 0.0615039 0.367714
0 0.830244 0.670491 0.0134205 0.0549542 0.358614
0 0.219625 0.539972 0.00866561 0.0442288 0.358237
0 0.819964 0.695265 0.0136066 0.0699787 0.341695
2 0.826321 0.398987 0.0401314 0.0568383 0.310274
0 0.158727 0.387287 0.0176179 0.053075 0.307853
5 0.768556 0.261979 0.111158 0.122425 0.303926
0 0.364217 0.946295 0.0313171 0.0963116 0.303482
0 0.549567 0.748501 0.018701 0.0861362 0.298959
0 0.716028 0.767138 0.0145763 0.0590814 0.29178
0 0.118098 0.272824 0.0147428 0.0673797 0.270897
0 0.123499 0.390786 0.0155691 0.0653809 0.26606
9 0.735764 0.610215 0.0115917 0.0361031 0.263573
0 0.955643 0.777849 0.0127611 0.0515435 0.25636
2 0.256649 0.253117 0.0418099 0.0648328 0.813586
2 0.302635 0.246089 0.0449466 0.0629649 0.780379
2 0.215553 0.19569 0.0394353 0.0634204 0.748039
2 0.134003 0.172668 0.0387733 0.0459249 0.743746
0 0.481372 0.781173 0.0154673 0.0665741 0.667813
2 0.168104 0.136993 0.0369463 0.0571791 0.63872
2 0.7919 0.381606 0.0615335 0.0656236 0.627933
0 0.929281 0.662803 0.0149212 0.0607819 0.579687
9 0.289832 0.801416 0.0337725 0.0413439 0.561927
62 0.491627 0.128648 0.117707 0.144236 0.509039
0 0.110246 0.972203 0.0131608 0.0498359 0.434964
2 0.111994 0.206321 0.0228222 0.0347266 0.430322
0 0.362817 0.467949 0.0131493 0.0553948 0.38293
0 0.614818 0.689736 0.0163172 0.0615039 0.367714
0 0.830244 0.670491 0.0134205 0.0549542 0.358614
0 0.219625 0.539972 0.00866561 0.0442288 0.358237
0 0.819964 0.695265 0.0136066 0.0699787 0.341695
2 0.826321 0.398987 0.0401314 0.0568383 0.310274
0 0.158727 0.387287 0.0176179 0.053075 0.307853
5 0.768556 0.261979 0.111158 0.122425 0.303926
0 0.364217 0.946295 0.0313171 0.0963116 0.303482
0 0.549567 0.748501 0.018701 0.0861362 0.298959
0 0.716028 0.767138 0.0145763 0.0590814 0.29178
0 0.118098 0.272824 0.0147428 0.0673797 0.270897
0 0.123499 0.390786 0.0155691 0.0653809 0.26606
9 0.735764 0.610215 0.0115917 0.0361031 0.263573
0 0.955643 0.777849 0.0127611 0.0515435 0.25636
