2 0.788766 0.44195 0.0561653 0.0722853 0.758081
0 0.753752 0.710281 0.0153563 0.066099 0.638746
0 0.727417 0.659865 0.0138191 0.0630291 0.496313
0 0.64599 0.359096 0.0127287 0.0623973 0.441018
0 0.531251 0.368986 0.0118185 0.0568397 0.430413
0 0.705234 0.851887 0.0245786 0.0714342 0.383114
0 0.136988 0.564956 0.0136502 0.0548587 0.335373
3 0.779637 0.390058 0.0356099 0.0497429 0.326474
0 0.556038 0.847362 0.0177433 0.0527351 0.323906
0 0.0623772 0.607319 0.0118849 0.0567271 0.314637
62 0.491769 0.127831 0.117933 0.136849 0.296845
9 0.155475 0.911917 0.00894432 0.0433507 0.290422
0 0.142835 0.389277 0.0107969 0.0512999 0.288897
0 0.338493 0.542446 0.0183015 0.0637017 0.284371
9 0.0345027 0.204254 0.0131306 0.0382165 0.273725
0 0.0314508 0.615641 0.0140176 0.0624349 0.271855
5 0.533162 0.303507 0.126559 0.112741 0.257795
