2 0.465617 0.576894 0.0812035 0.0886542 0.812247
2 0.342781 0.52139 0.0768877 0.0743712 0.809
5 0.228379 0.195197 0.0774058 0.119981 0.802638
2 0.290365 0.283781 0.0439394 0.0662453 0.6878
2 0.681057 0.432402 0.0674389 0.0764567 0.666699
0 0.784743 0.76148 0.0138632 0.064652 0.568704
0 0.793695 0.542472 0.0108258 0.0525297 0.551422
0 0.821971 0.741265 0.0148561 0.0586109 0.460459
0 0.9053 0.649028 0.0148823 0.0517714 0.439825
9 0.0347959 0.202797 0.0145562 0.0339031 0.432218
2 0.814768 0.365297 0.0406199 0.0618703 0.425231
3 0.325777 0.617313 0.0381263 0.0609577 0.36329
0 0.952846 0.685795 0.0208313 0.0589866 0.359456
9 0.155406 0.912189 0.00847473 0.0417728 0.357969
0 0.800869 0.632457 0.0155703 0.0582936 0.3386
0 0.763291 0.673899 0.0163172 0.0696304 0.318164
0 0.833821 0.563058 0.018774 0.0521491 0.313452
0 0.0541812 0.522112 0.015307 0.0542035 0.302036
2 0.325746 0.617401 0.0379827 0.0609216 0.261533
