2 0.252321 0.242487 0.0406746 0.0661342 0.819036
2 0.780503 0.397655 0.0634639 0.0685298 0.723033
0 0.441677 0.545967 0.0111708 0.0488978 0.632482
2 0.819095 0.283557 0.0382866 0.0516909 0.606644
0 0.142707 0.421743 0.0116796 0.059472 0.555321
2 0.820288 0.407713 0.039999 0.0627664 0.544719
0 0.714294 0.842351 0.0152077 0.063757 0.531358
0 0.513547 0.739703 0.0148902 0.0674717 0.52913
0 0.808366 0.673364 0.0167353 0.0665153 0.49714
0 0.337889 0.583959 0.0132145 0.0639906 0.490719
0 0.797797 0.666109 0.0128196 0.0637392 0.455842
0 0.116542 0.526084 0.0173494 0.0652642 0.43789
0 0.314507 0.447349 0.0150663 0.0468602 0.43308
0 0.836925 0.520971 0.0125814 0.0507369 0.416345
0 0.941864 0.686641 0.0174084 0.05908 0.383885
0 0.492128 0.578021 0.0184605 0.0536309 0.378132
0 0.882135 0.664495 0.0167984 0.0591003 0.374018
0 0.0110914 0.534164 0.0120192 0.0475738 0.361248
9 0.0350528 0.201678 0.0136618 0.0372492 0.339705
0 0.94801 0.529485 0.0149031 0.0601064 0.334177
0 0.364958 0.942161 0.033477 0.0956248 0.324261
0 0.618109 0.520085 0.01586 0.0580681 0.322197
0 0.219317 0.557564 0.0149471 0.0568225 0.320757
0 0.628324 0.503758 0.0120594 0.0508706 0.295448
0 0.140255 0.507214 0.0170378 0.0640984 0.283867
62 0.49214 0.12922 0.118038 0.14523 0.274503
2 0.849861 0.421952 0.0226017 0.0505702 0.257791
0 0.928948 0.666673 0.0138334 0.0616657 0.255962
0 0.873397 0.658423 0.0121113 0.0578162 0.253522
