5 0.22538 0.196282 0.0840381 0.134978 0.906224
5 0.642359 0.921416 0.224472 0.153676 0.905301
2 0.599249 0.679492 0.0693581 0.111955 0.858994
2 0.276941 0.286802 0.0420101 0.0562099 0.739821
2 0.822712 0.965143 0.076965 0.0679494 0.68797
5 0.314028 0.227897 0.0772 0.153406 0.679816
2 0.688692 0.446767 0.0713817 0.0647066 0.657736
2 0.679017 0.396145 0.0670362 0.0533685 0.630136
2 0.664134 0.502739 0.0617016 0.0698964 0.606079
5 0.556982 0.915407 0.274329 0.1606 0.573434
2 0.109089 0.0652293 0.0318872 0.0505062 0.564516
62 0.49218 0.131389 0.117022 0.144391 0.544941
2 0.140207 0.108843 0.0357124 0.0520807 0.537149
2 0.183523 0.331372 0.0320207 0.0531503 0.481698
0 0.564017 0.576332 0.0148214 0.0571906 0.447058
6 0.983565 0.046227 0.0321125 0.0871759 0.432274
5 0.531888 0.28784 0.112289 0.0787642 0.395362
0 0.140688 0.56407 0.0146698 0.0569699 0.381875
0 0.148407 0.829545 0.0182229 0.0745402 0.33532
0 0.11789 0.825465 0.0145456 0.0705516 0.304413
3 0.312054 0.641464 0.0333048 0.0427382 0.296287
2 0.0949974 0.678053 0.0862944 0.0858183 0.280476
9 0.161973 0.244065 0.0112472 0.0374182 0.267664
9 0.0350018 0.205413 0.0148594 0.0431816 0.253341
