5 0.769466 0.856734 0.186985 0.27691 0.917179
5 0.408312 0.32782 0.109731 0.153643 0.913202
5 0.132477 0.144226 0.0755298 0.119561 0.874285
2 0.403983 0.435397 0.0586748 0.0780072 0.839647
5 0.521356 0.91687 0.17107 0.162798 0.820148
2 0.288164 0.610373 0.0358378 0.0824809 0.807102
2 0.231307 0.183654 0.0448159 0.0530764 0.755085
2 0.245217 0.344313 0.0381622 0.0578904 0.731845
2 0.712356 0.335761 0.077903 0.0553385 0.711011
2 0.276653 0.454209 0.0331574 0.0831095 0.648856
5 0.0213175 0.125832 0.0421028 0.247526 0.552259
2 0.176848 0.319204 0.0430333 0.0589126 0.53664
2 0.115086 0.0610238 0.0341219 0.0501038 0.468302
5 0.5232 0.287594 0.103131 0.0793688 0.403575
0 0.929837 0.882966 0.0163002 0.0999115 0.361612
2 0.197769 0.246816 0.0193356 0.0479002 0.35849
2 0.257111 0.90982 0.0717293 0.175628 0.353341
0 0.103239 0.510916 0.0145777 0.0799627 0.321814
5 0.447253 0.944688 0.127746 0.109348 0.290859
62 0.491356 0.128721 0.118097 0.138933 0.285331
