5 0.423479 0.440836 0.121642 0.184377 0.945769
2 0.357452 0.302376 0.0455924 0.0722375 0.844148
2 0.469387 0.382013 0.072337 0.0758307 0.830321
2 0.251425 0.17861 0.0395359 0.0641274 0.782044
9 0.155713 0.913925 0.00852487 0.0409587 0.440845
5 0.534116 0.295311 0.126089 0.0928521 0.394218
0 0.11619 0.979709 0.0174773 0.0397171 0.331211
9 0.572452 0.229888 0.0136429 0.0413801 0.306041
0 0.364353 0.943843 0.032215 0.0930851 0.271288
2 0.293181 0.247118 0.0336049 0.0412945 0.26081
0 0.12742 0.495287 0.0154285 0.0573354 0.256205
