2 0.264598 0.709227 0.0459016 0.0938909 0.831541
2 0.134404 0.228102 0.0427419 0.0836965 0.54982
0 0.117676 0.971762 0.0171904 0.0564767 0.435249
0 0.890653 0.662042 0.0109961 0.0507085 0.414362
0 0.813542 0.655729 0.013217 0.0576803 0.401793
0 0.829298 0.540799 0.0133348 0.0476925 0.35667
9 0.0350817 0.203549 0.0145123 0.0335842 0.34362
0 0.138229 0.973718 0.0192367 0.0517737 0.336469
0 0.789854 0.520471 0.0131709 0.0502116 0.334782
0 0.781622 0.737998 0.0145451 0.0662245 0.314341
2 0.287816 0.79054 0.0311845 0.0526154 0.298939
2 0.240524 0.951752 0.111934 0.0950392 0.274053
0 0.832739 0.694752 0.0126621 0.0594421 0.262121
