2 0.471455 0.512323 0.0546773 0.0781979 0.81161
2 0.283327 0.694155 0.041861 0.0889595 0.777265
2 0.264059 0.271646 0.0461509 0.0608001 0.762258
2 0.633437 0.707124 0.062829 0.0982396 0.754589
2 0.200741 0.17664 0.039238 0.0590531 0.753854
2 0.19641 0.260084 0.0423296 0.0559901 0.730551
2 0.265768 0.414783 0.0352974 0.0623656 0.691772
5 0.115769 0.0595369 0.0505477 0.086897 0.648556
2 0.608398 0.423466 0.0726021 0.0492745 0.615283
62 0.49168 0.135232 0.11818 0.146371 0.59178
7 0.286652 0.203724 0.0884954 0.156715 0.562179
2 0.263449 0.972291 0.0622284 0.0546907 0.510579
5 0.121721 0.175581 0.0569712 0.0857806 0.485322
2 0.661049 0.366712 0.0576925 0.0557507 0.377669
5 0.533234 0.292254 0.117648 0.0879245 0.375025
9 0.287277 0.797383 0.0352785 0.0541189 0.345095
9 0.155556 0.915408 0.00815408 0.0415222 0.327679
5 0.768611 0.257281 0.110652 0.123615 0.252087
