5 0.531174 0.292424 0.123076 0.0905963 0.710864
2 0.256698 0.409016 0.0393524 0.0669446 0.709529
2 0.110497 0.0581355 0.0375163 0.0558489 0.682456
7 0.189342 0.233457 0.057323 0.101929 0.648328
2 0.143505 0.170617 0.0365969 0.0585627 0.627008
62 0.492109 0.133834 0.118188 0.147207 0.607908
2 0.159721 0.124384 0.039 0.057152 0.600019
5 0.0216484 0.121326 0.0428236 0.236446 0.597047
7 0.268456 0.179107 0.0451736 0.0710255 0.557215
5 0.767578 0.262652 0.107154 0.126538 0.487739
9 0.288492 0.798208 0.0354084 0.0478304 0.478821
2 0.785346 0.385719 0.0510666 0.0600588 0.474045
2 0.820845 0.406506 0.0403149 0.0593055 0.45767
9 0.155381 0.914202 0.00888786 0.0392395 0.427712
2 0.287452 0.292911 0.0257785 0.0423098 0.291288
0 0.0454842 0.565085 0.0140138 0.058559 0.277508
2 0.714903 0.373122 0.0313194 0.0381344 0.274495
