2 0.728399 0.829922 0.0954268 0.150705 0.855629
2 0.100313 0.740147 0.0811488 0.101543 0.85233
5 0.165794 0.112702 0.0843344 0.139084 0.852315
5 0.262026 0.173284 0.0812037 0.130925 0.84141
2 0.56656 0.494664 0.0798763 0.0928535 0.795169
2 0.447939 0.590984 0.0805016 0.0957784 0.780712
2 0.286798 0.450551 0.040277 0.0714844 0.766784
2 0.156634 0.579272 0.0847386 0.0759696 0.741255
2 0.58897 0.441355 0.0728876 0.0567386 0.65461
2 0.215241 0.194745 0.0469232 0.0732276 0.630827
2 0.229492 0.661971 0.0908373 0.0953707 0.617213
2 0.807235 0.37595 0.0566711 0.0610289 0.612899
62 0.491982 0.133782 0.117864 0.142415 0.601599
5 0.0216813 0.123136 0.0428615 0.241096 0.580544
2 0.256385 0.601054 0.0880289 0.060886 0.570866
2 0.0274135 0.638093 0.0546354 0.0516034 0.568129
9 0.288226 0.796781 0.0357027 0.0511041 0.476902
2 0.694112 0.355931 0.0566322 0.0647915 0.469286
5 0.524359 0.292775 0.106042 0.0924556 0.441844
2 0.279175 0.282865 0.0269432 0.0470059 0.439761
2 0.711351 0.460996 0.0690693 0.0703062 0.420105
2 0.234894 0.330536 0.0367048 0.0671988 0.33478
0 0.74213 0.706016 0.0154652 0.0658129 0.314848
2 0.821387 0.277326 0.0318295 0.0637282 0.307891
5 0.114702 0.264598 0.0452527 0.11837 0.280959
9 0.583836 0.286335 0.0105175 0.0294502 0.264621
3 0.229839 0.661431 0.0904092 0.0989488 0.252502
