0 0.950053 0.686746 0.0179531 0.0643085 0.606442
0 0.715776 0.831793 0.0137815 0.0676312 0.568621
0 0.0901159 0.581582 0.016056 0.0556184 0.564053
7 0.812249 0.384925 0.0580918 0.120658 0.543087
0 0.77031 0.699564 0.0142345 0.0620712 0.509605
0 0.365237 0.943895 0.0327126 0.097208 0.479097
0 0.492382 0.479106 0.0103899 0.0464474 0.477166
0 0.162825 0.512243 0.0140314 0.0465969 0.469427
0 0.136016 0.472004 0.0113984 0.0468577 0.466684
0 0.0710297 0.481526 0.0120585 0.0552051 0.46588
0 0.0769481 0.634969 0.0146883 0.0559069 0.443081
0 0.689175 0.677301 0.0127684 0.0617054 0.435042
0 0.573269 0.581442 0.0151189 0.0607089 0.422894
0 0.481191 0.494928 0.0110079 0.0498176 0.421516
0 0.838185 0.747199 0.0164322 0.0574612 0.40724
0 0.251224 0.87393 0.0163338 0.0659247 0.380075
0 0.753111 0.739938 0.0130758 0.0555945 0.378473
0 0.829175 0.624045 0.0136414 0.0454853 0.361441
0 0.811872 0.618226 0.0124228 0.0389864 0.350192
0 0.619798 0.337116 0.00992355 0.0462146 0.34818
9 0.0350646 0.20066 0.0141355 0.0349502 0.345198
0 0.120618 0.939951 0.0224217 0.0775565 0.330966
0 0.854774 0.528542 0.0149611 0.0533368 0.285166
0 0.785688 0.667422 0.0152946 0.0534373 0.280358
0 0.578104 0.79433 0.0198829 0.0640303 0.271798
0 0.432899 0.496355 0.0119516 0.0522292 0.269599
