2 0.179851 0.563415 0.0884994 0.0756521 0.854254
2 0.497575 0.522526 0.0764256 0.0858596 0.813685
2 0.11521 0.663998 0.104159 0.0781745 0.803949
2 0.24556 0.23864 0.0441832 0.0752817 0.802858
2 0.409499 0.601839 0.0888065 0.106866 0.761626
2 0.419242 0.514744 0.0766533 0.0704265 0.743726
62 0.49176 0.137569 0.117437 0.129624 0.701196
2 0.648749 0.502876 0.0649406 0.0821542 0.656551
2 0.760571 0.353678 0.0506999 0.0614724 0.497808
5 0.76754 0.262319 0.115954 0.129627 0.457887
2 0.789487 0.379155 0.0607896 0.0699712 0.384075
0 0.673403 0.873759 0.012905 0.0619144 0.34918
0 0.13147 0.937333 0.0162044 0.0762194 0.324948
2 0.634992 0.397854 0.0743216 0.0611791 0.262728
