2 0.275925 0.678283 0.0414427 0.0932149 0.830276
2 0.362303 0.31906 0.0474397 0.0803081 0.776221
2 0.817791 0.406626 0.0670515 0.0731632 0.564867
0 0.0258287 0.560158 0.0139549 0.0644175 0.39822
0 0.0642388 0.545099 0.0114296 0.0586504 0.322173
0 0.0663286 0.543913 0.0127456 0.0567799 0.295246
2 0.111166 0.231476 0.0362616 0.0497001 0.288278
0 0.0777423 0.537956 0.0118323 0.051855 0.281607
0 0.137868 0.975251 0.0143529 0.0472824 0.267516
0 0.429818 0.32935 0.0105972 0.0530749 0.266124
3 0.804753 0.958962 0.0338631 0.0746414 0.260312
