2 0.804198 0.387628 0.0679623 0.0578857 0.722469
0 0.751425 0.736041 0.0171656 0.0614566 0.577013
0 0.910628 0.621342 0.0151024 0.0589463 0.559431
6 0.904301 0.0445268 0.190205 0.0885278 0.552721
0 0.760149 0.661948 0.0146893 0.0577064 0.549257
0 0.561073 0.615771 0.0175888 0.0713741 0.492103
0 0.959256 0.660488 0.0186749 0.0728244 0.487658
0 0.365107 0.942692 0.0331322 0.0948781 0.480114
0 0.946689 0.603157 0.0143578 0.0747791 0.470628
0 0.865125 0.635223 0.0112911 0.0577652 0.443155
9 0.0350148 0.200119 0.0147364 0.035824 0.404642
0 0.0310252 0.518969 0.0138133 0.0479972 0.385914
0 0.857183 0.708435 0.0103683 0.0582855 0.300033
0 0.0194864 0.551181 0.0203575 0.0548586 0.28497
0 0.791815 0.559285 0.0132977 0.0509744 0.263445
0 0.95696 0.546013 0.0166412 0.0527625 0.250875
