2 0.232389 0.660857 0.0925612 0.0994019 0.825091
2 0.348842 0.601052 0.0861092 0.095845 0.814575
2 0.443101 0.479234 0.0660166 0.107671 0.785768
2 0.102643 0.717738 0.0797739 0.108748 0.785046
2 0.126774 0.170417 0.0380646 0.0452082 0.757678
2 0.188235 0.240533 0.0412608 0.0595836 0.755657
2 0.809786 0.940918 0.0937005 0.116332 0.752742
2 0.171284 0.899846 0.0913192 0.104843 0.719843
2 0.0276658 0.601474 0.0550378 0.0750788 0.602757
0 0.102789 0.51893 0.0143696 0.0593271 0.589126
2 0.283582 0.91408 0.0509119 0.118401 0.587028
0 0.132878 0.491906 0.0127122 0.0669108 0.581625
9 0.142383 0.250629 0.0127019 0.0530283 0.493532
9 0.144872 0.250758 0.0185582 0.0549074 0.447134
2 0.622173 0.487248 0.097993 0.126918 0.410424
0 0.160527 0.355147 0.0161275 0.0598281 0.3292
9 0.287271 0.799127 0.0311856 0.0520738 0.29146
0 0.765808 0.671374 0.0134788 0.0697625 0.265837
