2 0.317858 0.254806 0.0448229 0.0666323 0.817235
2 0.787072 0.829189 0.084714 0.124473 0.801532
9 0.155809 0.911605 0.00907722 0.0410027 0.580017
9 0.2889 0.795188 0.0376356 0.0500743 0.510023
0 0.00600582 0.483207 0.0119943 0.0857407 0.403812
0 0.394459 0.829093 0.0176729 0.0696893 0.361096
9 0.623777 0.246487 0.019194 0.076106 0.341444
9 0.143049 0.250335 0.0156212 0.0506847 0.341214
0 0.135089 0.36135 0.011988 0.055752 0.339958
62 0.492238 0.125964 0.11858 0.144706 0.332161
9 0.117605 0.267259 0.0144248 0.0341982 0.319028
2 0.231606 0.133224 0.0347532 0.0473292 0.282133
