2 0.225379 0.217401 0.0402355 0.0561622 0.838668
2 0.32324 0.274362 0.0487027 0.0666142 0.819304
2 0.823656 0.429064 0.068296 0.0682929 0.78747
2 0.789995 0.386574 0.0600752 0.0598546 0.782663
7 0.826858 0.86398 0.111171 0.173624 0.628272
2 0.205335 0.133503 0.0377337 0.0542327 0.617827
0 0.30415 0.663209 0.0162573 0.0599396 0.572031
9 0.155583 0.913052 0.00853579 0.0402496 0.481701
0 0.259922 0.6466 0.0115685 0.0494965 0.469584
9 0.287872 0.793432 0.0335182 0.0506661 0.452379
0 0.587066 0.708505 0.0140983 0.0642199 0.351764
0 0.744411 0.639007 0.0145256 0.0580211 0.347996
0 0.507115 0.785881 0.0197294 0.107484 0.333171
62 0.492067 0.128962 0.117335 0.13904 0.332142
0 0.271765 0.638794 0.0106749 0.046896 0.318919
9 0.0350141 0.202007 0.0150299 0.0381867 0.317137
2 0.8893 0.467494 0.0751188 0.0877317 0.316071
5 0.767094 0.260352 0.109631 0.131665 0.313502
0 0.543657 0.758427 0.0177039 0.0680333 0.279279
0 0.167834 0.541126 0.0133936 0.0482279 0.261419
