2 0.48312 0.59488 0.0812346 0.089249 0.783454
2 0.183619 0.322327 0.0420018 0.0623121 0.771411
62 0.491478 0.136887 0.118216 0.151323 0.72702
2 0.263273 0.249545 0.0411881 0.0656533 0.638186
2 0.152474 0.116281 0.0420609 0.0689361 0.518532
2 0.227345 0.216311 0.0372715 0.0508757 0.514554
2 0.190046 0.164685 0.0386674 0.0586716 0.504595
2 0.235904 0.162958 0.041701 0.0583334 0.456256
2 0.293804 0.232616 0.0435056 0.0657797 0.416309
2 0.807474 0.843843 0.0869724 0.128364 0.408188
0 0.0942283 0.497674 0.0114296 0.0573697 0.365373
9 0.7362 0.615212 0.0142096 0.0518738 0.317733
2 0.864394 0.425746 0.0554832 0.0640922 0.293343
9 0.386616 0.22377 0.0114269 0.0351217 0.27141
2 0.0199957 0.591781 0.0395506 0.0714108 0.254584
