5 0.302723 0.234679 0.0908265 0.134089 0.869347
5 0.573155 0.914643 0.160625 0.165765 0.810945
5 0.827249 0.91951 0.308985 0.15776 0.78255
2 0.205648 0.194012 0.0402024 0.0540267 0.664762
2 0.447881 0.387147 0.0598984 0.0695094 0.635015
2 0.800968 0.843392 0.0852345 0.116747 0.575752
2 0.251306 0.244373 0.0415444 0.0660654 0.573209
2 0.722471 0.33414 0.0563665 0.0436891 0.531143
2 0.211506 0.143041 0.0376644 0.0529163 0.449014
2 0.836928 0.429019 0.0468746 0.0661537 0.407157
2 0.245448 0.184175 0.0337574 0.0591657 0.349875
2 0.280247 0.291977 0.0418984 0.0565804 0.301521
5 0.522447 0.289881 0.10315 0.0868026 0.292659
2 0.554842 0.430477 0.0681671 0.0422529 0.279387
2 0.165095 0.309776 0.0379775 0.0509531 0.271124
