5 0.230782 0.200201 0.0854879 0.135924 0.875237
2 0.596315 0.480994 0.0698031 0.0807861 0.858097
5 0.144936 0.0923645 0.0731563 0.118829 0.844526
2 0.482982 0.577329 0.0788848 0.0834476 0.8237
2 0.776756 0.428512 0.0645201 0.0747382 0.820671
5 0.0657837 0.405551 0.131148 0.177412 0.77701
2 0.0463461 0.651461 0.0733548 0.0597995 0.733989
2 0.729545 0.408426 0.0598252 0.0670642 0.683191
0 0.741123 0.587387 0.0157616 0.0627535 0.565863
0 0.940537 0.517904 0.0169928 0.0562966 0.395351
0 0.429492 0.316637 0.00807257 0.043292 0.298962
9 0.155448 0.912402 0.00858045 0.0409868 0.280112
0 0.365343 0.942937 0.0336835 0.0984511 0.27961
9 0.0351069 0.202586 0.0142673 0.0343027 0.279139
0 0.379844 0.251073 0.0115167 0.0628555 0.26199
0 0.690897 0.859722 0.0127666 0.0678033 0.253229
