2 0.441207 0.594324 0.0815565 0.0924655 0.853289
5 0.770783 0.428684 0.0905039 0.14141 0.834524
2 0.354907 0.508674 0.0652897 0.0699648 0.818319
2 0.771374 0.896938 0.0895632 0.129931 0.811041
2 0.0506425 0.621943 0.0868632 0.0778489 0.805112
2 0.254197 0.247414 0.0389608 0.0685643 0.775783
2 0.538441 0.437384 0.0722303 0.0663809 0.735694
2 0.146519 0.106118 0.0351483 0.0599855 0.701579
5 0.533622 0.304509 0.125098 0.102629 0.565777
2 0.705202 0.384563 0.0639631 0.056424 0.446837
0 0.279662 0.481841 0.0183987 0.0495176 0.445689
2 0.181408 0.151306 0.0408258 0.0681427 0.407063
0 0.101823 0.506273 0.0148503 0.058478 0.378052
2 0.214172 0.193374 0.0440265 0.0771623 0.351644
0 0.689144 0.8632 0.0139801 0.065958 0.336932
0 0.11711 0.979701 0.018622 0.0401065 0.323749
6 0.898447 0.0465207 0.201952 0.0894191 0.320329
