2 0.757395 0.77732 0.084873 0.118094 0.827111
2 0.670231 0.761998 0.0801369 0.11928 0.815521
2 0.182915 0.206253 0.0386708 0.0555439 0.759385
0 0.083147 0.508787 0.0116576 0.0590335 0.68143
2 0.280894 0.537087 0.0388935 0.0773188 0.677023
2 0.620552 0.948999 0.106442 0.0988675 0.636382
9 0.287468 0.804709 0.0298419 0.039055 0.596451
2 0.806998 0.445665 0.0646776 0.0786524 0.578109
9 0.141707 0.250667 0.0115024 0.0531776 0.540398
7 0.276565 0.893982 0.0481112 0.1139 0.501176
2 0.110383 0.156376 0.028797 0.050039 0.458032
0 0.684992 0.635304 0.0137429 0.0622252 0.435857
9 0.165899 0.353328 0.0126808 0.0398734 0.373965
9 0.735117 0.610171 0.0136847 0.040662 0.322881
0 0.36414 0.943597 0.0304751 0.093613 0.262089
9 0.58253 0.294744 0.0177999 0.0642641 0.253735
9 0.117313 0.268338 0.0144099 0.0331912 0.250414
