7 0.251277 0.659599 0.0485296 0.156412 0.864151
0 0.191417 0.423639 0.0117465 0.0538164 0.59315
0 0.773383 0.733851 0.0144032 0.0612634 0.56701
2 0.171265 0.932692 0.0884955 0.116338 0.560021
9 0.0348135 0.203338 0.016104 0.0378279 0.526025
0 0.727387 0.66431 0.0133055 0.050963 0.501966
0 0.160244 0.467575 0.0152534 0.0657722 0.434707
0 0.404714 0.281444 0.012183 0.0412033 0.395348
0 0.943885 0.593739 0.0130209 0.055117 0.371157
0 0.852329 0.780612 0.0140957 0.0707726 0.370675
0 0.83579 0.524225 0.0108984 0.0559365 0.354115
0 0.0784573 0.543299 0.0170441 0.060576 0.331855
0 0.659764 0.549034 0.0129254 0.0533602 0.308516
0 0.977022 0.598313 0.0140579 0.0589027 0.305286
0 0.873116 0.654559 0.0112427 0.0631523 0.299853
0 0.113264 0.971884 0.0154255 0.0561812 0.296122
0 0.752753 0.691326 0.0129097 0.0641627 0.28279
0 0.0938185 0.503514 0.0152428 0.0538964 0.275783
9 0.571632 0.227515 0.015518 0.0454073 0.265317
0 0.154622 0.98129 0.0179053 0.0354156 0.259394
