2 0.409187 0.365975 0.0569744 0.0624454 0.801159
2 0.274933 0.696133 0.0464059 0.0966045 0.771875
2 0.0202322 0.602416 0.0401465 0.067853 0.747319
2 0.188635 0.0906469 0.0384387 0.0480336 0.708254
0 0.12053 0.97414 0.0137737 0.05172 0.646848
9 0.142874 0.251463 0.0134839 0.0529796 0.646047
9 0.155669 0.911829 0.00931528 0.0436351 0.61568
0 0.135621 0.972025 0.015943 0.0540354 0.553934
0 0.176898 0.439874 0.0197505 0.0821302 0.493143
2 0.269024 0.91614 0.0443555 0.116324 0.477242
2 0.592658 0.382414 0.0608632 0.0553694 0.463795
0 0.133987 0.434706 0.015009 0.0603143 0.461959
9 0.117089 0.268018 0.0155076 0.0339459 0.435124
0 0.733868 0.627957 0.0141266 0.0747839 0.395713
9 0.25223 0.469916 0.0357392 0.0750007 0.392464
0 0.717403 0.63037 0.0114642 0.0602617 0.38756
9 0.582969 0.286588 0.0142624 0.0344216 0.362375
9 0.175755 0.275513 0.0285707 0.0614005 0.344648
9 0.285099 0.798079 0.0348722 0.0523919 0.341653
0 0.170202 0.461492 0.0143178 0.0601476 0.324406
2 0.251952 0.470315 0.035106 0.073465 0.316873
9 0.570961 0.226956 0.0131064 0.0452017 0.276645
0 0.807178 0.543596 0.0133301 0.0632835 0.275362
9 0.812758 0.346767 0.0117924 0.0267114 0.257925
0 0.830083 0.551574 0.013282 0.0625439 0.255166
