2 0.555351 0.536401 0.0747721 0.0852904 0.852057
2 0.249924 0.244072 0.0469316 0.069138 0.84453
2 0.0793992 0.621823 0.0909224 0.0847187 0.827749
2 0.635524 0.460227 0.077475 0.0760105 0.825898
2 0.391472 0.519505 0.0871971 0.0842656 0.778479
5 0.294075 0.20646 0.0753338 0.149905 0.747583
2 0.103382 0.114016 0.0269894 0.0424419 0.676054
2 0.226194 0.594673 0.106055 0.0838075 0.634587
0 0.47165 0.710081 0.0180147 0.0555272 0.633139
7 0.197798 0.166026 0.0526024 0.0994384 0.48815
5 0.02084 0.12048 0.0412628 0.234932 0.488144
62 0.491856 0.130692 0.119289 0.137507 0.459124
2 0.753193 0.427495 0.067143 0.10478 0.43688
5 0.533759 0.290655 0.121649 0.0883964 0.383251
0 0.513138 0.713833 0.0202655 0.0641273 0.374429
7 0.20988 0.111264 0.0483196 0.0883342 0.35086
0 0.303599 0.885659 0.0170273 0.0701019 0.333582
9 0.442868 0.863308 0.0117531 0.0380463 0.325449
0 0.262407 0.394059 0.0121315 0.0462754 0.309627
2 0.753414 0.445504 0.0660006 0.0695147 0.309299
2 0.0619644 0.15403 0.0283544 0.0442819 0.30242
2 0.2104 0.594985 0.0742737 0.0824878 0.301786
5 0.197787 0.165982 0.0523696 0.0998464 0.293485
9 0.287793 0.797476 0.0333857 0.0469404 0.275252
9 0.14203 0.250531 0.0151485 0.0481311 0.257535
9 0.0943588 0.25321 0.0103414 0.0304104 0.257469
5 0.209921 0.112868 0.0484591 0.0915425 0.253853
5 0.769608 0.260622 0.104917 0.132032 0.250729
