5 0.213392 0.392048 0.056005 0.182608 0.890284
5 0.29461 0.212059 0.0866814 0.134579 0.874318
2 0.501177 0.489712 0.075551 0.0648001 0.855512
2 0.315942 0.424464 0.0388354 0.0589294 0.844775
2 0.270759 0.268909 0.0467655 0.0576628 0.799416
2 0.228311 0.215487 0.0412701 0.0654239 0.791573
2 0.125363 0.141844 0.0323968 0.0521519 0.752159
2 0.78783 0.354373 0.060361 0.0566867 0.722383
2 0.151526 0.190959 0.0374918 0.0560894 0.696611
2 0.211341 0.278325 0.0381428 0.0451859 0.684141
2 0.238841 0.330664 0.0275202 0.0573401 0.663583
2 0.680518 0.353473 0.0756348 0.0679178 0.652936
2 0.185346 0.221667 0.0362499 0.0619658 0.628563
5 0.527903 0.290934 0.114805 0.0844476 0.607444
5 0.0223909 0.122278 0.0443092 0.242909 0.541372
5 0.749404 0.311116 0.0791756 0.0782216 0.522113
62 0.489657 0.133246 0.123784 0.147464 0.407223
2 0.105446 0.333711 0.0430354 0.0449671 0.278332
2 0.107312 0.11253 0.0220167 0.0418271 0.275757
