2 0.60377 0.470907 0.0722495 0.0813621 0.738539
2 0.245231 0.423218 0.0323184 0.0652062 0.736017
2 0.392468 0.348163 0.0564591 0.0771108 0.700901
2 0.189329 0.0889925 0.0376819 0.0454255 0.667177
9 0.145989 0.171387 0.0391724 0.0544822 0.585737
2 0.274357 0.543055 0.0368276 0.0771193 0.560796
2 0.707196 0.4152 0.0651801 0.0726954 0.512964
2 0.524636 0.384429 0.0707512 0.069056 0.497211
0 0.0907772 0.50261 0.010362 0.0536608 0.461146
9 0.287077 0.797544 0.0319888 0.0554911 0.446401
0 0.362151 0.936067 0.0258925 0.0783039 0.445186
0 0.14157 0.43506 0.0136784 0.0580059 0.424574
2 0.176458 0.304358 0.0308348 0.0637034 0.391108
9 0.142098 0.249577 0.0128247 0.0494018 0.375289
9 0.735245 0.613926 0.0172825 0.051858 0.350057
9 0.763661 0.621794 0.0112261 0.0454233 0.27975
0 0.180027 0.409264 0.00963244 0.0511876 0.27302
9 0.62561 0.25227 0.0241763 0.0745483 0.259129
9 0.11758 0.267532 0.0133042 0.0339575 0.250679
