2 0.306999 0.249905 0.0419162 0.0645166 0.81256
0 0.739493 0.70716 0.0180097 0.0680215 0.656379
0 0.317449 0.865754 0.0189286 0.0602997 0.646655
0 0.293494 0.863024 0.0211626 0.0679596 0.631756
0 0.70876 0.830201 0.0144087 0.0671639 0.575148
0 0.281617 0.399437 0.015107 0.0534314 0.503191
0 0.95078 0.728306 0.0215551 0.0618988 0.502698
0 0.50486 0.54749 0.0115904 0.054439 0.46978
0 0.793001 0.609701 0.0135055 0.0612779 0.452148
0 0.914128 0.657917 0.0151451 0.0587507 0.434413
2 0.802738 0.361825 0.0629473 0.0835679 0.423066
0 0.860084 0.642444 0.0149565 0.0622509 0.416554
0 0.594249 0.591257 0.0163376 0.0553214 0.405069
0 0.929226 0.718957 0.0163685 0.0433638 0.389568
9 0.0353234 0.201119 0.0141672 0.0353622 0.368227
0 0.945931 0.595724 0.0146179 0.054373 0.362193
0 0.656233 0.438645 0.0127069 0.0485228 0.360827
0 0.364691 0.941493 0.0320053 0.0973575 0.35102
0 0.030489 0.528972 0.0147986 0.0547818 0.347721
0 0.990747 0.517159 0.0135406 0.0563799 0.327043
0 0.819353 0.574181 0.0123482 0.0565219 0.314677
0 0.901133 0.60017 0.016795 0.0587507 0.312106
0 0.636167 0.814187 0.0157033 0.0608383 0.303905
0 0.492542 0.539981 0.0121374 0.0449167 0.296672
9 0.155575 0.912048 0.00885448 0.0410238 0.292157
7 0.802759 0.361816 0.0629356 0.0835171 0.283157
0 0.85647 0.605665 0.0155819 0.0468409 0.265363
0 0.543586 0.526209 0.0122683 0.0498167 0.262689
62 0.491114 0.126484 0.119471 0.141186 0.252145
