2 0.291368 0.669964 0.092158 0.0948858 0.821187
5 0.138287 0.0797657 0.0720388 0.115696 0.808034
2 0.171955 0.643893 0.0900949 0.0862534 0.804584
2 0.539036 0.50109 0.0724571 0.081311 0.790403
2 0.644205 0.71047 0.0722969 0.116997 0.686678
2 0.234902 0.316699 0.0397303 0.0649603 0.683299
62 0.492233 0.136525 0.117733 0.148616 0.655812
2 0.241273 0.232705 0.0426662 0.0646737 0.65192
2 0.128531 0.567017 0.0823707 0.078016 0.618917
2 0.463106 0.493352 0.0711378 0.0608882 0.514785
2 0.264527 0.190185 0.0407732 0.0592657 0.473998
9 0.289371 0.794539 0.0359092 0.0557783 0.407003
5 0.769412 0.262232 0.114331 0.131761 0.393135
9 0.155732 0.915416 0.00899148 0.0408332 0.378201
3 0.078263 0.76691 0.0463685 0.0662296 0.360824
2 0.623861 0.400588 0.0594742 0.0549283 0.353585
2 0.32789 0.276689 0.0250418 0.0354729 0.275103
