5 0.785803 0.918629 0.271841 0.159596 0.875058
5 0.157146 0.0524644 0.0682979 0.103455 0.795217
5 0.796271 0.362464 0.0773165 0.115986 0.77099
7 0.243672 0.220398 0.0602418 0.11275 0.734881
2 0.308636 0.248374 0.0445872 0.0642808 0.676705
2 0.198746 0.181017 0.0345126 0.0582403 0.525743
2 0.166082 0.135357 0.0401941 0.0553915 0.474675
62 0.492266 0.138009 0.117501 0.143006 0.452897
0 0.198322 0.657016 0.0138214 0.0571374 0.362321
0 0.539919 0.851008 0.0152055 0.0611562 0.261541
0 0.50549 0.696721 0.014933 0.052959 0.256293
