2 0.196739 0.512039 0.0766454 0.085821 0.817449
2 0.608804 0.474051 0.0737892 0.0723629 0.814311
2 0.166496 0.648216 0.0941842 0.0713508 0.805661
2 0.329637 0.611334 0.0848506 0.0926873 0.798887
2 0.795377 0.387441 0.0688951 0.0673106 0.798319
2 0.105997 0.729341 0.098312 0.11623 0.785827
9 0.288604 0.794443 0.0349647 0.0549045 0.595667
2 0.0480463 0.638121 0.0758187 0.0576214 0.579498
62 0.492817 0.132828 0.117 0.141749 0.491516
2 0.248089 0.403011 0.0305489 0.0719087 0.462108
5 0.761265 0.26417 0.0957233 0.123894 0.425468
2 0.621782 0.587335 0.0619606 0.170267 0.408316
2 0.698906 0.342125 0.0577518 0.0569075 0.369988
2 0.269502 0.201137 0.0277315 0.0507596 0.368399
5 0.621487 0.587672 0.0622175 0.170917 0.354222
0 0.0705869 0.536339 0.0156122 0.0651808 0.353757
9 0.155617 0.914558 0.00895705 0.0416453 0.310479
0 0.935585 0.868441 0.0185593 0.0593391 0.271204
0 0.76742 0.549426 0.0111486 0.0546034 0.266701
0 0.896696 0.811931 0.0167469 0.0661679 0.252981
0 0.781204 0.59404 0.011653 0.0601151 0.250563
