2 0.804664 0.947169 0.0917154 0.103583 0.708841
2 0.0894384 0.830811 0.0581782 0.0832214 0.708047
2 0.841011 0.892372 0.0884075 0.131803 0.704662
2 0.264465 0.686036 0.0467141 0.10796 0.690614
0 0.0548933 0.547039 0.0152658 0.0650862 0.683852
0 0.0695335 0.515422 0.0116422 0.0599028 0.646002
2 0.465138 0.516525 0.059865 0.0899399 0.513778
0 0.0427347 0.544971 0.0112758 0.0591866 0.497418
2 0.627882 0.377404 0.079936 0.0562396 0.496588
9 0.144149 0.260227 0.0242247 0.0685908 0.490586
62 0.491858 0.128262 0.117643 0.143505 0.38454
9 0.287225 0.795968 0.0338824 0.0547936 0.378655
0 0.765614 0.726159 0.0152018 0.0672633 0.350514
0 0.134605 0.943751 0.0169588 0.0735665 0.328009
0 0.36533 0.945773 0.0327424 0.0989775 0.325852
0 0.134933 0.455066 0.0110246 0.0547304 0.324604
9 0.73569 0.60912 0.0135519 0.0397363 0.292571
2 0.804664 0.947169 0.0917154 0.103583 0.708841
2 0.0894384 0.830811 0.0581782 0.0832214 0.708047
2 0.841011 0.892372 0.0884075 0.131803 0.704662
2 0.264465 0.686036 0.0467141 0.10796 0.690614
0 0.0548933 0.547039 0.0152658 0.0650862 0.683852
0 0.0695335 0.515422 0.0116422 0.0599028 0.646002
2 0.465138 0.516525 0.059865 0.0899399 0.513778
0 0.0427347 0.544971 0.0112758 0.0591866 0.497418
2 0.627882 0.377404 0.079936 0.0562396 0.496588
9 0.144149 0.260227 0.0242247 0.0685908 0.490586
62 0.491858 0.128262 0.117643 0.143505 0.38454
9 0.287225 0.795968 0.0338824 0.0547936 0.378655
0 0.765614 0.726159 0.0152018 0.0672633 0.350514
0 0.134605 0.943751 0.0169588 0.0735665 0.328009
0 0.36533 0.945773 0.0327424 0.0989775 0.325852
0 0.134933 0.455066 0.0110246 0.0547304 0.324604
9 0.73569 0.60912 0.0135519 0.0397363 0.292571
