5 0.078553 0.841456 0.148041 0.153066 0.677558
2 0.282323 0.90848 0.0491096 0.106111 0.617074
0 0.0589244 0.524409 0.0136336 0.0563716 0.519804
0 0.0158179 0.525471 0.0150337 0.0535937 0.4335
5 0.138461 0.247643 0.0626653 0.113708 0.391477
0 0.854245 0.576312 0.0114077 0.0470164 0.384609
0 0.15378 0.400111 0.0107203 0.0512861 0.339407
0 0.767646 0.532463 0.0124414 0.0524455 0.322631
9 0.0343435 0.201782 0.0147375 0.0372438 0.319523
0 0.755023 0.604844 0.0113273 0.0570152 0.283707
0 0.827406 0.732108 0.0112503 0.0641215 0.276691
0 0.789784 0.526635 0.0123588 0.052558 0.258875
